14593 51118
3279 16516
36049 37215
32099 28015
29257 12167
18290 40928
13435 44658
11396 20976
55303 3070
4166 3656
3906 33908
12281 31633
28658 39839
30496 55411
3479 14476
26063 7858
54988 48888
28894 34047
58879 46462
36464 16229
852 6257
20927 16352
55393 58817
44598 39055
36422 684
20380 59395
28222 44431
44119 30946
13397 30650
12157 45920
49798 39217
12677 37295
47053 18347
45083 49502
34672 32458
5696 13793
60218 42972
16362 25239
49616 47353
10329 59548
38428 12844
47401 19210
25204 55797
9117 54009
6007 10741
29872 12092
37931 8152
10459 55691
30513 17048
13239 62424
49824 28153
36435 58480
59430 10234
47820 48405
21320 52790
48521 51745
46567 34563
27461 65383
34994 55499
9359 57683
22432 64166
32088 54647
21418 21345
60590 18920
49736 16663
35383 63540
28786 59994
42505 16959
7332 15475
30022 27872
4208 59695
41348 62044
52582 4274
35094 20558
8676 48410
27654 15567
41246 53559
27870 14462
65436 15843
51857 48443
60143 37958
18727 5280
34719 20094
18302 15433
32326 48689
34439 39968
56156 49082
52351 39749
47448 38533
28747 63692
18132 3668
64687 18727
11916 18631
6176 55281
14372 6377
20034 39999
20970 37157
55334 28257
8327 23997
50433 64068
50020 274
61349 16034
32954 45699
1505 8856
15015 5857
34974 54733
44588 63069
14622 40594
38470 59294
56986 44280
20731 49455
59471 62290
426 17408
34523 18157
65613 60416
23417 58974
13948 58862
39118 19528
26072 42627
20033 11707
49010 53691
21175 50756
75 30517
42488 51826
64043 44434
2553 6006
14663 58078
47577 36357
40307 11604
31386 21708
7593 3252
31572 40482
10323 16225
11227 11162
63700 25222
9072 6931
16484 24825
16829 62369
62297 65882
21644 2447
34742 15766
55462 23560
27761 2487
26366 36040
40858 26976
52297 32151
48945 58227
57423 11095
59178 42000
15861 52665
32494 5897
29452 64419
8393 3050
44314 44559
2758 57281
30162 23660
28865 54387
943 3154
9306 41600
7717 50071
30008 33709
8835 11931
4118 15027
43310 13020
9288 22041
31196 37402
36501 18879
63625 23943
28081 33497
17343 11748
61954 20215
31851 40213
61994 53383
53355 22177
24958 7722
12364 42637
12705 23785
56499 3562
46439 7668
55520 39063
53884 51111
61214 12943
7101 41949
12900 18673
7945 54110
52773 42496
44474 33808
14323 49220
32592 15856
25113 6800
24932 26550
58801 31408
18374 30998
55297 64616
24051 50470
36510 15084
60638 35297
32743 7948
9881 41725
58083 60926
12834 53357
6631 8580
1935 63462
12225 3789
30983 53412
21799 30637
53270 2441
63654 35280
63093 13306
28017 32286
52566 16459
7686 39927
21580 53314
49673 58456
283 10999
51174 65593
34761 26668
59639 18661
37389 48930
55445 22045
63789 32134
20290 55543
24891 59211
38891 5478
28535 132
7666 60903
7990 37913
41105 21940
7493 72
6573 7888
62494 63202
65910 35823
20636 32885
7456 49828
10501 46062
24357 27887
8982 36873
8908 5962
30829 21158
52924 9167
15714 39406
32272 11760
5210 51814
10746 16119
54949 18305
41468 36630
34180 56619
26773 27637
41181 41721
31286 44910
34815 34258
51877 59339
17155 35785
39322 32235
59930 42158
41442 44779
9509 27607
1221 60267
60069 43052
13105 2081
9603 17528
27939 269
17362 62460
45746 561
9017 1256
32019 22746
48435 54155
37354 64092
20677 51484
57434 10637
39652 10162
1026 4057
39241 58351
13578 16177
17602 46268
34665 49333
15130 46920
14030 50693
20375 23225
35698 1106
36931 16354
27608 60647
44943 48560
26686 25296
34601 58272
64033 1228
32915 29036
6659 2593
12098 36849
55519 46901
36266 25102
5779 11793
465 39739
43720 28987
17147 30705
34336 64725
21179 47580
57913 4823
56058 36800
1268 64598
14664 27406
9863 936
19537 25702
4723 51916
48394 14542
19411 36353
56334 65579
16705 64752
5483 22345
40405 25398
47796 23007
5230 8567
46899 16810
27536 8527
32707 16703
13474 34030
46358 29880
53265 35957
20258 25147
31030 3031
21300 33151
23207 59498
54041 257
3249 55983
23510 6798
43541 42337
53965 56695
32528 53331
34971 35919
20867 15954
14169 61157
50141 64956
5076 47379
61695 5698
29155 29432
26159 6156
60333 36430
45831 55059
40002 58834
29832 41451
29220 677
3102 51362
25314 25508
52228 43871
43026 10723
36518 3326
9100 29574
36586 55551
46026 9758
52387 32766
43405 25806
3618 21559
15119 43153
34238 40738
23406 8238
34796 12679
5015 3654
14209 62911
56960 56617
45310 3149
41115 43818
57200 32822
15158 32395
50489 14135
24915 62073
33387 31243
5818 44670
57155 7135
222 43725
25826 31031
47740 9557
56532 57479
9172 12540
43280 58518
41146 16362
16335 11212
39364 7955
40539 4371
53529 49466
42754 41063
52744 8524
38753 16717
16684 8127
25145 57924
55109 7182
49696 39515
22811 56603
39447 8624
53226 13347
54 7313
39830 6843
37607 38656
27550 49999
56347 52650
42238 12561
60947 53885
57906 30555
57955 1391
28011 59430
62022 50322
22242 60845
11115 56113
37197 13275
43934 44515
12241 3405
30785 59517
40688 43018
29445 25229
26101 14157
19314 13460
3202 1611
6058 8854
32093 25378
62278 16513
9546 33592
59693 46582
54322 55183
25486 63098
50329 58278
64800 24370
52384 31871
31980 18046
19343 5777
727 7929
13971 16736
55725 40851
28684 57128
23054 46891
60890 40789
6583 19088
32663 19322
15907 61542
59830 40459
17478 44945
60902 38151
41589 48344
58009 1060
55934 18954
58447 7513
20862 31115
62217 7158
58992 55321
33973 45065
32407 25613
36348 26264
63518 26380
31359 8966
35993 44768
57655 24820
10156 62355
37451 61264
30736 43404
35615 43996
44021 39274
41905 54880
10562 43073
18137 21271
19770 13743
30312 59547
50206 5531
20029 65003
28044 28758
8419 485
54378 29233
53425 30183
43370 61150
61070 27937
54497 31329
8162 63013
27111 43453
55070 49272
51050 26912
2561 52470
49858 24150
62519 882
773 47556
46106 1297
39140 9665
51117 46909
54922 3935
28907 15099
63994 18665
28761 38087
35775 57726
57126 25481
63655 47175
3805 5755
50969 3891
44058 26100
52995 25930
21633 37238
61262 22826
16729 28698
3535 34341
51646 22844
3553 44541
11004 32240
56180 23402
17787 25689
60516 2818
23820 23079
6591 34314
34100 13264
49690 2752
42907 17989
27743 49667
59599 14545
42841 44353
44237 27557
49693 39987
36472 59796
55256 31477
33066 48450
10736 48805
61645 22461
2541 56849
6827 8570
45871 15532
29390 18932
8994 17144
5277 24857
4068 25125
32412 49571
26131 49055
2672 41675
19974 56301
31267 32054
16545 6055
62071 24786
14994 38560
28570 19473
60953 42950
33587 32398
48352 6981
21993 36710
15013 16576
21466 64093
40769 27426
3366 10671
40889 61692
49193 8504
51991 21946
25996 50872
9962 49056
31831 65351
13357 60853
39530 23462
15867 42183
5384 49006
45509 63347
56149 64854
48572 62097
9039 35172
44726 52553
1659 4798
55058 27159
64252 28774
13834 26608
56823 59256
47473 30722
60259 51892
20053 28652
57081 40108
23087 55709
35401 49426
63373 20606
60932 49035
57092 33362
35180 11110
42246 17607
32178 11014
11360 38673
36560 58263
59088 46082
31964 30170
60911 5393
49675 60982
44093 44090
3762 55851
64790 59134
42601 61283
23835 56690
63905 53603
27803 48171
46508 65214
33863 41553
44609 35786
36656 50119
36212 3240
1331 23537
25043 57893
11222 30644
31636 34816
53272 9947
64039 47068
31500 10803
62403 38604
64333 65768
58744 10245
2261 36232
12197 29851
38567 12899
29046 15544
53006 9352
31891 47217
40136 5018
48369 26255
62032 43747
45057 25775
55772 43155
43358 32772
46113 39678
59474 35975
35510 24988
40190 18071
32952 34228
30218 1119
15815 39253
25243 36943
41360 45434
15671 52929
24268 53184
25106 1559
28362 61867
63465 19567
36242 52102
37094 29830
13177 29744
25444 27509
38830 62186
29817 30635
47302 61439
23520 60477
39619 44651
1855 11256
16592 41036
35955 24622
5966 56203
7147 54748
38291 27471
16552 57499
64341 58979
13447 3946
1608 49113
37269 18213
61525 16823
62747 40052
57734 1269
44658 65510
24165 46487
6735 44542
33093 29556
62617 54939
14954 55800
8565 52871
52522 39275
64455 42740
9711 3047
7027 4222
19888 18237
19556 20145
39825 43287
11165 51235
32531 49981
15526 26766
54549 51202
29582 8351
49857 50651
59050 24686
58029 62231
38975 14240
56208 43102
40027 59184
7895 39931
13007 12222
27236 22469
27660 13673
34688 23284
10642 4203
20586 64044
31440 3518
22783 24471
9839 26084
20518 9109
351 50580
53546 37201
59049 26987
61593 30545
38176 38156
4279 9173
30341 59594
37763 7531
37057 48320
59511 1448
9330 22522
30596 42831
34676 53853
25929 51263
55724 20583
15044 14516
29467 16927
19529 54843
34817 62686
18644 9013
9360 50987
7817 27064
21748 17031
40320 26959
37829 40601
57561 56650
16300 20812
61434 40674
39858 26605
52758 65861
35684 60157
65598 36103
64723 26438
57378 976
10544 18703
5225 58423
56627 8385
42248 52329
32817 32354
3391 43109
11971 64351
30006 60320
2720 5123
35326 11942
5274 37738
22963 59810
61670 45454
57964 38988
36459 51261
23789 22955
57133 54402
64452 32655
11960 23538
61606 56634
45608 60009
53524 50419
43688 24045
42082 12522
13711 51584
21080 5724
43229 31418
53956 20701
64943 35885
37778 38259
52489 8749
4810 28477
59615 64683
11543 53908
41225 15890
33083 48331
42373 10032
15195 13792
52977 42732
151 53753
60553 59106
54166 21606
7105 33131
24587 27181
47420 5851
65339 60578
57940 3502
6765 9594
26681 60543
35004 49959
17173 45044
37753 52343
57425 51993
63533 4952
15916 1408
3784 32848
31366 15032
20759 17889
40731 42876
1793 60850
53477 63539
12218 60471
14872 8944
60483 10820
15397 31758
20182 57374
65324 18384
38255 61708
35839 36588
54460 21151
63243 22360
61895 2368
31947 13175
59872 23231
18959 38555
50278 16273
24984 51230
17893 22080
9151 10170
36209 1470
54388 35816
44549 20120
35019 57758
337 46936
37073 23323
39133 28400
64179 4515
19477 28334
58530 57942
63484 6260
45237 13474
43574 51200
49442 40413
59683 58195
42177 6871
24728 612
31301 6379
50197 26443
30614 32729
53842 49106
5721 31266
41705 26213
49969 11979
50605 2103
19937 55271
64924 3663
4853 1909
16548 44187
65837 25186
43516 8281
13155 28911
57712 12662
13070 22005
59891 21896
2012 5769
18895 54485
53737 14115
20233 42880
9808 42295
61538 24845
34738 27148
44376 51782
52099 56084
10528 15835
43066 30463
49809 28021
41506 13879
63957 46738
4706 42385
8969 22757
30772 1966
37668 52710
29818 1571
11847 51012
56882 27888
12904 60133
13174 28849
58154 8653
21806 36498
39252 48363
3795 5760
6029 8826
42517 28648
7356 53884
38453 39523
46985 65481
49132 13345
56451 22474
19081 33023
32008 12419
54009 42514
23601 50931
22281 17424
22947 43523
10351 22981
31567 41677
65231 63194
18759 8850
30434 43923
60444 2314
33290 58840
60237 30465
33467 65985
1232 1743
60982 30489
37701 2781
20707 16261
9682 30985
57899 56165
45294 31923
39211 10406
55616 7855
32781 18030
59879 49090
39600 65370
26112 38878
50423 26479
63336 19880
13980 49251
31092 26790
49987 4969
47050 31204
38781 58161
38697 43083
2876 17599
51880 36455
35977 41621
1062 5192
6429 54381
65108 37809
37513 3106
30163 30017
46180 43421
28706 44923
24921 31753
32851 26977
17928 7088
12736 32551
5168 29157
40493 50003
57780 24058
4374 57982
47824 793
17225 8470
11814 64441
38681 9174
42824 25227
54461 6830
23022 18551
26319 26768
17323 16458
47954 12028
65772 22765
35721 26788
21568 30974
33682 10246
63157 55869
38685 61221
44397 40825
15096 21517
61386 25892
9870 32103
18450 55577
29572 23126
52090 32633
47943 39729
11837 58756
51718 26399
1825 35634
34664 10488
16200 47132
59610 52199
48312 49509
34363 21990
49942 61698
48690 57853
14202 55404
30648 56811
61798 20432
3281 63177
42993 2597
29016 49994
8286 56020
60853 10910
39609 39352
53517 20028
15293 23030
18321 33724
5944 49867
4878 60772
39894 40089
64570 59455
15221 37123
12740 49172
30776 63026
17782 9430
50941 43678
59460 17912
48630 61507
54936 25653
20254 20281
54380 24855
12979 548
64140 1683
53493 65628
36667 64416
4289 53026
48567 54503
28478 51728
58116 48909
58288 50337
30948 64167
47538 40346
13023 9337
48148 53581
47013 5090
7937 16316
52185 50440
36161 21282
24879 25458
16012 57187
59601 33458
12016 45689
27802 64045
2800 48259
6630 7564
43714 50507
31926 55580
16506 32348
26897 31766
8993 62617
27153 4523
28306 47372
30540 3704
43065 19384
19341 34254
372 59700
36343 19316
18965 33331
17039 32430
32854 21159
22872 1618
14409 15301
3380 12099
17276 50378
1948 52123
46956 10532
31187 24750
42438 55437
2069 21735
22839 55951
34783 33145
6869 39613
16615 65621
55177 50173
14897 40368
8331 53951
62423 11649
58757 14323
47454 45141
14294 18706
59246 35262
29039 27463
5684 52163
39536 40384
60037 842
4083 22073
7973 64452
62782 207
52641 12698
55873 9155
14151 54768
64261 54637
58139 37794
9633 56486
10590 22366
42220 23122
19443 49107
8610 24432
16541 17608
36047 25955
42623 63763
49926 23854
38653 65879
59470 14450
56388 59070
13000 27863
14997 24332
28184 26338
56371 7731
59187 23951
29950 25151
54240 33994
44425 53582
59442 57768
52263 14313
54525 21775
12464 10461
40967 38421
55937 11234
40964 49510
33409 16343
49061 36276
20007 8424
62164 44847
8800 3889
11958 30774
11189 62639
12220 63596
56607 13214
12657 1247
48844 8003
17055 34876
7862 948
43208 5487
16022 12694
53846 27666
46347 952
55436 49240
6744 34844
40954 62028
46091 44176
13580 56290
27885 44113
20281 48600
63202 44968
29393 41318
14185 31405
45891 47345
48177 52229
15059 49603
36513 7503
29644 46666
56245 43288
3442 13131
35055 405
23648 59890
35819 52666
40500 18202
44542 3366
46010 16109
801 36631
23778 32577
18777 48291
52532 59234
9121 62286
18596 54150
4019 24634
12027 411
28198 42230
49309 2180
55029 47213
59461 5998
44682 42668
20632 58237
48504 30613
40847 63510
42518 52451
11136 10666
6896 45657
20393 56088
20633 62407
6523 13167
10694 50445
35666 38518
58080 25570
55577 18765
63657 4161
54288 16760
35805 65265
28256 11416
14919 39499
45243 61185
56350 22028
14535 58496
37126 15163
63784 63199
40426 31576
5953 31898
28904 27741
51808 22339
7181 11723
1008 13825
26795 57003
39508 3831
27687 21003
17988 42796
33492 50265
37939 36748
43008 28886
15727 33768
1014 62430
65194 16135
56447 17794
23029 64483
16933 11855
49835 43621
65571 29335
46422 8477
9448 44988
52045 49416
5545 50024
57177 57274
2457 30588
60261 29302
10206 33960
41034 15164
56268 38139
53009 11493
54748 14600
37948 11684
15097 44596
53089 24663
2734 15219
42569 48201
22528 16701
60306 41075
47429 49833
11552 221
57241 8112
13876 24886
31892 50876
57105 55536
52488 41897
10309 47845
51874 16556
40669 29117
44501 13971
29042 51815
43656 1205
22038 60373
10012 41410
14946 18967
25416 38906
45794 28693
46020 65515
19359 59741
30969 19324
13475 37145
19195 19120
33551 4502
25857 41962
22741 40488
20037 65848
9877 16183
23219 35842
64765 62690
60812 28273
58839 64884
42364 38207
41437 49376
19787 7709
57641 43666
8951 20015
61463 27606
57962 29501
39692 6890
36003 23465
7363 63899
46130 51356
9725 39204
40686 20866
60522 2827
59234 51418
4930 44226
7457 55370
48332 62053
37628 45654
10058 51297
11836 51258
50395 9415
60649 37099
5377 37011
58948 25572
24673 51613
42144 12756
62342 17158
65716 42392
19774 7095
8110 39856
59051 59970
13567 21456
45016 18031
11054 57919
22618 63235
5131 38153
32473 18983
57596 27495
20808 28592
47697 25645
48871 1198
37080 47478
50780 13363
53579 19347
44351 49356
6864 22050
43864 7384
8640 12590
43214 46608
12388 62112
50668 23545
37244 6878
33030 15381
19710 44367
43695 56862
10683 19474
18538 52953
45852 32113
40663 4456
51375 15572
16902 31570
11105 51990
40578 64046
49373 39675
43055 22609
16751 49201
12250 11746
55497 60775
47426 50083
2390 36074
47527 58343
40484 48146
23628 1521
28075 15729
44792 15287
63737 10832
25167 15998
29694 64123
18031 29483
20309 3019
10115 62849
38771 35878
13257 12394
4948 23737
44141 50327
17177 63464
49378 56841
20219 39108
21267 16415
23704 13034
21698 42629
57367 8323
5727 24234
53853 53128
47750 2589
31134 51616
58223 64037
37347 8380
58842 16265
30672 27193
31349 15379
40563 23681
61475 23585
25431 698
48214 58620
57750 41196
60514 16128
36933 5131
50053 16885
65917 27031
54875 21131
21242 11511
26175 33655
18141 4589
32769 11091
6840 16347
62992 39136
48656 47653
16342 22493
37364 55451
10994 12
21013 39401
35756 6052
58894 38457
57341 58317
12022 18332
29103 64284
59131 41018
45821 46153
3496 27505
54382 12978
6981 5864
51965 31078
65800 4815
49016 24652
30904 18569
50616 39284
10697 28209
49141 17591
29431 28317
3695 47064
41771 36359
12988 16842
43948 55315
19143 9747
18036 33420
5021 34168
37602 50041
61926 21407
18192 52437
61488 59778
58800 10913
689 33316
10385 55751
2491 18776
33545 26708
28267 9249
19598 35311
55477 25249
14574 48778
31148 21502
39473 55010
15971 20119
6259 41466
31253 56837
55028 49669
59915 3397
8233 32441
14531 35406
65514 16335
2155 14417
31712 53318
18819 8646
38178 43170
56262 11663
206 43715
46245 19180
31532 29592
54601 35868
24552 1293
47266 12839
8871 49435
2666 29128
51178 49629
61622 13763
5707 16188
50710 23034
48930 40181
33247 64176
2129 12523
46806 45732
8856 36962
45194 35528
31605 12985
13588 6287
43584 22381
17487 41681
5812 51061
46177 23682
44375 45243
22950 52777
60900 62504
62723 16722
23892 33956
17676 1245
8271 20381
59989 16564
4848 18701
38463 49651
26423 35045
5742 6930
26145 48517
5493 32652
41366 54821
40643 60004
52197 24000
62050 57536
33203 46400
4800 61429
25049 65829
37502 37595
46790 36153
6266 56069
43507 29985
35812 40002
16316 11396
48238 40064
57273 53283
52432 40992
57638 11815
50679 10417
44439 10053
24487 31463
65039 12273
65212 21642
48149 7526
34960 11087
10829 37468
55641 64599
10346 1402
56441 55573
23653 17882
38505 62870
42102 65249
13448 16344
10495 53146
42982 1822
38751 24928
40174 956
58448 55703
55852 45228
21843 32012
58184 5552
46078 58806
58607 22090
5552 22914
46211 9847
57009 48111
35987 17475
7519 46307
9836 6673
53243 55408
47620 64948
4082 49689
18715 22346
57433 48928
4562 14842
16546 44297
8813 32738
30933 15449
48016 38020
47468 39214
50182 63325
4245 38476
20112 34702
58973 27927
48624 293
48761 51593
58189 28504
10078 39954
18048 4644
48097 60694
52172 63999
41208 7537
36529 46629
32718 773
14870 60340
3397 43064
24386 39106
65411 46386
50724 14047
15436 676
34312 45839
34117 24401
58494 52700
28125 46470
37432 1162
64383 13283
26238 56467
16075 64494
17791 25893
9707 11108
59251 20148
22631 53834
58342 16233
11507 63887
41890 906
45538 20399
8512 32786
38059 29635
39316 61696
20645 51821
22819 49062
47382 39228
29392 47776
15908 56144
26343 23879
18203 35322
64753 14247
3446 57485
47304 57588
48354 21212
61264 18334
17010 46366
11301 56881
8618 762
40540 47086
52188 26014
62740 14506
53844 24847
53666 37343
9667 5277
16427 17522
41554 51714
9721 55189
58980 43413
61058 4143
45157 21013
16822 26083
23851 62823
16913 34839
56705 15571
65912 55194
7264 64104
16275 16704
20057 42584
39863 52413
21582 65780
21230 50968
42292 17226
29553 14383
45354 14140
37231 2773
10337 16532
32848 20388
25730 45105
35973 65537
16407 1789
12246 31000
65874 6821
22104 44846
20211 56318
22440 1053
44253 56929
5400 62940
3719 37941
10647 36992
5959 10829
34689 56224
27632 32473
54603 19988
3970 24493
65279 32699
37968 36850
39597 15076
63301 34542
32097 32422
53228 56251
38986 26007
59447 62115
9565 13509
7853 65842
20720 23749
57620 24730
54477 19494
63472 30066
60876 15790
26742 17341
44590 52597
18831 5029
40971 35896
41854 25190
45269 19164
52261 55877
17140 2315
48568 26168
13918 11920
41828 6679
31686 49854
61142 53386
16060 40167
35059 30334
58930 29069
32496 44064
18466 55847
12690 62810
6633 8042
38039 55978
50352 6771
54806 39884
32542 14426
20933 35291
42918 47655
40989 36774
24882 46010
20886 54798
65309 32371
61187 41923
65374 6234
40442 23823
65192 5360
3038 71
11803 6833
51544 27785
59931 37398
31553 61874
28200 36722
46255 13208
6378 56480
6625 24228
36878 33065
64867 64394
61681 47656
37454 43816
1072 39893
14090 14619
56483 12700
17556 1791
47944 17080
52856 47261
47965 47368
5931 48706
52506 31229
6706 36169
25514 27530
47517 50339
37828 11434
9638 13942
50640 17103
59029 15776
36664 5380
15573 24961
16865 25288
12673 58428
51630 12929
48916 9815
44445 39516
47921 62155
18910 26477
26091 20143
52611 5743
65547 16756
5939 25128
5101 54816
17962 33100
43653 45527
62095 47974
59899 58784
19522 15392
18322 57164
42988 8875
41751 63285
51506 54920
39222 2868
44090 21881
64206 35934
39295 16900
62246 37966
2181 5957
48282 7969
43417 24929
14367 52101
54597 64885
40328 9829
3493 21695
62206 57377
34804 50352
29825 51151
6732 52541
62974 35586
22350 27123
49833 24126
19370 472
31746 20972
4139 28549
14405 59696
25007 33926
2483 39769
57808 28880
41117 38845
54891 35195
19849 15612
54128 22428
26725 29351
53789 5979
65775 31224
61815 38253
8164 5124
18099 19417
27177 36407
42605 17429
62702 35447
49392 6753
41125 32638
22700 27522
60250 15229
44870 184
46438 45543
34651 48381
63463 42541
25201 10912
32312 34609
36570 17513
39125 53523
29474 38653
39009 42551
37881 7506
27169 1365
64095 46594
41556 28742
62889 36660
45719 23166
35843 33553
37722 2050
15975 13952
49768 50068
51713 33731
45238 27022
19199 57959
38071 28920
5514 42502
10359 35232
45399 26729
57984 51835
33613 20401
62794 58466
28048 30373
26486 56873
35538 48319
35602 19443
17993 62785
14317 12281
31364 65007
31780 23792
6654 60214
29580 24252
30519 23084
6881 24755
13134 64294
54173 23647
43293 36969
61919 2759
13179 40654
18019 21355
680 23296
20702 51669
53335 9104
62351 18812
62581 9444
26144 55889
37650 32146
42097 59641
37410 52758
7755 13138
11726 17996
30438 1546
4889 13072
54774 49529
23041 50331
4764 2716
52035 14423
64931 1777
24421 5734
37942 17325
4911 10958
1215 35083
39111 18696
14065 1770
43915 1232
37299 13939
59553 44354
64739 11137
17590 26519
61345 18250
35762 62971
25273 58239
14765 21384
43344 40290
21299 43484
60151 62772
33721 20253
24406 31957
1847 7324
44186 35057
38670 16132
25319 2780
23003 5837
53149 13477
56060 38895
42983 13444
11369 54433
52539 18591
12503 159
24220 29402
18431 3146
42416 29711
32513 55986
896 50513
34182 19317
50276 46310
30871 37598
58555 29608
34996 50430
43205 14734
39577 64464
1499 22225
34283 14436
47128 29429
30973 13335
8143 36938
15496 46834
61001 10000
40214 43742
20935 15513
53139 47251
65867 11116
40761 5682
15390 19806
38672 23340
48175 56182
28948 43889
28722 23772
17508 55738
62677 19690
20079 39527
59635 37619
48972 45664
54506 13622
61713 35533
28628 65438
32436 34787
10731 10010
58557 286
10238 19483
14708 19214
8095 41977
26498 19370
19642 51197
21567 58550
15236 62710
26923 8823
64072 14833
11920 56028
58391 36501
7293 18962
59433 11856
17295 42344
54451 23839
59874 50466
7568 46218
60605 41854
40393 64777
2854 55553
51898 63084
33353 54257
396 43708
28561 18117
9573 32232
5937 50225
55535 54875
45159 65157
8358 64567
7898 30162
9047 50414
61876 10960
4160 55292
37630 28749
53592 11437
23591 30828
17751 47410
55098 376
49082 26645
50133 2249
58791 47501
49480 62119
49237 17511
10519 14439
17432 7809
45583 45790
15550 47299
23393 18265
51519 38627
16692 60345
29189 18893
456 55192
2980 31785
39108 27622
60687 29438
55592 7323
49713 18062
30103 15367
32442 18754
60376 49475
45372 3454
20333 55668
36130 48718
24705 7089
14791 13895
4223 9670
54951 62499
2051 20733
31545 3957
27012 19253
8820 47874
13225 18518
4401 10354
58516 32119
6381 10102
32078 1636
5799 54591
52726 19624
57536 23911
30716 61574
7399 18365
18368 39258
37915 61629
30693 53940
41800 44216
42031 58193
31052 1732
39553 37588
18778 14584
28973 20433
54207 7865
39388 4210
36065 22752
22956 65968
55995 21018
64963 1425
6146 51956
45144 55525
49959 59546
41778 33824
54569 65782
53512 40113
19559 29795
39307 55532
49344 20553
24102 35629
62066 12051
31585 49488
29537 16402
39419 27770
18921 52482
60690 7340
7553 51419
54091 24078
54593 10120
17576 61399
50911 62576
31832 41051
33423 53098
26652 49869
43289 21604
10364 7166
58955 48691
48638 55604
12120 25524
24967 35379
6756 14209
35188 13684
49437 10199
5184 47541
9540 43971
24663 3677
28445 31396
62836 36990
27380 21334
43643 13955
39740 8562
2010 27776
27763 1439
24907 40517
15377 24608
62774 26441
31798 4243
26806 31502
51988 35281
31370 11147
42155 5882
37102 63414
49895 5988
61113 6298
47089 41233
34284 12218
47140 40450
65180 1112
61081 46747
12925 37016
41974 52185
26625 65565
48590 25544
41016 41219
54255 51203
5993 46641
29003 16977
19127 12764
2126 43427
34181 53384
54733 13239
38692 65822
19977 19686
25716 3105
43237 50085
30150 62516
49787 4904
32209 38027
65445 21132
44246 19863
33729 60701
64045 10323
64304 12228
60402 30353
22051 28266
46161 18464
22186 21109
18345 65749
64005 44750
24124 58653
7699 17197
4434 44437
9743 38122
6359 47228
837 5245
54054 50808
18022 31341
30335 27371
8909 9831
19796 19976
1199 65212
28669 12768
59771 1959
48917 18694
7924 40573
63335 11426
63945 65394
2062 12336
867 59613
53915 41120
1554 22246
2193 38746
36011 21165
37577 8935
2247 36716
65827 47623
56437 46317
23497 11696
14027 9324
12625 23487
19517 60391
25157 33810
33085 62032
46458 33558
35039 57940
52023 18409
10358 16249
48897 63998
53219 5190
60162 47642
31878 37569
29604 52552
39319 53613
10567 16907
4153 57781
12256 48069
53121 41111
49711 48980
62391 10944
1239 54159
22464 58995
10838 34450
65518 5594
56874 7479
43421 32089
12500 1042
5578 20259
30116 13802
27711 38098
62325 49260
35533 20737
6103 52335
9745 9566
36750 29236
4313 50886
23509 60592
41221 12256
2053 45736
18900 61064
52206 61406
10085 60930
39227 14303
21293 11249
31520 23629
51008 14202
43481 52029
50312 56770
18344 26146
10280 52629
65640 43087
45333 8451
7039 41588
12804 44883
57291 63740
30428 27871
9964 62420
44643 14985
51997 36488
42779 59583
3884 20414
35826 61600
59055 19073
64305 27980
29903 41968
46637 4106
49208 49845
56604 8179
24346 47382
49817 56376
11233 62051
38716 27974
32303 27721
9635 3008
10753 55434
35124 35370
20215 33040
49808 23083
20222 10957
51069 18578
41508 9078
47278 35902
13966 53094
11996 10710
681 39104
40406 59169
58293 55014
47176 28064
35359 34007
13400 24128
17368 7045
11443 12117
24562 56169
56490 44830
58831 38916
53484 21566
13539 26032
3443 45781
11747 54933
46389 63128
12199 62325
42524 21062
50494 57251
1618 46491
38254 51006
54239 1302
50830 26026
11102 18956
31817 42433
22228 41487
49904 1860
22217 19728
18199 60118
35248 19332
39470 65464
35181 41473
64635 14891
19128 53266
8293 34447
21917 482
56974 59056
36171 16479
55195 58895
39290 12773
63470 4783
10083 28656
47334 24597
32991 55074
32322 21772
64986 28330
25631 45625
60013 25056
14022 1884
17759 48531
39933 47684
888 2123
51865 39577
43545 40235
49793 65810
43194 16351
57701 65423
43875 59769
56442 54271
17843 53791
39379 46102
26327 46166
62785 55817
23284 44018
52199 14861
41831 23045
38201 60139
64358 56150
31776 48906
42715 23187
49291 21320
36740 57132
51503 50013
47844 37360
14928 57344
26189 37126
23584 13006
3528 11485
60506 13607
27480 11750
57470 2154
38186 13589
9065 65065
53628 13069
18243 58210
39693 65977
31723 4278
33120 37999
20204 55135
55461 27771
49413 29214
9695 59590
58861 49949
62815 15008
52535 25633
54828 61549
4819 16311
47125 45956
11139 60811
14336 54125
32537 51880
46532 997
21803 29352
5807 37173
52379 35077
43464 34669
56421 40292
13887 54358
1383 31662
33914 545
29099 54337
28972 4283
58430 2036
49037 3441
51267 20104
60695 49075
19759 41612
45216 43921
3220 22337
63278 56364
13704 31698
38723 25253
54523 51553
11254 6761
15214 56244
18570 16892
45657 51173
40881 22770
44967 52838
59682 41698
27115 20768
63299 57332
45653 30274
62412 13052
12796 16559
57432 15516
59304 51382
41801 34109
8805 20848
39357 42259
5857 12224
15085 12225
2961 3361
44968 57334
14335 1513
21543 20061
31971 3647
22866 10325
20990 50123
43384 3315
55886 17112
60563 59469
30390 46940
53091 24453
24177 31421
24431 29066
56641 38919
51850 25406
3827 49560
25864 34142
58927 6783
56303 36041
50966 10875
584 18845
28154 3034
26973 13556
36484 14541
8201 60179
13337 16081
24506 14035
47946 37023
42728 23676
25831 12161
59973 10143
14937 64782
34388 47370
64158 27260
41079 51223
50940 13196
51452 64362
14973 2878
45604 54231
46136 9644
22614 63769
38987 10003
11109 27564
17557 55039
41050 49186
15449 41103
31271 59098
15329 21117
23993 23568
18529 39159
50917 1330
54820 23420
18071 4123
50294 15363
55449 44933
24348 63428
22707 658
21872 20761
37859 33358
18389 15938
24524 25277
41233 3874
59114 3020
47060 19969
1257 28352
63519 47827
17896 15046
25576 28438
50325 3867
64877 42932
53627 18162
54478 28805
58177 10938
64055 16592
21923 35074
10836 35871
4045 63121
28906 26115
38285 12055
4286 45686
36026 38578
29471 61217
37837 64986
22048 57156
59943 52422
64922 25305
14839 32781
14970 22671
35113 25937
48086 36843
5454 51489
57851 13487
28645 40841
55726 21713
13424 26979
32445 63942
39022 56816
4225 58479
34448 55541
45689 35609
11402 41780
57550 14098
15387 50207
31057 56271
27510 26178
45958 46258
56121 49016
21756 58905
18250 21922
27083 4425
27125 33170
7781 53715
45983 38467
36843 46171
22070 52207
42422 3925
38357 15028
37924 23581
35042 56281
12482 24369
17772 32155
53949 9522
7771 28205
36350 48715
16632 48755
17393 19011
32726 41216
19169 16031
42218 1263
32448 41759
51473 1429
64155 43106
18635 28020
35222 60998
54294 42148
49175 30494
59244 8682
9899 50541
12203 37174
52803 27811
36468 13490
48375 36445
59598 9808
63969 55280
42899 57044
325 41653
12209 41959
60090 25972
46953 25838
8301 6510
52130 64741
28552 65360
56315 6134
27768 35969
64844 55213
35198 15632
42319 16266
37172 59348
44271 22432
17118 42845
63615 50182
45055 30989
6346 2788
6022 37361
13052 2338
60239 610
2135 60526
16285 37273
20708 17179
57841 52798
59837 4851
89 5128
56073 44223
26519 2133
17291 61590
39567 12468
20838 54406
35917 39453
12235 36003
47243 41575
32820 45328
10804 52474
48739 10456
21696 41049
6788 64726
51950 6170
40044 51555
30690 39118
56261 64663
11954 15914
12476 49009
143 13467
27974 3839
62497 29363
10216 6270
17394 1363
29648 18185
58336 13781
1218 42318
1057 57106
45033 29668
15807 22308
55354 11537
17325 48350
62614 648
9284 6881
30009 34038
50210 5647
11709 14524
13426 6292
13527 9836
41072 34568
48178 43166
39224 49750
17974 35378
50165 22327
17452 18057
18725 60385
8967 15716
1111 16553
21512 41856
57685 19399
46031 54172
27926 58561
19841 16040
53964 31526
57985 62643
28475 64239
11363 36772
13169 42194
18352 63270
16143 29601
50336 12033
46077 34579
56281 38829
41223 10853
18328 46270
32478 31769
36303 10226
11043 9850
37346 64829
3516 7900
39538 27850
26929 1721
24727 61362
51348 50471
38738 24631
7153 63917
31371 13702
64866 44624
50579 27350
14778 41073
31600 40872
65482 59510
9308 20185
1582 13850
47330 28677
41481 47664
17300 50539
50704 59302
55164 26611
47896 52456
22646 24636
61737 8997
9568 36417
2188 55456
8852 21522
1808 40259
34366 13378
28278 19306
5221 60419
7926 14048
52164 14445
37551 31532
65674 2175
54452 60405
52728 24515
20013 34965
36369 3747
10958 62422
40621 59329
26634 46132
20366 34810
42828 15510
51214 11019
8666 46456
40655 56555
57343 27796
31279 19743
7590 52027
32045 65824
56949 56473
15203 43744
59425 6968
7213 57848
23023 35729
15656 48468
1661 12821
17985 6441
1488 50138
21474 55390
65066 25420
45444 38536
33981 24832
21885 52782
48742 23154
16638 36167
35228 64700
15474 56829
3848 14312
43911 6537
56273 32630
35650 14560
8372 28781
34466 15098
10102 6965
65032 4678
59664 34889
47203 31296
7267 8631
65485 13243
21874 36106
48194 29684
20619 53027
33439 51369
13488 51497
15118 13279
29938 28822
5773 35163
1611 64904
32054 26963
6027 22418
61836 26684
47708 45565
50198 37748
19672 37746
23457 408
4636 12353
54968 24259
29428 65961
42180 62490
32541 40020
54560 31277
41935 22313
35555 41303
10209 21843
48865 24556
15651 43537
65804 59667
6904 1670
23508 62207
29254 56089
6020 43786
52551 2730
9035 23268
60961 34582
37003 10090
40724 22378
42900 1276
11323 46157
59867 62106
1045 64004
48355 32442
26303 61941
38220 14338
39835 5922
31796 2280
60808 29923
48271 65949
64666 21929
25615 19213
32130 12309
19736 13107
836 39925
53745 43998
3134 59326
45407 64313
1258 45978
43912 63766
192 33232
49320 47749
13625 60130
26896 1778
31218 46220
55027 39471
64492 63486
7851 14780
18662 35382
36678 2717
12194 19386
5755 53782
30340 28870
54141 18565
48824 46819
60092 65252
11129 4051
12528 32030
17500 56456
51689 47110
9809 27042
57015 11702
17133 25408
31035 49517
38231 14147
34209 35904
41289 58887
42763 22932
41689 34775
59344 45724
35646 43411
30620 51253
9790 54696
26570 36209
17841 40544
14284 24979
20370 5388
13849 44994
21545 16117
58926 56815
61087 59642
41161 45482
53283 37803
15826 14443
46962 1093
27216 65396
40411 19285
60732 61122
34736 19691
15718 37983
11852 21314
20659 39800
39875 63810
5287 37783
42965 38631
19442 2044
11956 59489
32535 5368
46628 28486
51937 37096
6417 16179
39170 6973
34101 64012
22790 40085
4074 668
53005 56404
59271 85
32749 6541
12416 32956
60561 18052
13358 45904
18323 37129
15920 65798
1568 20322
8084 11273
29136 35478
17134 18697
25970 25786
48791 56630
11016 10580
33925 38117
9829 28687
2858 4213
8451 62021
25920 46483
58122 32602
16881 50626
12056 55387
43457 52313
5597 12864
60424 34244
6638 39587
22019 40729
56775 22716
51774 57124
65029 42269
3865 18243
50166 26150
55924 32771
22651 17786
46393 54567
28144 26152
24531 39461
36043 39977
36682 11220
58460 38973
19482 60445
4542 24035
32216 49279
65391 57265
54001 12589
62788 18168
7993 57921
11498 41060
36671 46866
50203 61392
54950 46425
32657 56056
2560 61152
50135 55117
47070 53774
62874 60462
63528 3628
45094 3464
65850 55171
42154 11591
50906 18427
35447 39635
23569 31805
3417 48905
41796 16683
28708 38450
3841 7018
36823 51467
7680 16507
61825 52815
46850 781
30509 60662
20923 60323
13125 7124
32488 11097
31609 7169
34935 35413
7329 14032
28759 43711
50912 12767
46505 63107
22769 43426
23082 7978
31006 15918
41682 6950
47027 26879
3698 18895
46096 64921
18626 17879
64518 29301
40509 20287
23011 39439
64283 40750
4976 846
11831 63565
30491 26307
28680 15036
2613 8801
62651 5
90 20057
43482 15865
26407 12697
17104 32402
44664 26778
23261 13580
42414 62095
7807 3232
2873 58172
19361 51212
18567 7295
14539 15967
47827 39312
9507 63403
48968 24124
51852 30793
13243 34115
44114 57558
42285 16148
17885 56670
57262 19169
63859 2839
41587 24224
22834 18572
46770 31547
29261 22384
22984 26261
49596 62412
40216 62976
38603 38016
23293 37939
236 13110
51328 64614
23866 48148
41710 36069
28954 51274
13646 50571
65036 14069
18435 60813
43407 54644
10199 55684
31195 19421
45458 3667
41880 37149
22006 59911
11630 15746
44008 51044
58541 1445
1494 39684
34762 4468
27484 58259
32708 5588
8886 46495
45939 18259
33641 61330
14161 60077
168 36295
6311 1196
50586 20751
57439 65620
55005 65957
54267 27628
64630 45723
49639 8227
46037 22872
49198 19845
13295 46120
62848 44472
29568 60226
59152 18356
9662 36483
4380 39706
38655 51634
2632 8941
41775 63406
34227 49352
13727 61834
9726 23643
44802 33978
22297 16964
49213 42478
21091 45626
9831 52924
12204 8857
44296 5889
63274 3870
4063 20864
56535 30370
21627 12654
56912 13923
20592 65462
7020 62445
13273 42423
43398 30348
26942 31014
24902 13820
53646 22807
34769 50343
36900 55058
38981 8438
31136 8117
12572 32832
6506 15005
51499 4905
64350 9553
20132 57873
7145 49064
47295 3862
501 22816
56048 42095
11486 14112
38608 58919
62958 49497
26172 17461
12713 26180
3374 25654
27126 33096
22392 64370
38249 57346
10740 37499
62072 29557
15140 26371
40417 21246
52097 56894
61728 25205
64107 11275
34735 3178
11946 12610
50794 26679
24233 4357
48631 18424
49997 687
48419 47129
24456 53481
58429 9433
5849 24289
34511 65035
60957 24922
34525 27195
29655 62094
35201 65648
8080 46152
19809 46726
12676 18072
11234 8803
45062 57525
54263 56035
29821 49299
7994 9289
50739 10243
54871 16672
62237 39090
30887 13227
62425 15457
39172 65368
10349 30222
51748 6748
4552 43375
65812 2955
19327 37998
15766 32950
58857 51174
22660 46912
21911 8907
27773 20692
25261 37758
16540 9802
5594 31641
55493 65543
10272 40926
57068 52327
26466 7425
19383 14533
33802 61733
41911 34479
8784 3930
11407 4231
50869 44309
52083 55235
42747 34195
36203 26282
60052 43849
1621 7785
54998 18257
14749 26770
19614 43203
19425 8170
13846 30883
13238 64692
37499 4635
45072 45331
53857 9276
34621 54558
50207 10564
63647 62754
62004 16970
22571 35457
36100 5472
52819 13640
18856 4667
52655 65090
5084 29524
51878 45909
43450 56560
31140 62600
6461 39770
62288 29853
35204 2811
48817 7256
2652 3455
44285 25713
39723 49728
40757 2372
36746 63200
64438 6835
12874 50742
29879 49445
17615 16416
39385 56325
42057 55946
35314 18058
54628 15150
11704 57404
24634 15466
57897 48197
27708 46110
53369 25382
63500 44975
7368 57217
20837 7593
8601 31218
40780 30414
52873 12058
17780 1318
22773 29770
25266 54142
26310 6001
7554 1953
32702 32758
4335 7456
59828 10042
6627 7426
47236 16609
26098 57483
35911 23671
48281 37041
60847 5731
52029 41174
16237 45832
4006 32014
48820 38328
64067 17003
58472 52143
23277 62745
62205 16041
45844 10067
45122 10012
21433 32795
33904 26983
11848 64872
37365 46788
3598 28874
6508 58136
21353 48095
28092 38363
29013 32009
29506 35067
27097 41794
35270 65988
53675 13682
2629 7078
1167 45435
62141 53849
22702 63729
1110 36672
29330 10283
33082 26681
40038 17975
36095 30217
55550 39969
49346 27626
45707 16089
28602 48810
61172 18608
39603 4702
52056 30816
13411 57709
964 59476
49052 14974
37052 2791
39122 65393
14170 35429
63143 36434
8368 50355
44078 39376
36240 11075
42617 7828
36292 36582
34230 50324
39164 64928
24689 2471
19652 50147
31497 58199
7442 5822
52966 29419
41889 26966
18341 49720
3337 24174
38746 56504
34004 6850
54863 39997
53032 4104
50892 45588
4630 3407
24893 44069
44980 34411
29146 28383
62356 3585
46989 44689
39348 56896
23742 56040
38507 7487
12794 14315
61707 50871
16770 37673
33903 60753
23996 34092
43993 21306
11705 49977
29132 61255
46568 31225
29273 17285
40251 1991
55113 36792
43427 35966
48718 32760
34153 38775
38542 44242
60787 51722
15438 5061
61675 35950
7036 47409
9335 35226
25500 32836
65599 16294
15705 40226
50027 42073
39107 34671
54147 23434
7087 58171
19763 60651
18005 2264
26254 57660
44915 1163
53634 61138
59975 47019
18773 62942
41470 28554
23640 53558
10593 7679
63909 10427
43599 36235
23177 41161
41080 8395
7604 57730
618 33818
59252 36195
35852 34019
27445 16676
22100 29809
20767 19255
64170 6499
11540 30497
16962 15001
56848 5047
56284 24151
52874 57713
56234 41594
62574 5500
50243 29879
612 7971
4945 33955
26138 33744
48904 2113
1846 46313
42234 30763
24980 45840
2349 14309
541 10156
32614 14836
29658 10152
45135 31062
40907 26745
16900 42702
13463 48675
50273 54522
65974 9358
40124 55899
21892 37105
8558 3237
39086 42801
38120 47224
59760 43908
44281 53496
56842 49115
17537 61694
44923 38544
64249 4084
47088 48275
24698 5848
21612 38126
2507 19670
29940 3347
29403 13925
17198 27720
27682 41040
22150 45096
16144 28164
48050 49656
4898 4273
49178 19671
33527 49951
6369 10282
6287 10134
14171 29437
2588 65995
6323 54799
15177 15892
58238 6742
49841 61910
33127 57806
62181 41542
20071 35283
26935 25563
1220 38413
39468 31986
55165 43082
13236 31861
35387 47444
17979 30264
54897 59746
13752 41264
15432 15128
37055 31595
14944 58329
13929 53730
65240 47433
26038 10446
26182 46136
34472 10020
26434 47487
46914 63460
53708 30193
38713 58848
21021 54900
5165 30116
65059 16421
27223 32106
63002 53428
43333 18107
30738 34116
359 37603
1672 44771
11666 41137
14475 15462
64764 10684
19549 53544
11808 55185
9837 19451
13277 64776
33541 25966
30299 23582
59868 59516
38801 2034
34620 21860
60854 15833
6565 54871
13083 34522
22899 61586
5171 13238
38086 16568
47215 4467
40988 56548
55837 3137
15192 9571
12452 17352
6015 55360
18140 46448
43079 16706
46862 52733
57373 31646
35168 38456
12184 15602
48841 44147
44922 44125
23970 14126
14921 5930
52531 9667
52462 46526
59840 58838
35630 53593
50557 58951
62685 57107
55279 37918
21861 62536
14819 17644
17369 24046
7687 10983
20893 19957
13594 1021
54530 48481
63266 59445
57431 49726
23759 42001
49775 57487
47003 23164
3778 36609
17126 12701
63319 30444
63980 38975
14803 64657
53908 44711
57762 6330
6026 55928
8302 37390
34291 42311
41188 50341
29359 41757
44342 23386
12484 18770
56735 5497
32582 27615
63168 56432
45319 36472
50447 41205
19485 13038
1527 45528
20569 37329
61511 21705
64991 15539
21680 37729
9813 35894
64442 63785
42027 57530
31575 29313
43372 22194
6600 37812
29191 34004
49629 13910
52859 30367
30802 36521
10333 18482
60175 12580
58221 27112
58734 22132
11537 5210
65334 25577
58599 874
41427 3379
15560 48437
2330 26627
13454 36942
52880 55903
54047 58305
4697 16539
23 59487
11914 38659
39925 14368
27113 15721
59797 58250
44677 56658
47625 64652
7114 34480
29219 11386
59567 17934
43513 15265
62015 46363
47618 10364
59315 29156
12772 9746
29065 20543
288 43954
44743 36191
46549 59437
38271 9711
49007 41263
13936 5028
6001 56804
21517 13165
64543 41619
18409 24956
53637 4671
14020 1045
33331 32233
25680 17941
24582 49311
15827 28864
51498 25648
28258 34772
59906 61619
44294 19849
14126 63506
54326 24525
6095 65107
16151 17275
59951 26028
17648 11628
65383 28075
569 420
6367 56928
56730 8817
23227 64316
22761 27335
16828 23346
13574 5088
50779 54809
42185 34482
50419 49846
54876 30765
32538 45706
35861 63470
52150 23602
44940 39335
38558 30395
59356 38289
17482 63578
18112 64255
54100 51408
39180 46810
41145 63041
28488 38721
26331 12653
27488 28696
38087 14729
45259 37654
17390 54998
23307 58612
42256 42651
15127 32427
46169 55688
62964 15181
54720 23095
37478 60914
55364 41800
1674 14882
13956 45558
3313 52179
49922 16785
19049 63405
6956 64118
7420 54003
26202 30784
21095 3797
37568 38133
32842 35118
19193 28195
8131 53610
26739 7970
4235 42362
47014 34290
59323 41631
13433 53901
29401 51299
50973 57928
31143 55732
37702 52256
6158 34171
50015 7161
50798 35169
40981 63637
7052 44544
1700 5981
32944 40438
26620 58673
58074 29008
29564 21829
48201 27028
25752 14460
25363 43213
38559 16937
58828 2611
23256 2768
9761 49701
24508 11830
22780 43685
15644 46230
49441 8319
5327 6451
56166 27586
36584 47461
34635 26010
17049 20578
21094 51843
33426 30060
740 38036
43328 21156
61123 43451
20291 54185
5236 28262
20147 32599
42288 1788
6666 4729
64298 2626
46935 13438
9553 65733
41663 52159
28831 63557
24101 5543
8937 20572
20890 37106
54517 39514
52877 30148
12052 32416
45797 4428
28993 35712
27965 16207
43501 49527
43394 52528
47291 17196
38480 35390
28633 11131
62241 10031
1154 9685
15037 54445
45352 2642
58415 1933
31503 19903
31959 12525
5227 51266
42066 25466
49988 40920
14861 42432
50578 55726
33632 3072
37071 39604
3239 35921
49147 60150
58401 26564
63807 13066
5748 34639
38855 61788
25233 49360
41985 38174
10794 56300
12578 12198
21941 29132
961 53259
8582 36512
27628 63354
27942 37280
55602 32063
13622 50124
26946 2257
57048 65148
9453 51596
20153 48856
3114 14196
60192 59280
43479 29369
4966 3263
11472 52082
9601 30424
23330 58601
33019 48474
9233 62496
29838 14281
33902 40713
53430 43573
50861 10963
59130 12503
53012 22185
56758 27222
41472 64201
2214 32764
51053 10996
15507 18525
774 52848
8289 62065
9515 30466
46885 7725
65908 64674
13912 33034
37990 53984
39499 40824
11339 44286
57368 19742
49993 4786
51789 42133
4040 53286
62127 731
20490 35147
28819 27424
17876 64059
51249 65512
38664 41028
18885 30899
39067 42184
48907 60473
1462 63308
18531 10674
16153 13769
5476 55798
660 10159
51654 49242
11158 16684
39937 1786
27533 15923
45070 21784
27753 25870
54088 57358
18672 14899
21097 5120
24117 55599
28940 64905
33128 22377
25471 63858
15024 18333
23771 54808
7129 52351
60459 1214
9588 38896
38097 15412
8830 57080
32859 38565
12872 35535
25876 42256
63858 48711
43366 21751
46811 18549
16806 38037
30741 26800
13114 48661
37374 32931
9150 61881
41653 60671
63683 43277
59068 17740
43037 21528
40066 1288
19975 41641
47775 54566
41463 23492
56140 19707
634 61669
41054 8789
32267 735
29036 40874
57164 24599
36265 26119
47119 12301
17604 60109
43459 43390
62909 12415
60667 8010
58374 61433
47021 20507
40039 8752
63829 45935
14265 29627
23039 45215
10745 1852
36781 25250
18351 35990
25747 37250
34503 55859
10023 40076
9883 48140
2442 52858
4089 33391
53102 26554
27887 10155
4805 19979
34160 13498
61880 28370
47949 36699
51446 23374
29270 34464
38142 13412
17549 16608
60910 50194
65684 43275
11870 36339
52008 27435
47693 22034
65821 351
1389 30387
31311 11972
21738 19201
18399 18787
58488 62321
20870 33
23481 42381
19163 10196
63374 6841
47029 17954
5298 57631
28682 55759
63917 61826
30376 42873
8240 39657
34650 65586
48423 15375
30674 31559
5611 51544
27103 50533
47350 62191
61562 46530
59592 40864
6087 41547
5231 10250
42477 28037
13530 21774
35848 36404
34514 18729
22787 57311
49370 57888
49614 64238
47881 32839
10203 15761
32976 57071
49327 45637
29216 23333
53195 3316
46256 47932
45225 61090
63814 45350
63192 55585
865 25033
65777 50130
18215 49048
57659 23463
21707 1399
30146 25669
10105 57945
36807 47316
27724 25545
19693 736
24499 40684
20626 43051
47478 12335
15510 48349
30192 33261
54345 65903
43284 1704
14856 35787
63114 4395
62760 36039
62787 62749
27618 52206
21135 5757
53858 33167
2943 35937
31939 7501
5656 3989
16763 61710
21120 59570
17659 64265
5137 22777
19250 62056
33851 13617
23598 5007
53144 48436
2441 3780
37153 20080
11240 23188
28390 17256
58878 10856
61790 54995
63134 15654
22357 7347
28753 58115
53841 41188
18706 12777
23840 36370
21984 25452
59438 2186
9024 43604
30123 41482
49573 22180
50524 48006
17330 1858
14231 52845
2171 54576
26523 8059
55024 8514
19604 25290
12623 65736
62374 19335
5117 34949
65973 11006
15404 22622
12215 58118
63209 5834
17083 36114
158 26042
56558 53642
55140 22672
48547 423
5694 40785
56225 35883
30080 45965
63193 15430
49970 44755
45944 61113
12808 11285
55770 60688
33361 11556
62540 15239
30476 11871
10987 23921
37129 11327
53563 24335
33792 41616
24776 2636
717 22196
933 1369
15445 28512
49156 49091
26925 60339
41406 10653
53589 32340
47484 40342
20288 25047
55847 17398
33245 40697
34250 6991
55518 49717
47926 37628
36119 23332
52096 36565
26699 18406
54163 41359
63239 54262
23426 29618
48525 24674
63408 35757
33264 26113
40194 23215
45136 38658
52184 33995
18097 57620
15609 34675
30117 12113
58537 64211
21207 46551
13144 47660
28110 45726
52503 58940
44360 50552
6823 20409
21069 27612
51001 56867
694 45472
11940 37840
61823 27191
57066 44851
11553 35252
8400 11896
34484 27620
29068 33845
48607 28608
10491 61301
4949 34190
50375 4122
52514 15113
37549 24436
7532 62287
22974 18326
64798 61243
57537 42336
1404 48796
26439 49534
37488 4437
25526 42254
4406 13712
30366 47040
22215 1036
4727 20808
47152 43872
31360 44129
38 13135
20637 24526
11383 46925
36168 40145
52355 21332
46286 61190
51793 2851
26256 57542
2015 59828
11819 57013
37290 52342
45626 31928
45545 33106
36243 48919
29662 44287
25497 63250
59607 52580
52948 39345
610 5260
34224 30711
22943 14137
53364 55180
13955 55823
9488 35306
65952 3743
38569 21500
44561 21809
15337 39398
33777 26013
32787 18291
58035 17026
49425 43667
63391 7052
31887 11849
44521 40538
60388 18542
3585 45365
63173 60125
15240 51904
33793 21672
8855 60371
50158 111
28886 26268
30138 22554
41384 39490
54058 40309
46282 10535
1275 24196
34518 30958
32540 26650
37656 57220
12191 11819
52289 32078
44826 20204
9966 649
23395 62567
62464 20884
41140 45183
46339 13096
28648 61709
35269 51649
23958 27852
24926 61907
65405 49322
26171 60750
30784 31817
31727 12560
34788 50801
30043 16844
26578 41728
32729 17502
46666 52414
20447 37119
13984 55653
15713 51623
10288 9393
64575 45465
869 3526
5540 29058
63215 23352
48654 30823
41343 48383
64533 47485
36010 44545
64331 65727
36736 209
52151 52191
29111 10128
16810 30157
7098 18099
55467 65530
62695 24638
4269 5800
65861 27687
45520 39576
51606 57069
22912 12171
59926 44511
15777 23577
60303 55799
41374 19759
1104 37351
1550 40776
27624 50701
49733 63001
13206 4565
42656 34213
47396 55278
34040 23530
34453 21436
31083 52195
35312 13951
61781 60939
44971 45389
47963 13292
24106 53016
65375 1603
55568 21088
27595 41816
54932 16875
48800 59598
47852 1519
52507 63720
36652 52653
59078 55373
23579 7145
17189 39709
29959 55704
13091 33902
30908 15199
56652 59018
49924 65807
25699 48867
19117 62069
19602 43918
61996 47824
1277 14638
23149 23441
55250 55584
65484 50263
17626 10487
63783 19712
39327 912
32896 33796
6254 25902
52220 59637
12973 57002
21410 6363
7870 60918
28242 36925
62461 5223
58964 15932
43865 60326
34049 48118
47313 6564
47227 33073
33780 44232
45108 38817
2600 3085
53971 35028
15891 23427
46019 38436
26078 46778
22878 54665
37305 2297
46545 58560
42611 39018
63897 4669
58581 14639
10278 46825
49948 4799
37556 51933
60785 32589
18986 22969
21965 11017
44223 12396
55289 16523
53055 18959
9352 64678
10370 56506
21234 36005
45040 45271
29913 60036
41089 31995
41534 60086
38189 5327
51834 42807
35554 48864
58314 5019
47601 19235
59021 13255
21931 50059
24103 10324
3028 44273
16390 39582
30754 55382
32984 52526
27601 2934
21878 24109
52042 33667
13502 10392
12525 56812
8362 15261
7056 25120
3456 34207
52038 39742
10912 31950
13623 6401
34401 49052
20353 61987
11051 28208
51098 57272
40550 36017
30063 24342
32427 36288
37248 65741
58086 5996
16570 52255
17207 23759
22362 37345
3745 35741
4608 663
46772 53371
42625 27150
62411 2454
61236 54307
35706 17009
58307 36015
17710 35004
23205 60614
59841 41702
57014 12734
40588 29010
45505 29469
63132 2369
29771 42548
11739 28975
57916 8353
40353 37727
54029 60378
34054 55151
20411 43091
39790 50993
1384 62339
13 1648
17866 44952
45074 44643
37587 45399
61499 58247
1091 19894
64479 60549
62531 65402
39271 27609
1198 22284
56419 51127
38394 33515
30306 52814
947 4230
48975 10304
24717 63772
53968 45260
57293 10892
51741 27205
32755 48391
21401 39851
51082 38250
49593 41332
28914 59179
34470 61261
10383 3876
55344 20435
31400 21855
35634 46089
37314 56562
35236 54447
54121 3069
24642 37210
8974 64325
23909 30766
17908 49190
37958 17262
14465 49602
59346 16187
35670 12712
64487 51872
24614 28614
42028 27697
2543 14501
19943 37926
2901 23413
24372 20856
13406 52576
36978 53546
35284 46141
57465 28542
1076 54812
30515 36554
11823 41865
19751 47603
1931 13847
64695 41652
28468 65839
44816 51403
55083 29505
40839 52949
65326 64859
48680 60807
60777 37524
43287 58912
10516 20575
19149 23282
7346 52436
34932 438
51436 60821
9357 22580
61624 12888
23804 50247
25192 54802
32779 54824
1654 53779
15986 24757
32632 3807
50437 29386
58060 18163
32397 10553
4393 53579
26107 2993
60403 42602
12316 32761
27322 21819
61975 61855
51004 11924
40909 48536
42345 2978
20790 51032
5530 25302
16010 21153
63076 60001
39167 48374
26048 31368
47242 22966
6828 61889
28546 26187
14802 42301
30929 17387
56907 38402
42535 8496
1975 4049
21937 27133
36189 60448
15683 60188
31863 58151
1171 31705
5505 23184
62295 60478
20316 14570
11729 43419
32601 20876
20670 32095
65526 60584
11981 903
44358 4237
7872 53261
7835 61632
46599 50505
20175 9223
14077 54669
16493 34083
63943 15858
30498 3110
41516 57478
45524 63021
57504 7837
25293 38400
2799 52219
49515 5231
46946 47629
17660 52355
32860 57678
5176 56176
63610 13583
57345 19135
38629 34407
64238 14652
24875 22146
24462 48034
45570 54119
42426 44543
61394 18606
36088 31860
21017 63255
9028 27537
20320 34670
58902 12731
38755 43258
48119 9709
59518 60063
95 64432
49682 34079
24319 44885
2454 38705
47721 58285
31299 43341
42035 59032
8303 33807
50790 36084
24887 4686
65215 18353
20203 19402
37111 37806
42284 3401
53714 28970
42209 48609
14479 47543
12617 38171
8740 40195
5738 20750
23415 39944
4100 62297
26487 57654
14032 38651
63619 20243
25116 16850
12944 19206
4171 38317
50935 50362
64214 33726
33547 29874
6434 3671
48019 27743
28931 39710
9290 19447
1716 1582
27360 34003
64410 47732
10481 53195
61350 62518
7957 22336
47308 45117
54520 65680
7642 49069
34841 49543
5329 63603
9226 22168
39834 63184
28299 22989
12730 63439
13268 49791
30280 1866
50507 8488
24833 44875
25313 40542
32606 27058
23449 29401
54420 19673
13830 36480
46919 15676
60126 25814
55978 46728
13645 65378
21865 60205
23645 1600
52633 29934
44239 26547
20733 4305
58067 52232
41308 12956
42554 43191
48723 8808
56439 35583
42396 10414
31552 7337
28040 58542
49161 32503
33304 32073
47188 33564
59298 23945
58655 32125
52048 29929
26 23257
4544 5274
37288 34835
2137 11975
17706 24906
39563 8346
861 17374
39366 27228
29084 29831
28158 31974
41276 62559
2845 12881
20279 6696
12359 9576
4947 25746
60342 62692
46617 15258
20462 10930
18142 62395
34733 25874
48115 13091
32750 28180
39362 63863
12047 39317
52403 1259
28500 56329
10119 14618
42559 58018
63247 25533
22663 59803
64000 65
39374 32998
4899 53369
50011 35487
10287 23139
7330 43076
43830 63345
56926 37193
54595 34630
15800 32640
29717 44715
50134 36083
7095 65938
39949 40476
5398 14611
19606 63909
42839 855
65851 41840
28941 61671
20080 64984
6622 21382
51496 23436
58408 8594
29110 56626
56615 39930
37983 58091
51685 44884
19401 23942
17327 25375
44063 14250
10820 30383
62372 27947
6464 40266
52323 65770
34414 40028
11152 41946
52236 61850
56950 39330
17089 20264
17678 42437
63036 20499
25967 25154
51816 51936
25704 22516
32276 20702
31761 20596
9391 42688
34899 62099
56370 54646
42391 35309
11744 29980
14750 34453
54210 61864
55515 39796
47877 48601
45654 19004
24968 40139
42040 46391
45158 41334
3173 58945
39954 40373
22185 55745
45839 51583
19113 54674
57733 744
5883 52964
30604 7250
26174 46349
48998 18341
11248 59886
14729 35941
7149 2554
31857 26505
19357 27343
37708 33546
1801 38640
44994 48953
14586 3104
39993 42185
58991 56034
61760 42689
2982 26143
43500 28178
27396 65922
27771 57686
26713 35909
63312 14004
18527 9756
2411 31869
49363 21027
5700 42662
33484 62873
22325 61588
7879 6030
37227 63838
26306 32748
35558 36719
6958 49155
60944 7775
1093 13296
8730 7356
35562 44918
14142 36182
2501 48425
38338 57426
50663 37256
30300 14554
49900 61846
13056 17601
63526 9698
11538 42539
24435 54235
26067 19716
65622 39172
60030 26214
2817 11536
5211 57444
39968 32143
43722 42971
64217 34173
51564 38197
20579 2865
2409 18412
45454 8914
46126 41152
46581 47348
39627 58438
30960 28156
65701 24136
36160 42110
8128 61385
33775 29843
50748 60399
3863 47475
36726 43649
19885 26082
44799 33952
51492 33471
17992 3033
11508 18386
50097 15623
29810 53842
54701 56012
31505 51945
20022 63748
55898 6296
40945 7902
43161 2124
58874 57306
17272 4206
27101 42870
18164 64489
26518 37048
18103 43746
40502 8797
17728 9903
19026 12078
20716 14724
41615 20739
8889 11499
15518 61401
24135 25021
41629 9580
19074 36290
41772 61043
54270 59152
53904 19950
39761 43311
58066 9572
35888 23813
19918 44540
24633 59513
13995 56676
17242 2816
24216 52621
3434 38511
34979 833
30267 51112
30433 2474
3419 1120
47090 29522
10418 55988
62470 19726
65841 33929
61442 29215
24115 42811
50786 59999
64415 26258
62109 46485
18025 20003
21468 24753
25331 19436
29659 27020
53555 40434
1968 23801
35371 13225
54139 3438
29171 5172
26586 16689
26813 45682
8669 9079
23210 42921
57578 30161
64218 27369
42585 21403
59972 55612
32347 35531
56041 30538
53067 28474
41013 46576
51663 3578
5048 17998
14329 57625
59194 16137
59887 49167
5560 3333
32208 58190
51854 27340
5145 49862
50778 58565
6462 57482
24885 52322
38166 26036
57614 26953
39919 49874
37476 16339
60470 22951
21822 15952
55373 21350
38591 27478
7150 64109
60763 46975
59205 41535
11855 54412
65623 27569
14834 11901
23563 47168
17735 62650
51521 33461
42397 14680
59099 59894
3266 2117
23446 49812
59465 55053
26468 13116
59597 46489
11821 47238
42478 40630
21496 8560
16194 56905
11953 39413
14964 30063
58904 11070
47572 51077
11182 61783
50344 2078
20959 36008
49635 42372
49887 5947
22399 18447
43935 32637
19673 23247
21250 1216
18954 16771
23445 20416
6726 18379
54996 61580
40379 5111
40570 8020
58492 27503
37852 38416
23685 48720
15409 54379
17246 20642
26589 54951
464 22600
33176 22891
1601 19842
60116 23805
65226 47851
65359 14339
754 21283
64680 65216
31180 26749
28427 40117
62353 52908
59473 48914
53760 34758
57918 42084
10408 3733
862 3386
32076 43462
36453 3736
6412 61670
24228 4486
19433 53433
7218 6095
45747 49419
4814 22249
19055 20732
4251 13123
43400 45701
11496 29190
6427 12075
14273 55035
54652 8694
23364 62350
21147 60875
37275 54405
23255 57727
47211 17617
4698 95
12207 40820
39230 62423
42313 61537
48310 33668
49669 16804
8870 42321
56011 47918
8510 12636
38383 62625
61711 64593
17636 25728
15994 16494
35969 28746
43151 17015
54233 18691
27505 29564
27401 10773
7627 12425
14327 52932
11492 37002
63395 32740
37643 29652
55975 32856
41483 24200
34035 39467
46381 43074
17002 60575
65064 34961
64554 17264
23581 42985
30504 55316
38075 49122
25370 19035
208 50467
15494 6294
3144 25939
60934 23878
15457 1878
27176 18738
54347 4472
5963 31173
43751 21219
45830 52005
27832 42275
1481 1536
26371 63017
36914 63419
33348 45076
8892 24609
40341 53171
39359 59259
42458 28160
804 59401
43685 15443
51911 36610
3817 44218
23021 44205
43322 24422
44295 44694
62798 63879
62194 59811
4661 12649
17794 44876
63111 34455
20367 8273
60375 47897
43924 55905
60617 3332
54258 16545
7343 12398
39236 59957
41354 14567
27298 38760
43480 16555
8679 45564
19570 40244
36761 59319
4086 57169
44454 23936
49184 52109
21754 18575
51062 29080
24561 2192
15316 46392
40408 19893
4146 6160
35586 47535
54247 30203
11377 21857
65150 49083
31149 13126
48705 21711
59233 29657
39667 19930
28330 26503
39626 36494
22940 6412
14711 52544
49050 38863
4902 51089
26490 55216
12138 62462
58167 61343
3269 42195
63264 17842
65544 39321
20196 47
44580 9814
63370 32943
40680 40843
42905 27362
18782 8758
12879 7763
17396 53789
26895 18390
4792 18848
60211 63037
50802 21005
15183 31781
539 51281
5772 20899
11414 54921
61195 51250
6048 25346
13514 32581
40958 45929
2947 9245
40914 29663
42059 36205
26288 18408
25238 52618
37561 16184
36262 18666
41832 36107
57818 42923
15421 1412
35738 15374
19572 13450
20644 61750
35867 30433
15003 57446
2000 39168
13419 16367
27077 59555
45917 9228
41745 44745
35528 35666
18555 5371
32090 50005
22450 33483
9338 14790
40813 61149
44400 55825
58150 63872
6649 29444
17050 13507
3801 11610
61701 47521
6614 31627
13885 64820
50280 56686
11288 55270
51370 13788
23460 36727
58437 36159
46613 32987
40953 43101
43560 55004
25972 32932
10296 46749
61040 1695
17275 13256
12179 63642
61378 64878
12749 29018
59715 56855
40684 34833
61676 13627
30369 63946
29334 5519
18838 14130
33824 12921
47639 12441
51391 15398
24033 31276
43297 47278
42568 55291
59413 51609
63899 5226
3967 45522
8568 57704
62304 4886
14797 52258
46065 56597
62738 23690
60456 3165
22388 43118
36997 12951
45694 38310
16698 54021
13492 3720
53175 59851
14023 33229
42713 47001
9297 46187
60421 32598
52536 36259
54191 58460
31942 6266
20844 42535
63226 60058
50308 34495
8659 21050
44659 27444
27295 42190
56512 52602
57063 45684
44853 22552
30954 43748
22687 46112
10210 29829
14985 41489
60675 40087
42648 13278
12800 11854
58356 53224
23092 41016
40375 65169
53189 24405
9124 50161
14254 26497
49665 34693
42915 63628
64789 45954
8059 44172
11867 57380
28523 47378
18209 20869
25 22092
19232 42305
59373 2088
38208 14612
51116 24877
58611 40702
25647 38825
26957 23319
41498 9953
39287 26034
39918 12238
56981 11868
45124 53037
1065 34521
52979 19106
16719 44586
38560 46374
8181 52004
48395 17437
6964 50495
111 38524
47087 10776
14379 42446
36990 58005
4088 5345
30834 20318
56586 35886
51678 64815
41698 29422
50174 28702
53220 32159
50013 57719
57042 28308
27685 19055
22730 1628
62243 38902
18229 31940
24672 2723
50410 63344
47224 57535
54688 54333
20221 25198
37811 54045
16456 24387
17601 52379
1521 50739
9404 34275
2059 47707
18874 34545
63793 56534
57244 48527
17797 47778
11098 30764
17986 41964
54508 46803
59773 10098
55798 17629
23567 42161
59559 32362
55591 16878
58989 12665
50426 62356
46571 41090
29589 13738
24353 29862
55676 45658
974 29356
65295 60987
31032 35276
65763 6974
35292 60325
53850 57393
48100 65161
4386 57172
4964 8475
63343 22459
48311 2899
14833 58782
63116 7543
18624 45562
36625 62473
60941 19383
10255 8360
11593 46454
32143 8574
10235 36188
40960 33032
6918 3615
45030 64332
1414 56470
61456 17480
59512 51937
61504 59260
43453 40610
55184 39933
46258 43324
38617 30483
37908 53365
21956 18905
4631 41217
39856 889
34137 6944
8051 46970
62019 15688
22162 9308
6766 8340
38241 54226
3579 21130
37594 25510
63539 32611
10815 23507
16623 23756
10075 3865
36419 15664
33037 43489
17373 11680
36828 12342
36074 52895
33680 50784
1862 53422
22887 62182
19810 18155
58544 44997
48467 23985
22990 12565
34243 40790
30959 46552
63560 23254
23700 56409
4338 65495
44938 11893
11063 24192
19015 34145
20205 52616
65005 26294
54126 29707
50223 46033
31189 10692
57696 44528
21927 59209
27638 12325
45230 33787
7121 2674
34655 7983
15204 7753
6885 48910
21968 12517
60820 22088
52265 227
62421 1649
39501 611
62426 42843
30627 50431
49782 40143
51128 3625
34423 49131
56982 9095
1555 22596
37853 24705
50071 65301
41378 23828
12762 28623
46377 45253
56596 12710
35729 20274
43905 49043
35433 23191
35008 57764
12882 23265
33469 19511
51270 58341
60439 3977
31693 5083
25550 38199
44225 14127
23583 45752
41061 23648
1387 13071
8907 65229
12806 25318
13620 20350
58451 44224
46074 59595
28760 50967
37133 58712
33017 15255
25308 8581
4462 44348
3107 32273
12051 47933
28420 18532
15964 31386
15726 64326
17028 24687
49278 52991
24218 5452
14529 46966
24152 7684
33206 12948
38610 11922
61205 42016
9925 51667
59434 26337
36227 37036
55966 41985
42390 17758
33730 58708
9699 25958
36345 38399
8178 55879
50175 52985
50934 57035
43602 49423
7873 10799
33848 64287
34691 3124
23322 64388
57748 13674
9097 42142
64451 63453
51464 50962
23389 40095
64495 65224
14213 37644
18858 7225
56526 5457
28625 11690
13927 40255
57879 22723
33948 41112
4570 6286
9558 3666
9230 6188
32847 39708
58443 50450
2460 24673
65235 46107
19511 6873
114 56860
4960 23369
51182 48605
34923 5862
19872 28115
43232 12931
51293 59931
486 24341
64315 29042
62671 41984
52942 9564
9189 26688
29603 64917
434 27098
50388 5929
63186 27005
15887 15248
47045 38069
43705 622
52510 31509
7235 43353
11884 23208
47888 51108
44573 48731
10546 52686
60246 5867
38006 20438
26624 32267
23150 33841
5156 55423
50354 40599
25036 26854
39174 35733
51132 53636
63767 1341
11124 54512
57408 54217
24834 49432
18343 36450
4680 24838
25310 63992
3325 33217
31259 1368
64125 5479
50957 58869
8257 16894
40335 29226
65495 9244
58892 14993
2152 15110
4856 20831
44471 64034
7348 8717
44266 24034
5612 42911
53151 21938
15492 33620
27746 52194
60080 37331
19524 37545
30538 37317
9442 34276
4834 14221
18559 15651
64081 51762
2499 26494
61764 11339
6004 65270
31809 26318
17110 16662
1883 4679
22578 61468
6549 62760
40284 14332
12753 14603
59794 29969
22373 4985
8384 50865
13938 24180
14966 10959
65162 8835
28911 31687
8272 57141
26561 48615
55865 57424
44217 18712
52693 57937
42499 5381
15834 24769
18001 27582
42152 41671
27949 5736
5976 1863
22735 20017
43976 44742
8287 32874
35900 45891
18513 60560
54416 26300
22027 7397
48488 51291
21628 20067
57497 38248
31935 8343
5335 29523
13103 24113
49301 25473
20678 44026
2049 57524
63828 3318
10581 57742
833 32215
23517 37724
11684 21116
37190 18791
54556 41623
62392 7434
16633 14597
27022 8537
18755 2289
35514 22272
59038 48546
54006 5038
22879 18808
4932 13605
23594 30627
65522 774
39479 49967
45594 449
54892 7657
600 50794
30886 15682
25154 4614
15402 9690
12542 2595
47436 62447
28741 50601
60846 37024
27278 50695
36232 31152
25392 64299
14770 32774
62183 45240
65211 59636
23112 62801
20941 20073
5652 59536
7082 47204
47736 29340
27472 18928
32950 37600
43817 22853
59395 50916
5678 33714
13687 21014
6876 48245
3810 2745
63578 56589
15213 39303
30842 18873
58304 5578
42726 60285
54928 29752
26051 52722
42689 16388
30155 46261
14436 27277
29856 53189
12854 55200
31080 54753
54080 60370
26209 59286
49222 58182
28923 50914
61734 60755
63493 44277
7123 42731
57130 52283
18998 17448
28334 26990
59637 32245
23339 25031
50769 25507
48954 47634
17879 60736
59997 53505
25449 49128
47002 27986
35350 61635
26505 14241
44026 59287
16674 39364
4207 54018
7819 6670
36780 26138
17892 28466
14564 44261
61019 20542
60107 50370
54818 56595
45034 23635
28817 58063
38688 3125
20551 27061
22274 50590
30108 22590
11335 35825
53962 20429
64123 52675
28370 25928
62062 19751
60656 53909
36592 41484
1902 61418
56114 32205
32330 17113
32484 63791
56918 41447
29152 4628
19526 12723
666 11240
54759 2814
5797 1137
5251 6915
61690 43452
4407 11790
62819 41065
12845 46753
59303 26609
64919 19740
31525 27920
10891 40313
1629 8654
53297 47572
28575 41354
17395 58539
46977 62271
38770 44384
31335 22967
11893 37977
2088 39747
62887 13304
39956 20947
21208 19926
60200 21399
3200 54420
59617 15525
18170 53698
53132 20747
24242 61548
48552 36862
60857 32689
179 14859
9267 19222
43635 58315
4288 12724
38875 5162
55824 17774
35362 49932
27152 61973
10612 49725
44001 62506
7185 22343
47709 2616
6759 47499
14545 57795
50195 23834
47919 58633
60995 2603
5358 64457
47917 45067
48030 44536
22973 11143
8783 48493
26833 9030
43900 17688
14885 39336
62718 19594
27499 14546
29549 25839
42004 42035
46231 38319
35044 10889
55435 46493
36326 64848
7139 2092
8306 54754
48866 22160
45250 47870
59299 33124
63731 25169
65727 36733
16084 3073
61626 64175
38308 41756
59242 21874
48254 6818
8602 31301
24688 40192
60015 34487
11444 58843
10509 56748
51208 44240
23438 5303
37798 35762
10086 60043
21597 10518
36169 43637
14684 4113
19393 17125
65055 1400
19727 2519
2975 39677
38427 49896
17306 61620
62116 49810
45443 50908
55068 4717
58178 35427
2816 49171
38210 43993
24781 48077
8251 55642
2889 53372
30452 44844
44025 17347
44931 45383
42770 34287
63721 25285
58361 64072
60032 36916
39857 34954
17296 10920
40173 58966
22510 11115
34080 41762
29725 14880
63471 3016
48746 16847
37768 31846
6203 9754
19444 23214
46285 48941
21076 8515
37388 20186
22985 31057
20118 11454
21136 9885
31183 1265
15325 1763
5394 44714
41501 9226
16578 20480
57789 60394
34133 43372
48454 13872
24183 15988
26891 7362
4547 18182
41543 10638
45069 24324
19392 12020
48879 12005
58777 504
21312 56751
39527 30550
15924 27554
3267 6554
53027 10409
65460 50712
19056 41997
41972 62397
20455 25861
563 24388
43422 61501
38740 8031
62117 58002
37989 24239
19279 828
57948 10428
44393 23050
14722 25916
5254 34507
18275 18861
15320 24818
40381 16255
3251 9933
52643 24668
28884 24517
58455 42128
46845 29848
12122 21290
42778 51730
7214 38892
25579 54039
29117 37409
36429 55906
25653 32893
2956 45189
10957 916
58388 36891
11453 21138
51698 8077
25487 8230
64287 64740
41650 45119
7347 7918
47326 56374
52109 10480
56052 58450
48449 1573
50609 11565
48868 41734
1598 47380
37310 8635
45210 34399
46053 41821
40382 59086
58403 46939
11482 62974
28272 48555
58225 65497
54475 39354
58000 64106
37832 41088
21469 24942
55553 29900
54290 22355
18294 5597
11283 46255
18828 53705
27235 60942
39746 60509
62209 42516
43964 52854
49254 60769
11594 60869
868 59268
53669 20013
54332 18624
22924 50537
60571 3209
17948 18276
26118 41514
24381 19581
50040 52353
37941 47935
64303 1829
5536 56936
39583 22647
64763 19797
60746 24106
29429 28442
3518 12432
321 2149
20189 51288
34430 61904
39344 19648
61937 35507
16277 44213
54678 25921
23511 2842
64473 65186
32080 51411
3729 39784
15645 36395
36336 24897
64626 56736
8746 57031
47417 20949
62979 63877
57157 7833
33805 13896
62396 8770
15675 42374
2300 62483
34019 37922
21345 18544
7670 30822
19155 64780
41902 28365
60430 54572
17760 64292
46844 1700
21406 40372
6933 20789
35740 44379
47339 56230
54987 15971
46660 16965
6386 36949
37993 44709
38229 48937
10070 16795
25404 48440
24019 62066
21907 8274
41447 2322
39463 58600
35581 48498
12562 54658
46089 32259
1691 27454
17951 42756
36886 30598
48892 40965
63557 62415
44606 36770
21369 44664
13425 43393
28558 25478
65980 16664
28982 30006
24697 31067
14938 32650
54703 64041
60358 61572
10014 2543
15279 41086
17201 12529
2278 50351
62852 19446
45641 42160
47523 10658
18221 64349
57926 60646
44833 34867
22572 8773
39936 58915
3770 51063
15545 25321
29145 36204
16871 18755
18660 47682
29698 7737
40296 32321
16430 29273
17068 401
10303 42889
55681 46684
14644 19153
10189 35751
2465 41948
63473 63531
56525 41179
5573 26223
25737 15777
14132 38748
4299 7939
7769 25552
61484 32536
15588 49285
33163 55443
5673 1431
8684 39083
1347 34209
12649 26771
16226 18883
26218 38811
3836 3314
11899 3778
19079 55237
36357 10317
45592 48318
46164 60941
21045 19349
65620 58548
31697 50073
8958 20576
12990 58215
1833 41169
28443 14123
25107 35856
36944 59762
22515 36170
568 25924
12935 59420
28052 37325
62222 21352
48034 16848
24265 2223
57628 16242
14068 6872
23705 42800
49757 62535
55587 48343
28086 18580
29826 41323
53423 49156
41194 3338
16203 56920
61067 42453
14460 51844
17815 23331
64988 42810
37785 4527
5323 37082
10781 42470
43007 7322
64712 65101
15168 8373
50435 8900
37174 18339
59893 19867
40896 13403
58191 21415
29606 30804
53384 12041
38089 46804
56094 44324
24745 54086
62348 45033
48162 9120
23501 64548
1676 52503
13786 8147
51953 54573
57418 20315
11142 11728
15627 27166
18792 58786
51749 20849
52511 15106
13333 34178
22115 29806
8482 31361
47673 7408
26095 3176
44386 6880
26249 29560
52991 62744
16091 5557
30523 5529
55667 28705
65420 30496
36506 20006
35780 65613
52460 41873
46675 42330
62368 2524
63509 37964
36555 64518
19317 3082
59590 8908
16016 26231
64139 4720
65179 27373
30255 30082
17644 64418
3896 938
6928 45795
8943 10568
65292 48250
3507 21520
23475 52060
50153 27890
42855 964
20020 36886
39683 34819
12627 49061
10030 50911
64513 20954
61083 26423
38478 33591
65261 43842
64259 25661
34297 42869
45039 34124
2317 51464
4142 15620
56415 37406
15616 59199
50284 58399
58998 53175
41230 26817
49328 24227
58007 14771
60249 5461
4717 50785
4307 13990
23183 26947
39721 26234
21515 39140
64420 28095
17628 39764
40955 47309
50998 60789
63892 7127
14337 30122
61581 33074
62379 28418
20488 3122
7306 40620
51300 1621
34524 28368
64841 23714
49519 43770
46238 27048
37282 65483
42007 42908
3690 60016
5914 51217
16804 21661
48027 64446
45728 62938
3526 37401
44730 32574
49883 10181
12760 14059
56119 36
45239 4090
46841 6558
53993 35945
46042 2
32012 39774
32456 58335
30753 20905
40908 12745
11134 48242
8586 28221
39966 25007
15004 55466
44250 9975
22254 36698
2584 54721
42745 2936
4900 38990
60413 4587
55375 15739
55204 39591
34947 18592
2675 34436
61565 59891
2915 26826
41487 15772
49511 3981
51158 62457
42261 22883
12810 1881
64011 14757
13115 30777
26989 59670
44036 35801
65899 35399
44505 2957
21841 62879
39259 8295
47623 20093
57147 28243
26445 8541
65137 52107
9873 49470
28060 3919
37665 4871
34755 65199
6231 56688
38971 61041
52695 54058
29608 22941
12054 1740
12417 5772
44151 8259
35831 36809
8818 36906
55982 62806
27491 26569
10049 35034
39564 3200
39310 35647
56743 24651
26225 30779
54305 58719
52731 256
32934 5784
59406 57062
23672 64033
2439 30346
24451 6199
65432 37555
27913 47715
61250 11589
35119 48143
56850 61929
7849 21483
26300 48925
47747 48664
60620 19097
19366 42037
31507 45455
19723 53347
39358 22802
53774 52663
41767 48774
8445 61275
54060 45540
34988 38332
37624 19351
21049 64817
30951 53455
53198 47230
19656 56586
25155 11331
3632 33188
32190 18041
40704 43622
60839 47012
63621 61153
57165 59084
55315 21533
4851 5605
26476 45018
20888 19013
35745 44781
17883 20897
3820 18288
33869 51951
36409 10715
23067 54917
63681 14665
2610 65718
7252 5503
11001 13608
39057 530
8334 33387
53348 21588
47637 29725
52022 43896
18424 15326
30939 42663
14672 48933
65569 51769
15813 51486
33005 28715
65071 46024
11830 53478
31206 13950
16028 29598
51112 59462
30925 24685
55427 79
18911 64908
14001 18921
22958 9465
28064 53231
35986 39697
57603 27427
53527 12660
33333 25036
7331 3081
64273 2126
49114 4077
14807 38770
55546 15870
32290 27144
36404 9351
18994 8785
47579 33219
62289 59324
2763 15592
4563 55302
7167 46861
31415 52823
33159 1386
40537 39350
47561 44980
15998 50823
30984 49141
57987 27322
50918 39818
1032 56168
51509 62711
33494 5489
39439 64401
30863 4132
38984 65536
27576 41895
21002 46072
57521 4069
41574 33526
53254 62076
4441 50300
35919 12846
10499 55405
64448 46014
61747 64266
43611 3582
55361 49804
13160 5069
34206 63891
8699 11381
46119 62243
42831 33051
59410 12066
6829 32164
24084 12322
58118 59597
17838 49788
404 44222
52516 31638
40049 61510
41121 42320
10779 40608
14527 59140
20687 28385
32717 53820
17052 12446
53781 1350
41865 16828
62701 3701
34168 58253
22739 9058
42937 65808
36936 23755
26040 60710
54329 36011
48183 50880
23841 6386
51577 15424
49457 22796
29424 5219
2718 38049
3011 43440
29978 55933
11663 14376
60611 20290
25988 10070
34313 63196
22120 63734
6526 32643
52565 747
56218 50765
19563 23152
11674 49378
48225 5751
22299 39621
15382 23944
1851 29285
57038 44574
59469 64665
64770 29981
15534 58284
26627 15217
24976 13309
34892 21553
37744 18246
64772 17302
50080 57423
17066 65031
56533 48061
27081 56358
28255 2692
37090 48273
24821 13937
54832 54870
23642 62084
53547 4396
19130 36557
3772 57186
38037 55346
34315 8774
30866 8543
59111 11436
32548 34443
48450 46877
60053 62211
11238 52603
1353 31881
61458 18026
17460 15862
42369 3161
27816 21234
50266 11322
55482 24484
33585 25758
9576 58472
12489 48932
7701 34473
6831 62637
43629 8759
30782 24316
61727 54167
46440 15185
703 5211
33248 30442
49931 26536
39651 19319
51734 39367
48615 1468
17333 48741
5391 7864
22265 1595
64598 14779
44457 34851
61353 1161
11751 39760
41592 17965
56745 41882
18586 62966
34132 27992
15315 24729
5789 62228
16761 62689
65433 28066
36832 12983
47264 50838
56373 9296
37084 19152
34501 16641
34572 19059
41027 8913
57118 62612
21625 9515
41359 21592
64393 32384
19827 54200
57671 47412
6976 29537
24763 34403
19481 53267
30129 7822
24005 56607
4701 5625
61637 42007
34109 51725
21438 3627
61229 25246
57204 51220
15208 58960
64869 29455
5347 62832
57871 53285
46730 20616
63597 37700
60000 9838
64617 56721
14745 4052
19406 54699
16208 8695
45824 11121
12266 19080
26704 5237
37240 48434
23679 36358
22059 51547
27840 36810
23668 60884
54581 44759
10071 39780
32265 40389
65289 61593
12361 63936
43078 50607
3403 17992
37262 61516
15990 44182
51665 11926
48964 64183
13903 44881
42407 8249
20156 32977
3785 35156
10626 35554
60324 37873
62896 29864
59514 41033
35301 42489
761 31381
43179 25070
59389 45681
42588 40154
16951 25146
27705 43909
37088 53942
42359 36507
7280 34592
9270 55555
49990 24688
12131 18256
52280 38669
33445 24900
23333 47381
31468 42093
52287 22730
11691 15364
2689 38203
27293 32379
21357 44221
50922 65137
52743 49152
37348 32196
15808 51332
39132 63484
64337 60173
56671 44748
40646 19182
17209 33388
47061 33101
12598 16310
48164 49357
26198 51522
64176 429
58386 8723
50868 24764
62448 33399
35191 64888
55453 59607
11826 36319
55383 55115
48266 26109
24427 34826
56900 6684
55839 56061
12183 64168
5301 14167
44794 62439
60756 57302
29391 50710
20326 41045
64923 15656
11007 18315
38104 23738
61371 16111
57326 47361
10379 7144
62602 5379
19479 9212
16750 36354
39376 14086
56064 35182
38730 16702
6256 12569
10032 55479
5911 26856
14108 5235
55695 7849
54136 1292
12385 14606
60904 44251
33212 36330
46591 56336
33406 30211
10718 28894
65988 34962
2133 46341
14934 30981
60671 19885
23535 3009
23883 41513
5933 28820
10918 22524
54559 50237
39014 2286
41150 21024
59638 11951
58976 35354
34744 63735
44740 16327
24536 12542
27666 32270
24260 53268
10253 28964
33990 31723
13937 60229
56859 21712
767 22747
51765 28881
15294 14076
1744 416
62538 31297
60315 40435
53097 57042
63796 50686
39689 27970
47282 13156
39670 10748
11487 53548
16396 58214
1819 58003
25009 50394
14669 49829
2083 35616
24671 26887
3515 64425
27425 57233
63061 44865
31691 42216
57120 65410
25024 50843
11285 26932
39442 48885
60743 18942
19421 10140
2860 22071
15265 52954
21772 28565
19979 41185
58362 46304
63577 35933
61800 32607
2573 38100
58919 49735
31802 61567
26390 3182
38645 31992
51346 8480
6675 59277
43759 50970
1033 45244
13457 47124
54485 49935
64973 2687
38113 58370
4852 55593
63898 11726
63715 57326
63951 33414
30397 45644
2493 29958
55313 35275
41400 48051
8325 34061
35108 62722
54676 20723
62042 28723
15328 4758
64853 49997
45452 47786
58763 6289
57178 29961
2728 20809
37751 12109
25193 6563
61505 32820
30423 10389
28797 33443
61403 59389
17192 19534
38456 38425
51167 57134
54639 36506
47220 24383
61909 30028
21238 53670
27160 40842
37023 21841
11298 8753
63294 30385
16921 12095
22714 23062
26147 37781
20489 61637
64512 22011
13226 30966
54524 2253
64714 25610
39801 10099
30766 8832
27451 35265
6167 16271
2377 60626
34185 48357
46799 23452
20789 20018
22901 24486
65992 32198
4191 1147
8345 22518
44268 35696
56443 65656
14939 7452
29713 51617
15819 17689
29373 21890
63749 6337
33794 61482
44607 20436
46563 17340
6118 31710
35061 48129
19816 36606
13651 60609
6609 32217
57387 59631
59918 22957
14540 14402
13880 32535
13353 5541
5502 8792
13817 17814
21896 76
15475 37645
26921 60395
20583 64220
38290 51776
13015 52940
20224 61161
47676 53111
43858 53436
18059 21876
16120 65950
26463 65501
57555 16547
54494 4774
864 27118
32155 9623
62085 48170
44738 15144
37586 54056
22448 50145
11172 49276
34868 39259
48816 48972
54397 3130
47271 41229
32172 63862
55276 26045
29909 28256
18088 57087
56207 19290
54187 58975
53649 18330
60130 39581
47419 51952
3902 32047
58010 18654
19083 2147
1304 29763
11113 57545
44343 63803
41263 52330
52646 61126
21539 60976
56895 48703
8057 26830
51547 60726
4862 17094
19786 54500
7578 6731
38762 32161
54960 19076
52692 13276
39889 38722
45110 49026
1036 6963
36672 45948
52945 60961
58483 50667
26888 56805
57953 10240
45253 38529
53020 46501
25860 5312
39523 62844
11047 8881
4846 46201
43843 43445
