14593 1036
3279 36672
36049 69179
32099 19250
29257 52945
18290 58483
13435 26888
71483 71359
11396 57953
55303 45253
4166 53020
3906 25860
12281 39523
28658 11047
30496 4846
66238 70443
3479 43843
73564 51118
26063 16516
71427 68220
54988 70883
28894 37215
58879 28015
36464 12167
852 67066
20927 72324
55393 40928
44598 68333
36422 44658
20380 20976
28222 3070
44119 3656
13397 70771
12157 33908
49798 31633
12677 39839
47053 55411
45083 66228
34672 14476
5696 7858
60218 48888
70285 34047
16362 66519
49616 46462
10329 16229
72358 6257
38428 16352
47401 58817
75675 39055
25204 75031
9117 684
6007 59395
29872 44431
37931 30946
10459 74134
30513 69900
13239 30650
49824 45920
36435 39217
59430 37295
47820 75074
21320 18347
48521 49502
46567 68114
27461 32458
34994 13793
9359 42972
22432 67693
70011 25239
32088 47353
21418 59548
60590 12844
49736 19210
35383 55797
73001 54009
28786 10741
42505 12092
7332 8152
30022 55691
4208 17048
41348 62424
52582 28153
35094 58480
8676 10234
27654 48405
74342 68978
41246 52790
27870 73266
65436 68020
51857 51745
60143 34563
18727 65383
34719 55499
18302 57683
32326 64166
73580 54647
70645 21345
34439 18920
56156 66295
52351 16663
47448 63540
28747 59994
18132 16959
66785 67265
64687 69356
11916 15475
6176 27872
14372 59695
20034 62044
20970 4274
55334 20558
8327 73273
50433 48410
50020 15567
61349 53559
69353 14462
32954 15843
72513 48443
1505 74943
15015 37958
70382 5280
34974 68522
44588 20094
14622 15433
38470 48689
56986 39968
20731 49082
59471 39749
426 38533
34523 63692
65613 3668
23417 18727
66543 18631
13948 55281
39118 6377
66541 39999
26072 37157
20033 28257
49010 23997
21175 64068
70698 274
69515 16034
75 71767
42488 45699
64043 8856
2553 5857
14663 54733
47577 63069
40307 75113
31386 40594
7593 74156
31572 59294
74365 44280
10323 49455
11227 62290
63700 17408
9072 18157
69823 66161
16484 60416
16829 58974
62297 58862
72064 19528
21644 42627
34742 11707
69164 53691
55462 50756
27761 30517
70687 51826
26366 44434
40858 70910
52297 6006
48945 58078
57423 36357
67840 11604
59178 21708
15861 3252
32494 74973
29452 40482
8393 73538
44314 16225
2758 73316
72604 11162
30162 25222
28865 71020
943 75610
9306 6931
7717 74744
30008 68388
8835 24825
4118 62369
43310 65882
9288 2447
67392 15766
31196 69712
36501 23560
63625 2487
28081 36040
70679 26976
17343 32151
74848 75964
75526 58227
61954 11095
31851 69933
61994 42000
53355 52665
24958 5897
12364 64419
12705 3050
56499 44559
46439 57281
55520 23660
53884 54387
61214 3154
7101 69194
12900 41600
7945 50071
52773 33709
44474 11931
14323 15027
32592 13020
25113 71013
24932 22041
70293 37402
58801 18879
18374 23943
55297 33497
24051 11748
36510 20215
60638 40213
32743 53383
9881 22177
58083 7722
72133 42637
12834 23785
6631 3562
70856 7668
1935 39063
12225 51111
30983 12943
21799 41949
53270 18673
63654 54110
63093 42496
28017 33808
52566 49220
7686 15856
21580 6800
49673 26550
283 31408
51174 30998
34761 64616
59639 66667
37389 66116
55445 50470
72846 15084
63789 35297
20290 7948
24891 41725
38891 60926
28535 72499
7666 53357
75915 8580
71067 63462
7990 3789
41105 53412
7493 30637
6573 2441
62494 35280
65910 72624
69616 13306
20636 32286
7456 72707
66563 16459
10501 39927
24357 74482
8982 53314
8908 58456
30829 10999
52924 65593
15714 26668
74669 18661
32272 48930
75881 70837
5210 22045
10746 32134
54949 70456
74086 55543
68523 72765
41468 59211
34180 5478
26773 132
41181 60903
31286 37913
34815 21940
51877 72
17155 7888
39322 63202
59930 35823
41442 32885
9509 49828
1221 46062
60069 27887
73793 66890
13105 36873
9603 5962
70469 21158
27939 70005
66308 73805
17362 9167
45746 39406
9017 11760
32019 51814
48435 16119
37354 18305
20677 72939
57434 36630
71201 56619
39652 27637
69330 66168
1026 41721
72693 44910
39241 34258
13578 59339
17602 35785
34665 32235
15130 42158
14030 44779
20375 27607
35698 60267
36931 43052
27608 2081
44943 17528
26686 269
34601 62460
66245 561
64033 1256
32915 22746
6659 54155
12098 72849
55519 64092
36266 51484
5779 70534
465 10637
43720 10162
17147 70602
34336 4057
21179 58351
57913 16177
72310 46268
56058 49333
73520 46920
1268 50693
14664 23225
9863 1106
19537 16354
71512 60647
4723 48560
48394 25296
72421 58272
19411 1228
56334 29036
16705 2593
5483 36849
40405 46901
47796 25102
5230 11793
46899 39739
27536 28987
32707 30705
13474 64725
46358 47580
73386 4823
53265 36800
20258 64598
31030 27406
21300 936
23207 25702
54041 51916
3249 14542
23510 36353
43541 74594
53965 65579
32528 64752
34971 22345
20867 25398
14169 74149
50141 74075
5076 23007
61695 8567
29155 16810
26159 8527
60333 16703
45831 34030
40002 74699
29832 29880
29220 68562
3102 35957
25314 25147
52228 3031
43026 69854
36518 33151
9100 73416
36586 59498
46026 257
66769 55983
52387 6798
70283 42337
43405 56695
3618 53331
15119 35919
34238 15954
23406 67934
34796 61157
5015 64956
14209 47379
56960 67798
45310 5698
41115 29432
57200 6156
67034 36430
15158 55059
50489 69785
75575 58834
24915 41451
33387 677
5818 51362
57155 25508
222 43871
68147 10723
70576 74950
25826 3326
47740 29574
56532 55551
9172 9758
43280 32766
41146 25806
16335 21559
39364 43153
66470 40738
40539 8238
53529 12679
42754 3654
52744 62911
38753 56617
72668 3149
16684 43818
25145 32822
55109 32395
49696 14135
22811 62073
74594 31243
39447 44670
53226 7135
71820 43725
54 68115
39830 31031
37607 9557
27550 57479
56347 12540
42238 58518
60947 75883
57906 16362
57955 11212
28011 7955
67001 4371
62022 49466
22242 41063
11115 8524
37197 16717
67562 8127
43934 57924
12241 7182
30785 39515
40688 56603
29445 8624
26101 13347
19314 7313
3202 73304
6058 6843
32093 38656
62278 49999
9546 52650
59693 12561
54322 53885
75455 30555
25486 1391
50329 59430
64800 50322
52384 60845
31980 56113
19343 13275
727 44515
13971 3405
55725 59517
28684 67793
23054 43018
67890 25229
60890 14157
6583 13460
73061 1611
32663 8854
15907 25378
59830 75133
17478 16513
60902 66703
69617 33592
73260 46582
41589 55183
58009 63098
66163 58278
55934 24370
71811 31871
58447 18046
20862 5777
62217 7929
58992 16736
33973 40851
32407 57128
36348 67257
68328 46891
63518 40789
31359 70929
35993 19088
57655 19322
10156 61542
37451 40459
30736 44945
35615 38151
44021 48344
41905 1060
70799 67854
10562 18954
18137 7513
19770 31115
30312 66468
50206 73329
20029 7158
28044 55321
8419 45065
54378 25613
53425 26264
43370 26380
71122 8966
61070 44768
54497 24820
8162 62355
27111 61264
55070 43404
51050 75814
2561 74200
75457 43996
49858 39274
62519 54880
773 43073
46106 21271
39140 13743
51117 59547
54922 5531
70546 65003
71583 28758
28907 485
63994 29233
28761 30183
35775 61150
57126 27937
63655 31329
3805 63013
50969 43453
44058 49272
52995 26912
21633 52470
61262 24150
16729 882
70009 47556
3535 1297
51646 9665
73976 46909
3553 3935
11004 72705
56180 15099
17787 18665
60516 38087
23820 57726
6591 25481
34100 47175
49690 5755
42907 3891
27743 26100
59599 25930
42841 37238
44237 22826
49693 28698
36472 34341
55256 22844
33066 44541
10736 72681
61645 32240
2541 23402
70703 25689
6827 2818
45871 23079
29390 34314
8994 13264
5277 2752
4068 17989
32412 49667
26131 14545
2672 44353
19974 27557
31267 39987
16545 59796
62071 31477
14994 48450
73921 48805
28570 22461
60953 69066
33587 56849
48352 8570
21993 15532
15013 18932
21466 17144
40769 24857
75850 25125
3366 69804
40889 49571
75471 49055
49193 41675
51991 56301
25996 32054
9962 6055
31831 24786
13357 70185
39530 38560
15867 19473
74178 42950
5384 32398
45509 6981
69828 36710
56149 16576
48572 66620
9039 64093
66318 27426
44726 10671
1659 61692
55058 8504
64252 21946
13834 66666
56823 50872
47473 66737
60259 49056
20053 65351
57081 68013
23087 60853
68387 23462
35401 42183
70540 49006
63373 68876
60932 63347
57092 64854
35180 62097
42246 35172
32178 52553
11360 4798
36560 27159
59088 28774
31964 26608
60911 59256
74692 30722
49675 51892
44093 28652
3762 40108
64790 55709
42601 49426
23835 74891
63905 20606
27803 49035
46508 33362
33863 72162
44609 11110
36656 17607
36212 11014
72849 38673
1331 58263
67716 68003
25043 46082
11222 30170
31636 5393
53272 60982
64039 67144
72769 44090
31500 55851
62403 59134
64333 61283
58744 56690
2261 53603
12197 48171
38567 65214
29046 41553
53006 35786
31891 50119
40136 3240
48369 23537
62032 57893
72545 30644
69589 34816
45057 9947
55772 47068
72141 10803
43358 38604
46113 65768
59474 67213
35510 71651
40190 10245
32952 36232
30218 29851
15815 12899
25243 15544
41360 9352
15671 47217
70237 5018
24268 71569
25106 26255
28362 43747
63465 25775
36242 43155
68766 32772
37094 39678
13177 35975
25444 24988
38830 18071
29817 71189
47302 34228
23520 1119
39619 39253
1855 36943
16592 45434
35955 52929
5966 53184
7147 1559
72530 61867
38291 67194
16552 19567
64341 52102
13447 29830
1608 29744
75244 27509
37269 62186
61525 30635
62747 67611
57734 72433
44658 61439
24165 60477
6735 44651
33093 11256
62617 41036
14954 24622
8565 56203
52522 54748
64455 27471
9711 57499
75632 58979
7027 73197
19888 3946
19556 49113
73773 18213
39825 75696
11165 16823
32531 40052
15526 1269
73148 65510
54549 46487
29582 44542
68495 29556
49857 54939
59050 55800
58029 52871
38975 70465
56208 39275
40027 42740
74532 3047
7895 74394
13007 4222
27236 18237
27660 20145
34688 43287
10642 74474
20586 75220
31440 51235
22783 49981
72351 26766
9839 51202
20518 8351
351 70057
53546 50651
59049 24686
61593 62231
38176 14240
4279 43102
30341 74648
37763 59184
37057 39931
59511 12222
9330 22469
30596 13673
34676 72471
25929 23284
55724 4203
15044 64044
71377 3518
29467 24471
19529 26084
34817 9109
18644 50580
9360 37201
7817 26987
21748 30545
40320 38156
74608 68734
37829 9173
57561 59594
16300 7531
61434 48320
39858 67965
52758 1448
35684 22522
65598 42831
70777 53853
64723 51263
57378 20583
10544 14516
5225 16927
56627 70314
42248 54843
32817 62686
3391 9013
11971 50987
30006 27064
75393 17031
2720 26959
35326 40601
75530 56650
5274 20812
22963 75379
61670 40674
68022 26605
57964 65861
36459 60157
23789 36103
57133 26438
64452 976
11960 18703
61606 58423
45608 8385
53524 52329
43688 32354
42082 68926
13711 43109
21080 74610
43229 64351
53956 60320
64943 75515
37778 5123
52489 11942
72103 37738
4810 59810
59615 45454
11543 38988
41225 51261
33083 22955
42373 54402
15195 32655
52977 23538
67450 56634
151 60009
71119 50419
60553 24045
54166 74530
7105 12522
24587 51584
67953 5724
47420 31418
65339 20701
57940 35885
6765 70483
26681 38259
35004 8749
71988 28477
17173 64683
37753 53908
57425 72460
63533 15890
15916 48331
3784 10032
31366 13792
20759 66113
40731 42732
72200 53753
1793 59106
72385 21606
53477 33131
12218 27181
14872 66331
60483 5851
15397 60578
20182 3502
65324 9594
38255 60543
66699 49959
35839 45044
54460 52343
63243 51993
61895 4952
31947 1408
59872 32848
72256 15032
18959 17889
50278 42876
24984 60850
66617 63539
17893 60471
9151 8944
36209 10820
54388 71884
44549 31758
66551 57374
35019 18384
337 61708
37073 36588
39133 21151
64179 22360
19477 2368
58530 13175
70593 23231
63484 38555
45237 16273
43574 70079
72341 51230
71229 22080
49442 10170
59683 1470
42177 35816
24728 20120
31301 57758
74947 46936
50197 23323
30614 28400
53842 4515
5721 69770
41705 28334
49969 57942
50605 6260
19937 68535
64924 13474
4853 51200
16548 40413
65837 58195
43516 6871
13155 612
57712 6379
13070 26443
68938 32729
59891 49106
2012 31266
18895 26213
53737 11979
20233 2103
9808 55271
61538 3663
34738 1909
44376 44187
52099 25186
10528 8281
43066 28911
69943 12662
49809 22005
41506 21896
63957 5769
70913 54485
4706 67175
8969 14115
30772 42880
37668 42295
29818 73670
11847 24845
56882 27148
12904 71003
13174 51782
58154 56084
21806 15835
39252 30463
3795 28021
6029 13879
42517 46738
7356 42385
38453 22757
46985 1966
49132 52710
56451 1571
19081 51012
32008 27888
69622 60133
54009 28849
23601 8653
22281 36498
22947 48363
10351 5760
31567 8826
65231 28648
18759 53884
30434 65481
60444 13345
33290 70279
60237 74607
33467 22474
1232 33023
60982 12419
37701 42514
71644 50931
20707 17424
9682 43523
57899 22981
45294 41677
39211 63194
55616 8850
32781 43923
59879 2314
39600 58840
26112 66982
50423 30465
63336 65985
13980 1743
31092 30489
49987 2781
74964 16261
47050 30985
75342 56165
38781 31923
38697 10406
2876 7855
51880 18030
35977 49090
1062 65370
6429 38878
65108 26479
37513 19880
30163 49251
46180 26790
28706 4969
24921 31204
32851 58161
17928 43083
12736 17599
5168 36455
40493 41621
57780 5192
4374 68272
75966 54381
47824 37809
17225 3106
11814 30017
38681 43421
42824 44923
54461 31753
23022 26977
26319 70689
17323 7088
70702 32551
47954 29157
69580 50003
65772 68351
35721 24058
21568 57982
33682 793
63157 8470
38685 64441
44397 9174
15096 25227
61386 6830
9870 18551
18450 26768
29572 16458
52090 12028
73049 22765
47943 71939
11837 26788
51718 30974
1825 66510
34664 10246
70330 55869
16200 61221
59610 40825
48312 21517
34363 25892
49942 32103
48690 55577
14202 23126
30648 32633
61798 39729
3281 75553
73585 58756
42993 26399
29016 35634
8286 10488
60853 47132
39609 52199
53517 49509
15293 21990
18321 61698
5944 57853
4878 55404
39894 66230
64570 56811
15221 20432
12740 63177
30776 2597
70458 49994
17782 56020
50941 10910
59460 39352
48630 70412
70805 20028
54936 72464
20254 23030
54380 33724
12979 49867
64140 60772
53493 40089
36667 59455
4289 37123
48567 49172
28478 73682
58116 63026
58288 9430
30948 43678
47538 17912
13023 61507
48148 25653
71365 20281
47013 24855
7937 548
52185 1683
36161 65628
24879 64416
16012 53026
59601 54503
12016 51728
27802 48909
2800 50337
6630 64167
43714 40346
31926 9337
16506 53581
74001 5090
26897 16316
8993 50440
72642 74136
27153 21282
28306 25458
30540 57187
43065 33458
19341 45689
372 66796
36343 64045
18965 48259
17039 7564
70808 50507
32854 55580
22872 32348
14409 31766
3380 62617
17276 4523
1948 47372
46956 3704
31187 19384
42438 34254
2069 59700
22839 19316
34783 33331
6869 32430
16615 75805
55177 21159
68956 1618
14897 15301
8331 12099
62423 50378
58757 52123
47454 10532
67272 67966
14294 24750
59246 55437
66040 21735
29039 55951
5684 33145
68348 39613
39536 65621
60037 69888
4083 50173
7973 40368
62782 53951
52641 11649
55873 14323
14151 75054
64261 45141
58139 18706
9633 35262
10590 27463
42220 52163
19443 40384
8610 842
16541 22073
36047 64452
71875 207
42623 12698
49926 9155
69542 54768
38653 68808
59470 54637
66264 37794
56388 56486
13000 22366
14997 23122
72265 49107
28184 24432
56371 17608
59187 25955
29950 63763
54240 23854
44425 65879
59442 14450
52263 59070
54525 74330
12464 27863
40967 24332
55937 26338
40964 7731
33409 23951
49061 25151
20007 33994
62164 53582
8800 57768
11958 14313
11189 21775
12220 10461
56607 38421
12657 11234
48844 49510
17055 16343
72925 36276
7862 8424
73609 44847
73621 3889
43208 30774
16022 62639
53846 63596
46347 13214
55436 1247
6744 8003
40954 34876
46091 948
13580 5487
75749 12694
66508 27666
27885 68464
20281 952
63202 49240
29393 68168
14185 34844
45891 62028
72911 44176
48177 56290
15059 44113
36513 48600
75249 44968
29644 41318
56245 31405
73527 47345
72973 52229
3442 49603
35055 7503
23648 46666
35819 43288
40500 13131
44542 405
46010 59890
801 52666
23778 18202
18777 3366
74229 16109
52532 69551
9121 36631
18596 32577
4019 48291
12027 59234
69532 62286
28198 67491
49309 54150
55029 24634
59461 411
44682 42230
20632 2180
48504 47213
40847 5998
42518 42668
74396 58237
11136 30613
6896 63510
20393 52451
20633 10666
6523 45657
10694 56088
35666 62407
58080 13167
55577 50445
63657 38518
54288 25570
35805 18765
28256 68165
67155 74960
14919 66144
45243 4161
56350 16760
14535 65265
37126 11416
63784 39499
69067 71926
40426 61185
5953 22028
28904 58496
51808 15163
7181 63199
1008 70867
26795 31576
39508 31898
27687 27741
17988 22339
33492 11723
37939 13825
43008 57003
15727 3831
1014 21003
65194 42796
56447 50265
23029 36748
16933 28886
49835 33768
69807 62430
65571 16135
73234 17794
46422 70064
9448 64483
52045 11855
5545 43621
57177 29335
2457 75494
60261 8477
10206 44988
41034 49416
75466 50024
56268 73650
75157 57274
53009 30588
54748 29302
37948 33960
15097 15164
53089 38139
2734 11493
42569 14600
22528 11684
60306 44596
47429 24663
11552 15219
57241 75084
13876 48201
31892 16701
57105 41075
52488 49833
68677 75618
10309 221
51874 8112
40669 70203
44501 24886
29042 50876
43656 55536
22038 41897
10012 47845
66911 16556
14946 68125
69548 29117
66841 13971
25416 51815
45794 1205
46020 70556
19359 60373
30969 41410
13475 18967
19195 38906
33551 28693
25857 65515
22741 59741
20037 19324
9877 37145
23219 19120
64765 4502
60812 41962
73890 40488
75953 65848
58839 16183
73990 35842
42364 75232
41437 62690
19787 28273
57641 64884
8951 38207
61463 49376
57962 7709
39692 43666
36003 20015
7363 27606
46130 29501
66498 6890
9725 23465
40686 63899
60522 51356
59234 39204
4930 20866
7457 2827
48332 71820
37628 51418
10058 44226
11836 55370
66463 62053
50395 45654
60649 51297
72656 51258
5377 9415
58948 69186
74929 37099
24673 37011
42144 25572
62342 71829
65716 51613
19774 12756
8110 17158
59051 42392
13567 7095
45016 39856
11054 59970
66133 21456
22618 75650
5131 18031
32473 57919
57596 63235
68691 38153
68518 18983
20808 27495
47697 28592
48871 25645
37080 1198
50780 47478
53579 75456
44351 13363
6864 19347
43864 49356
8640 22050
43214 7384
12388 12590
73134 46608
50668 62112
37244 23545
33030 6878
19710 15381
43695 67560
10683 44367
18538 56862
45852 19474
40663 52953
51375 32113
16902 4456
11105 15572
40578 31570
49373 51990
43055 64046
16751 39675
68996 22609
12250 49201
55497 11746
66649 60775
47426 50083
2390 36074
47527 58343
40484 48146
23628 1521
28075 15729
44792 15287
63737 10832
25167 15998
29694 64123
18031 66814
20309 29483
10115 3019
38771 75102
13257 75056
66544 62849
70749 35878
69014 12394
4948 23737
44141 50327
17177 63464
49378 56841
20219 39108
21267 74898
23704 16415
21698 13034
57367 42629
5727 8323
53853 70453
47750 24234
31134 53128
58223 2589
37347 51616
58842 72884
30672 70310
69994 69480
31349 64037
40563 8380
61475 68014
25431 70646
48214 16265
74767 27193
57750 15379
60514 23681
36933 23585
50053 698
65917 72709
69136 58620
54875 41196
21242 16128
26175 5131
18141 16885
32769 75378
6840 27031
62992 21131
48656 11511
72685 73728
67622 33655
16342 4589
37364 11091
10994 16347
21013 66342
35756 39136
58894 47653
67287 71360
57341 22493
12022 55451
29103 12
59131 39401
45821 6052
3496 68085
54382 38457
6981 70006
51965 58317
65800 18332
49016 75638
30904 64284
50616 41018
10697 68507
49141 46153
29431 70545
3695 66925
41771 27505
12988 12978
43948 5864
19143 31078
18036 4815
5021 24652
37602 18569
61926 39284
18192 28209
61488 17591
58800 72362
689 28317
10385 47064
2491 36359
33545 16842
28267 55315
19598 9747
71933 72070
69177 33420
55477 34168
14574 50041
31148 21407
39473 52437
15971 59778
6259 10913
31253 33316
55028 55751
59915 18776
8233 70243
14531 26708
65514 9249
70262 35311
2155 25249
67552 48778
75373 73878
31712 67034
18819 21502
38178 55010
56262 20119
206 41466
46245 56837
31532 49669
74799 3397
54601 32441
24552 35406
68615 16335
47266 69661
8871 14417
68952 71876
71314 53318
66497 8646
66536 43170
72634 11663
2666 43715
51178 19180
61622 29592
5707 35868
50710 1293
48930 12839
33247 49435
2129 29128
46806 49629
8856 13763
45194 16188
31605 23034
13588 69007
43584 40181
17487 64176
5812 12523
46177 69332
71568 45732
44375 74994
22950 36962
60900 72292
62723 35528
23892 12985
17676 6287
8271 22381
59989 41681
4848 51061
38463 23682
26423 45243
5742 69689
26145 72309
5493 52777
41366 62504
40643 16722
67553 33956
52197 1245
71177 67315
62050 20381
33203 16564
4800 18701
25049 49651
37502 74392
46790 35045
6266 6930
43507 48517
35812 32652
16316 54821
48238 60004
57273 24000
52432 57536
57638 46400
50679 61429
44439 65829
24487 37595
65039 36153
65212 56069
48149 68236
68063 29985
34960 40002
10829 11396
55641 40064
10346 53283
56441 40992
23653 11815
71497 10417
38505 10053
42102 31463
13448 12273
10495 21642
42982 75408
38751 7526
40174 11087
58448 37468
55852 72635
21843 64599
58184 1402
46078 55573
58607 66675
5552 17882
46211 62870
57009 65249
35987 67504
7519 69784
9836 16344
53243 53146
47620 1822
67252 24928
4082 956
18715 55703
57433 70036
4562 45228
16546 32012
8813 69221
30933 5552
48016 58806
47468 22090
50182 68619
74350 22914
4245 9847
20112 48111
58973 17475
48624 67330
48761 46307
58189 6673
10078 55408
75226 64948
18048 49689
69398 22346
48097 48928
52172 14842
41208 44297
36529 32738
32718 70664
14870 15449
3397 38020
24386 39214
65411 63325
67862 38476
50724 34702
73620 27927
15436 293
34312 74560
34117 51593
58494 28504
28125 39954
37432 67572
64383 4644
26238 60694
16075 63999
17791 7537
9707 46629
59251 773
22631 60340
58342 43064
11507 39106
41890 46386
45538 14047
8512 676
72090 45839
71064 24401
38059 52700
39316 46470
20645 1162
22819 13283
47382 56467
66684 64494
29392 25893
15908 11108
26343 69350
18203 67413
64753 20148
3446 53834
47304 16233
72617 63887
75010 906
48354 20399
61264 32786
72306 29635
17010 61696
11301 51821
8618 49062
40540 39228
52188 47776
62740 56144
68904 23879
53844 70311
53666 35322
75354 14247
9667 57485
16427 57588
41554 21212
9721 18334
58980 46366
61058 56881
67812 762
45157 47086
16822 26014
72261 14506
23851 24847
16913 37343
56705 5277
65912 17522
7264 51714
16275 55189
67909 43413
20057 4143
39863 21013
21582 26083
21230 62823
42292 34839
29553 15571
45354 55194
68013 64104
37231 72106
10337 16704
32848 42584
25730 52413
35973 65780
16407 50968
69925 17226
12246 14383
65874 14140
22104 2773
20211 16532
22440 20388
44253 45105
73875 65537
5400 1789
3719 31000
10647 6821
5959 44846
75599 56318
34689 1053
27632 56929
74992 62940
54603 37941
3970 36992
65279 10829
71510 56224
37968 32473
39597 19988
63301 67010
32097 24493
53228 32699
38986 36850
59447 15076
9565 34542
7853 32422
20720 56251
57620 26007
54477 62115
63472 13509
60876 65842
26742 23749
44590 24730
18831 19494
40971 30066
41854 15790
45269 17341
52261 52597
17140 5029
48568 35896
67500 25190
73617 19164
13918 55877
41828 2315
31686 26168
61142 11920
16060 6679
35059 49854
58930 53386
32496 68810
18466 40167
12690 30334
6633 29069
38039 44064
50352 55847
54806 62810
32542 8042
20933 66829
42918 55978
75719 6771
40989 39884
24882 14426
20886 35291
65309 47655
67467 36774
61187 46010
65374 54798
40442 32371
65192 41923
3038 6234
11803 23823
51544 5360
66250 71
59931 6833
31553 27785
28200 37398
46255 61874
6378 36722
6625 13208
36878 56480
64867 24228
61681 33065
37454 64394
70346 47656
1072 43816
14090 39893
56483 14619
17556 12700
47944 1791
52856 72322
47965 17080
5931 47261
52506 47368
6706 69320
74748 48706
73639 31229
25514 36169
47517 27530
37828 50339
9638 11434
50640 13942
66094 17103
59029 15776
72071 5380
36664 24961
15573 25288
16865 58428
12673 12929
51630 9815
48916 71642
44445 39516
73117 62155
47921 26477
18910 69935
26091 20143
66732 5743
52611 16756
65547 25128
5939 54816
5101 72155
17962 33100
43653 73446
62095 45527
68070 47974
59899 58784
19522 15392
67569 57164
18322 8875
42988 63285
41751 54920
51506 68651
39222 66044
44090 2868
66495 21881
66810 35934
69775 16900
64206 37966
73784 5957
39295 74210
62246 7969
2181 24929
48282 52101
43417 64885
14367 69792
54597 67304
40328 9829
3493 21695
62206 57377
34804 66753
75822 50352
75712 51151
29825 52541
6732 35586
62974 27123
22350 24126
68713 472
49833 20972
19370 28549
31746 67214
4139 59696
75048 66037
14405 68823
25007 33926
2483 39769
57808 28880
41117 38845
54891 35195
19849 72372
54128 15612
26725 22428
53789 29351
65775 5979
61815 69936
8164 31224
18099 38253
67985 5124
27177 19417
73517 36407
42605 17429
62702 35447
68876 6753
49392 32638
41125 27522
22700 70071
60250 15229
69879 184
44870 45543
71602 48381
46438 42541
34651 10912
63463 71995
25201 34609
32312 17513
36570 53523
73150 38653
39125 42551
29474 7506
39009 1365
37881 46594
27169 28742
64095 36660
41556 23166
62889 33553
45719 2050
73465 70437
35843 13952
37722 50068
15975 33731
75167 72205
71198 27022
49768 57959
51713 28920
45238 42502
19199 35232
38071 26729
5514 51835
10359 20401
45399 58466
57984 30373
33613 56873
62794 48319
28048 19443
26486 62785
35538 12281
73665 65007
35602 23792
17993 60214
14317 24252
31364 23084
31780 24755
6654 74667
69605 64294
29580 23647
30519 36969
6881 2759
13134 40654
54173 21355
43293 23296
61919 51669
13179 9104
18019 18812
680 9444
72136 55889
20702 32146
53335 59641
62351 52758
62581 13138
26144 69046
37650 17996
42097 1546
37410 13072
7755 49529
11726 50331
75253 2716
30438 14423
70144 1777
4889 5734
54774 17325
23041 10958
4764 35083
52035 18696
64931 1770
24421 1232
37942 13939
4911 71090
1215 44354
39111 11137
74444 26519
14065 18250
43915 62971
37299 73775
59553 58239
71212 21384
68724 40290
64739 43484
17590 62772
66089 20253
61345 31957
35762 7324
25273 71242
14765 35057
43344 71253
21299 16132
60151 2780
33721 5837
24406 13477
1847 71388
44186 38895
38670 13444
74421 67049
25319 54433
23003 18591
53149 159
56060 29402
67539 3146
42983 29711
11369 55986
52539 50513
12503 19317
24220 46310
18431 37598
42416 29608
32513 50430
896 14734
34182 64464
50276 22225
30871 14436
58555 29429
34996 13335
43205 36938
39577 46834
75089 10000
1499 43742
34283 15513
47128 47251
30973 11116
8143 5682
15496 19806
61001 23340
40214 56182
20935 69532
53139 43889
65867 23772
40761 55738
15390 19690
38672 39527
48175 37619
28948 45664
28722 13622
17508 35533
62677 65438
20079 34787
59635 10010
48972 286
54506 19483
71990 19214
61713 41977
70454 19370
28628 51197
32436 58550
10731 62710
68880 8823
58557 14833
69229 75740
10238 56028
73947 36501
14708 18962
8095 11856
71782 42344
66256 23839
26498 50466
75066 46218
70342 41854
19642 64777
21567 55553
68203 63084
15236 54257
26923 43708
64072 18117
11920 32232
66896 50225
58391 54875
7293 72003
59433 65157
17295 70615
67273 69963
54451 64567
59874 69793
73913 70283
7568 30162
73243 50414
60605 10960
40393 55292
2854 69068
51898 75744
33353 28749
396 11437
28561 30828
75801 47410
9573 376
5937 26645
55535 2249
45159 47501
8358 73188
70932 62119
7898 17511
9047 14439
61876 7809
4160 45790
37630 47299
53592 18265
23591 38627
17751 60345
55098 18893
49082 72287
50133 55192
58791 31785
49480 27622
49237 29438
10519 7323
70688 18062
17432 15367
45583 18754
15550 49475
23393 3454
70420 55668
51519 48718
69317 7089
16692 13895
29189 9670
456 62499
2980 20733
39108 3957
60687 19253
71362 47874
55592 18518
69722 10354
49713 32119
30103 10102
32442 1636
60376 74604
45372 54591
20333 19624
36130 23911
24705 61574
14791 18365
4223 69134
54951 39258
2051 61629
31545 53940
27012 44216
8820 58193
13225 1732
4401 37588
58516 14584
6381 20433
32078 7865
5799 4210
52726 22752
57536 65968
30716 21018
70748 1425
7399 51956
18368 55525
66047 59546
37915 33824
30693 74982
75512 65782
41800 40113
75691 29795
42031 55532
31052 20553
39553 35629
18778 12051
68322 68355
28973 49488
54207 16402
39388 27770
36065 52482
72971 7340
22956 51419
55995 24078
72857 73308
64963 10120
6146 61399
45144 62576
49959 41051
68743 53098
41778 49869
54569 21604
53512 7166
19559 48691
39307 55604
49344 25524
24102 35379
70508 14209
62066 13684
31585 10199
29537 47541
39419 43971
18921 3677
60690 31396
7553 36990
73714 21334
54091 70985
54593 13955
73045 8562
69468 27776
17576 1439
50911 40517
31832 24608
33423 72312
26652 26441
43289 4243
10364 31502
58955 35281
48638 11147
12120 74728
70207 74030
24967 5882
6756 73891
35188 63414
49437 5988
5184 6298
9540 41233
24663 12218
73250 40450
28445 1112
62836 46747
27380 37016
43643 52185
39740 65565
2010 25544
27763 41219
24907 51203
15377 46641
62774 16977
31798 12764
26806 43427
51988 53384
31370 66006
72363 13239
42155 65822
37102 19686
49895 3105
61113 50085
69947 62516
47089 4904
34284 38027
47140 21132
67216 19863
65180 60701
61081 10323
12925 12228
41974 30353
26625 28266
48590 18464
41016 21109
54255 65749
5993 67673
73732 68589
29003 44750
19127 58653
2126 17197
34181 44437
72524 38122
75910 47228
54733 5245
38692 50808
19977 31341
25716 27371
43237 9831
30150 19976
49787 74305
74684 65212
32209 12768
65445 1959
72174 18694
44246 40573
33729 71715
64045 11426
64304 65394
60402 12336
22051 59613
46161 41120
22186 22246
18345 38746
71637 21165
64005 8935
24124 36716
71059 75565
7699 47623
68675 46317
4434 11696
9743 9324
6359 23487
837 60391
54054 33810
18022 62032
30335 33558
8909 57940
19796 18409
1199 16249
28669 74546
66288 63998
59771 5190
48917 47642
7924 37569
63335 52552
63945 53613
2062 16907
867 57781
69759 48069
53915 67172
1554 41111
2193 48980
69392 10944
36011 54159
70221 66315
37577 58995
2247 34450
65827 5594
56437 7479
23497 32089
14027 73506
12625 1042
68733 20259
19517 13802
25157 38098
69004 49260
33085 20737
46458 74729
35039 52335
52023 9566
10358 29236
48897 50886
53219 60592
60162 12256
74056 45736
31878 61064
29604 61406
39319 70139
10567 60930
4153 14303
12256 11249
53121 23629
49711 14202
72444 52029
62391 56770
1239 26146
22464 52629
10838 43087
65518 8451
56874 41588
43421 44883
74168 63740
12500 27871
69227 62420
5578 14985
30116 36488
27711 59583
74290 71445
62325 20414
35533 61600
6103 19073
9745 27980
36750 41968
73861 74476
4313 4106
23509 49845
41221 8179
2053 47382
18900 56376
52206 62051
10085 27974
39227 27721
21293 3008
73920 55434
31520 35370
74278 33040
51008 23083
70853 10957
43481 18578
50312 9078
18344 35902
10280 53094
65640 10710
45333 39104
7039 59169
12804 55014
57291 68784
30428 28064
9964 34007
44643 24128
51997 7045
42779 12117
3884 56169
35826 44830
59055 38916
64305 21566
29903 26032
46637 45781
72488 54933
49208 63128
56604 62325
24346 70190
49817 21062
11233 57251
38716 46491
32303 74753
9635 51006
10753 1302
35124 73520
20215 26026
49808 75824
20222 18956
51069 42433
41508 41487
47278 1860
13966 19728
11996 60118
681 19332
40406 65464
58293 41473
47176 14891
35359 53266
13400 34447
17368 68249
11443 482
24562 59056
56490 16479
58831 58895
73006 75810
72711 12773
67167 4783
53484 28656
13539 24597
3443 55074
11747 71577
46389 21772
72643 28330
12199 45625
42524 25056
50494 75608
1618 1884
38254 48531
54239 47684
50830 2123
11102 39577
73340 40235
31817 65810
74968 16351
68303 65423
22228 59769
49904 54271
22217 53791
18199 46102
35248 46166
39470 71103
35181 55817
64635 68573
19128 44018
8293 14861
21917 23045
56974 60139
36171 56150
55195 48906
39290 23187
63470 72451
10083 21320
47334 71142
32991 57132
32322 50013
64986 37360
25631 57344
60013 37126
14022 13006
17759 11485
39933 13607
888 11750
51865 2154
43545 13589
49793 65065
43194 71400
57701 13069
43875 58210
56442 65977
17843 4278
39379 37999
26327 55135
62785 27771
23284 29214
52199 59590
41831 72298
38201 49949
64358 15008
75482 25633
31776 61549
42715 16311
49291 45956
36740 60811
51503 54125
47844 51880
14928 997
73906 29352
26189 66528
71517 37173
23584 35077
3528 34669
60506 40292
27480 54358
57470 31662
38186 545
9065 54337
53628 4283
18243 2036
39693 3441
31723 20104
33120 49075
20204 68022
55461 41612
49413 43921
9695 22337
58861 74998
62815 56364
52535 31698
70041 72842
66403 25253
54828 51553
71257 6761
4819 75741
47125 56244
70374 16892
11139 51173
14336 22770
32537 52838
46532 41698
21803 67801
5807 20768
73823 57332
52379 30274
43464 13052
56421 16559
13887 66094
1383 15516
33914 75620
29099 51382
66936 34109
68000 20848
73138 42259
75398 12224
28972 12225
58430 3361
49037 57334
51267 1513
60695 20061
19759 3647
45216 71261
3220 10325
63278 74947
13704 50123
38723 3315
54523 17112
11254 59469
15214 46940
18570 24453
45657 31421
40881 29066
44967 38919
59682 25406
27115 70179
68304 49560
63299 34142
45653 6783
62412 36041
12796 10875
57432 18845
59304 3034
41801 75938
8805 13556
39357 14541
5857 60179
15085 16081
2961 14035
44968 37023
14335 23676
21543 12161
31971 10143
67633 64782
22866 47370
72340 27260
20990 51223
43384 13196
73381 64362
55886 2878
60563 54231
30390 9644
53091 63769
24177 10003
24431 27564
56641 55039
51850 49186
3827 41103
25864 59098
58927 21117
56303 23568
50966 39159
584 1330
28154 23420
26973 74357
36484 4123
8201 15363
13337 44933
70372 63428
24506 71629
47946 658
42728 20761
25831 68387
59973 33358
14937 15938
34388 25277
64158 3874
69169 70249
41079 3020
50940 67895
51452 67076
14973 19969
45604 28352
46136 47827
22614 15046
38987 28438
11109 3867
17557 42932
41050 18162
15449 28805
31271 10938
15329 16592
23993 35074
18529 35871
66955 63121
50917 26115
54820 12055
18071 45686
75341 72286
50294 38578
55449 61217
24348 64986
70436 57156
22707 67195
72734 52422
21872 25305
37859 32781
18389 22671
24524 25937
41233 36843
59114 51489
47060 13487
1257 40841
63519 21713
17896 26979
25576 63942
50325 56816
73608 58479
66249 55541
64877 35609
53627 41780
54478 14098
58177 50207
64055 56271
21923 26178
10836 74337
74108 46258
4045 49016
28906 58905
38285 21922
4286 4425
36026 67025
29471 33170
70466 53715
37837 38467
22048 69534
59943 46171
74141 52207
64922 3925
72054 15028
66953 23581
14839 56281
75067 24369
14970 32155
35113 9522
71187 28205
48086 48715
71047 48755
5454 19011
57851 41216
71612 16031
28645 1263
55726 41759
13424 1429
32445 43106
39022 28020
4225 60998
34448 74380
45689 42148
11402 30494
57550 73616
15387 8682
31057 50541
27510 37174
45958 27811
56121 69110
21756 13490
18250 73526
27083 36445
27125 9808
7781 75229
74721 55280
45983 57044
69768 41653
36843 41959
70618 25972
22070 25838
42422 6510
38357 64741
37924 65360
75070 6134
35042 35969
67426 55213
12482 15632
17772 16266
53949 59348
7771 22432
36350 42845
16632 50182
17393 30989
32726 75552
19169 2788
42218 37361
32448 2338
51473 75466
64155 610
18635 60526
75685 37273
35222 17179
54294 52798
49175 4851
59244 69923
9899 69143
12203 5128
52803 44223
67583 2133
36468 61590
48375 12468
59598 54406
63969 39453
42899 36003
325 41575
12209 45328
60090 52474
46953 10456
8301 72936
70049 41049
52130 64726
28552 6170
56315 51555
27768 39118
64844 64663
35198 15914
42319 49009
37172 13467
44271 3839
71738 29363
75751 6270
17118 1363
74206 18185
63615 13781
45055 42318
6346 57106
6022 29668
13052 22308
60239 11537
2135 48350
16285 70459
20708 648
57841 6881
59837 34038
89 5647
56073 14524
26519 6292
17291 9836
39567 34568
20838 43166
35917 49750
12235 35378
47243 22327
32820 18057
10804 60385
48739 15716
21696 16553
6788 41856
51950 19399
40044 54172
30690 58561
56261 16040
11954 68389
12476 69153
143 31526
27974 75745
62497 62643
10216 64239
17394 36772
29648 42194
68085 63270
58336 29601
1218 12033
1057 34579
45033 38829
15807 10853
55354 46270
17325 73206
62614 31769
9284 10226
30009 9850
50210 64829
11709 7900
13426 27850
13527 1721
41072 61362
48178 50471
39224 24631
17974 63917
50165 13702
17452 44624
18725 27350
8967 69160
69535 67362
73832 41073
1111 40872
21512 59510
57685 20185
46031 66128
27926 13850
19841 28677
53964 47664
57985 50539
28475 59302
11363 67301
13169 26611
18352 52456
16143 24636
50336 8997
46077 36417
56281 55456
41223 21522
18328 40259
32478 75661
36303 13378
11043 19306
72535 60419
37346 14048
3516 14445
39538 31532
26929 2175
67863 60405
24727 24515
51348 34965
38738 3747
7153 62422
31371 69585
64866 59329
50579 46132
14778 34810
31600 15510
65482 72130
9308 11019
69244 46456
1582 56555
47330 27796
41481 19743
17300 52027
50704 65824
74499 56473
55164 66575
47896 43744
71613 6968
22646 57848
61737 35729
9568 48468
2188 12821
8852 6441
1808 50138
34366 55390
28278 25420
5221 38536
7926 24832
52164 52782
37551 23154
65674 36167
54452 69411
52728 64700
70329 67977
70472 56829
20013 14312
36369 6537
10958 32630
40621 14560
67018 28781
26634 15098
20366 6965
70306 4678
42828 75397
51214 34889
8666 31296
40655 8631
57343 69748
31279 13243
7590 36106
32045 29684
56949 53027
15203 51369
59425 51497
7213 13279
23023 28822
15656 35163
1661 64904
17985 26963
1488 22418
21474 26684
65066 45565
45444 37748
68552 37746
67794 408
33981 12353
21885 24259
48742 65961
16638 62490
35228 40020
15474 31277
3848 22313
43911 41303
56273 21843
35650 24556
68663 43537
8372 59667
34466 1670
75583 62207
10102 56089
65032 43786
59664 2730
66950 23268
47203 34582
7267 10090
65485 22378
74303 1276
21874 46157
48194 62106
20619 64004
33439 32442
13488 61941
75224 14338
15118 5922
29938 2280
66693 74353
5773 29923
1611 68849
32054 65949
6027 21929
61836 19213
47708 12309
50198 13107
19672 39925
23457 43998
4636 59326
72466 64313
54968 45978
29428 71528
42180 63766
32541 33232
54560 47749
41935 60130
35555 1778
10209 46220
74913 39471
48865 67874
15651 63486
65804 14780
6904 35382
23508 68067
29254 2717
67604 19386
6020 53782
52551 28870
9035 18565
60961 46819
37003 65252
40724 4051
42900 32030
11323 75706
72495 56456
59867 47110
1045 27042
48355 11702
26303 25408
38220 49517
73900 14147
39835 35904
31796 71424
60808 58887
48271 69063
64666 22932
25615 34775
71639 45724
32130 43411
19736 51253
836 54696
53745 36209
3134 40544
70982 24979
45407 5388
1258 75959
43912 44994
192 16117
49320 56815
13625 59642
26896 74274
69444 45482
31218 37803
55027 14443
64492 1093
7851 65396
18662 19285
36678 61122
12194 19691
5755 68576
30340 37983
68126 73157
54141 21314
48824 39800
60092 63810
11129 37783
12528 38631
66248 2044
17500 59489
51689 5368
9809 28486
74426 37096
57015 16179
17133 6973
31035 64012
38231 40085
34209 668
41289 56404
42763 85
41689 6541
59344 32956
35646 18052
30620 45904
9790 37129
26570 65798
17841 73499
14284 20322
20370 11273
13849 35478
21545 18697
58926 25786
61087 56630
41161 10580
53283 38117
15826 28687
70245 4213
46962 62021
27216 46483
40411 32602
60732 50626
34736 55387
15718 52313
11852 12864
20659 34244
39875 39587
5287 40729
42965 22716
19442 73913
11956 57124
32535 42269
46628 75782
51937 18243
67301 26150
6417 32771
39170 17786
34101 54567
22790 72652
4074 26152
53005 39461
59271 39977
72870 11220
72106 38973
32749 60445
12416 71544
60561 24035
13358 49279
18323 57265
15920 12589
1568 18168
8084 69019
29136 57921
17134 41060
25970 46866
48791 61392
11016 46425
33925 56056
9829 61152
2858 55117
8451 53774
25920 60462
58122 3628
16881 73258
12056 3464
43457 55171
5597 11591
60424 18427
6638 39635
22019 31805
75221 67136
56775 48905
51774 16683
65029 71208
3865 74131
50166 38450
55924 7018
22651 51467
46393 16507
28144 52815
24531 781
36043 60662
36682 67897
58460 60323
19482 7124
4542 11097
32216 7169
65391 35413
54001 14032
72180 43711
62788 12767
7993 74114
11498 63107
36671 43426
50203 7978
54950 15918
68920 66955
32657 6950
71259 26879
2560 67668
50135 18895
47070 73669
62874 64921
71372 17879
63528 29301
45094 20287
74142 39439
65850 40750
42154 846
50906 63565
35447 26307
23569 15036
3417 8801
41796 5
28708 20057
3841 15865
36823 68135
7680 12697
61825 32402
69394 26778
46850 13580
30509 62095
20923 3232
13125 66297
32488 58172
31609 51212
34935 7295
69952 15967
7329 39312
28759 63403
75458 24124
50912 30793
46505 71660
22769 34115
23082 57558
31006 16148
41682 56670
47027 19169
3698 2839
46096 24224
74404 18572
73874 31547
18626 22384
73808 67046
64518 71655
71058 26261
40509 62412
23011 62976
64283 38016
4976 37939
11831 13110
30491 64614
28680 48148
2613 36069
69003 51274
62651 50571
90 14069
43482 60813
26407 54644
17104 55684
44664 19421
23261 3667
42414 37149
7807 59911
2873 15746
19361 73953
18567 51044
14539 1445
68983 39684
47827 4468
9507 58259
48968 5588
51852 46495
13243 18259
44114 61330
42285 60077
17885 36295
57262 1196
63859 20751
41587 65620
22834 65957
73660 27628
46770 45723
29261 68821
22984 67246
49596 8227
40216 22872
38603 19845
23293 46120
236 73813
75083 44472
51328 60226
74382 18356
23866 36483
41710 39706
28954 51634
74128 8941
13646 63406
65036 49352
18435 61834
43407 23643
10199 75503
31195 66451
45458 68870
41880 33978
22006 16964
11630 42478
44008 45626
58541 52924
1494 8857
34762 5889
27484 3870
32708 20864
8886 30370
45939 12654
33641 13923
14161 65462
168 62445
6311 42423
50586 30348
57439 31014
55005 13820
54267 22807
64630 50343
49639 55058
46037 8438
71569 8117
49198 32832
13295 15005
62848 4905
75767 9553
29568 57873
59152 49064
9662 3862
4380 22816
38655 42095
2632 14112
41775 58919
34227 49497
13727 17461
9726 75207
44802 72938
22297 26180
49213 25654
21091 33096
9831 64370
71703 57346
12204 37499
44296 29557
63274 26371
4063 21246
56535 56894
21627 69276
56912 25205
20592 11275
7020 3178
13273 12610
43398 26679
26942 4357
24902 18424
53646 687
72629 47129
70796 53481
34769 74488
36900 9433
38981 24289
31136 69227
12572 65035
6506 24922
51499 27195
74944 74760
72046 62094
64350 65648
20132 46152
7145 46726
47295 73230
501 18072
56048 8803
11486 57525
38608 56035
62958 49299
26172 9289
12713 74600
3374 10243
27126 16672
22392 67797
38249 39090
10740 13227
62072 15457
15140 65368
40417 30222
52097 6748
61728 70850
64107 43375
34735 2955
11946 37998
71320 32950
50794 51174
24233 46912
48631 8907
49997 20692
48419 37758
24456 9802
58429 70048
5849 75414
34511 31641
60957 67864
34525 65543
29655 40926
35201 52327
73957 7425
8080 71558
19809 14533
12676 61733
11234 34479
45062 3930
70969 4231
54263 44309
29821 55235
72562 34195
7994 26282
50739 43849
68496 7785
54871 18257
70191 26770
62237 71708
30887 43203
62425 8170
39172 30883
10349 64692
51748 73906
4552 4635
65812 45331
74871 9276
67741 54558
74906 10564
19327 72277
15766 62754
58857 16970
22660 35457
21911 5472
27773 13640
25261 4667
16540 65090
5594 66533
55493 29524
10272 45909
57068 56560
26466 62600
19383 39770
33802 29853
41911 2811
8784 7256
11407 3455
50869 25713
72924 70017
52083 49728
72359 2372
42747 72417
36203 63200
68117 6835
60052 50742
1621 49445
68494 16416
54998 56325
14749 55946
19614 72030
19425 18058
74265 15150
13846 57404
73753 15466
13238 48197
37499 46110
45072 25382
53857 44975
34621 57217
50207 7593
63647 31218
74977 30414
62004 12058
22571 1318
36100 29770
52819 54142
18856 70284
52655 74456
5084 6001
51878 1953
43450 32758
31140 7456
6461 10042
62288 7426
35204 16609
48817 57483
2652 23671
44285 37041
39723 5731
40757 41174
36746 45832
64438 32014
12874 38328
29879 17003
17615 52143
39385 62745
42057 16041
35314 10067
54628 10012
11704 32795
24634 71257
57897 26983
27708 64872
53369 46788
63500 28874
67699 58136
7368 48095
67538 72274
20837 38363
8601 32009
40780 69055
66427 35067
52873 41794
17780 70965
68720 65988
74538 13682
22773 7078
25266 45435
26310 53849
7554 63729
32702 10283
4335 26681
59828 17975
6627 68288
47236 30217
26098 39969
35911 72479
48281 27626
60847 16089
66208 48810
52029 18608
16237 4702
4006 30816
48820 57709
64067 59476
58472 14974
23277 2791
62205 65393
45844 35429
45122 36434
21433 50355
33904 39376
11848 11075
37365 7828
3598 36582
6508 50324
21353 64928
75008 2471
28092 50147
29013 58199
29506 5822
27097 29419
35270 26966
53675 49720
67277 24174
2629 56504
1167 69795
62141 6850
22702 39997
1110 4104
29330 70982
33082 45588
40038 3407
36095 44069
55550 34411
49346 28383
45707 3585
28602 44689
61172 56896
39603 56040
68242 7487
52056 14315
13411 72522
964 50871
67046 37673
49052 70093
73592 60753
37052 75053
39122 74489
14170 68015
63143 34092
8368 21306
44078 49977
36240 61255
42617 31225
36292 17285
34230 1991
39164 36792
24689 35966
19652 32760
67803 71147
31497 38775
7442 44242
52966 74853
41889 51722
18341 5061
3337 35950
38746 47409
34004 35226
54863 32836
53032 16294
50892 40226
4630 74507
74979 42073
24893 34671
44980 23434
29146 58171
70076 60651
62356 2264
46989 57660
39348 1163
73171 61138
23742 47019
38507 62942
12794 72956
61707 28554
16770 53558
33903 7679
73274 75966
23996 10427
43993 36235
11705 72280
29132 41161
46568 8395
29273 57730
40251 33818
55113 36195
43427 34019
48718 16676
34153 29809
38542 19255
60787 6499
15438 30497
61675 15001
7036 5047
9335 24151
25500 66417
65599 57713
15705 41594
50027 5500
69447 72537
39107 29879
54147 7971
7087 33955
19763 33744
18005 2113
26254 46313
44915 30763
53634 45840
74633 14309
59975 10156
18773 66446
41470 14836
23640 66983
10593 10152
63909 31062
43599 26745
23177 42702
41080 74759
7604 48675
618 54522
59252 9358
35852 55899
27445 37105
22100 3237
75535 42801
20767 47224
64170 43908
11540 53496
16962 49115
56848 61694
56284 38544
52874 4084
56234 48275
62574 5848
50243 38126
612 19670
4945 3347
69964 13925
26138 27720
48904 41040
1846 66952
42234 66609
69604 45096
24980 28164
2349 49656
541 4273
32614 19671
29658 49951
45135 10282
40907 10134
16900 29437
13463 74109
50273 65995
65974 75293
40124 71858
21892 54799
8558 70644
39086 15892
38120 69175
59760 6742
68196 61910
68698 68741
44281 68202
56842 57806
17537 41542
44923 35283
64249 25563
47088 75399
24698 38413
21612 31986
2507 43082
29940 31861
29403 47444
17198 30264
27682 59746
66144 41264
22150 15128
16144 31595
48050 58329
4898 53730
49178 47433
33527 10446
70089 46136
6369 73461
6287 66276
14171 10020
2588 47487
6323 63460
15177 30193
58238 58848
49841 54900
71734 30116
33127 74625
62181 16421
20071 70467
26935 32106
1220 53428
39468 18107
55165 34116
13236 37603
68198 44771
35387 41137
17979 15462
54897 10684
13752 53544
67055 55185
15432 66195
37055 19451
14944 75500
13929 64776
65240 25966
26038 23582
26182 59516
34472 2034
68570 21860
26434 15833
46914 54871
53708 34522
38713 72690
21021 61586
5165 13238
71846 16568
65059 4467
27223 56548
63002 3137
43333 9571
30738 17352
359 67489
1672 69378
11666 55360
14475 46448
75256 16706
64764 52733
19549 73000
11808 31646
67071 38456
9837 15602
13277 44147
33541 44125
30299 14126
59868 5930
38801 9667
34620 46526
60854 58838
6565 53593
13083 58951
22899 57107
5171 37918
38086 62536
47215 17644
40988 24046
55837 66765
15192 10983
12452 19957
6015 1021
18140 48481
43079 59445
46862 49726
57373 42001
35168 57487
12184 23164
48841 66673
44922 36609
23970 12701
14921 30444
52531 38975
52462 64657
59840 44711
35630 6330
50557 73942
62685 68839
55279 66615
21861 55928
14819 37390
17369 42311
7687 50341
20893 41757
13594 23386
54530 18770
63266 5497
74573 27615
57431 56432
23759 68045
49775 36472
47003 75385
3778 41205
17126 13038
63319 45528
63980 37329
14803 21705
53908 15539
57762 37729
6026 35894
8302 63785
34291 57530
41188 29313
68789 22194
74058 37812
29359 34004
44342 13910
68040 30367
68565 36521
12484 18482
56735 12580
32582 27112
63168 72374
45319 66677
50447 22132
19485 5210
73184 70757
1527 70506
20569 25577
66266 874
61511 3379
64991 48437
21680 26627
9813 36942
64442 74864
42027 55903
31575 58305
43372 68275
6600 16539
66445 59487
29191 38659
72155 14368
49629 15721
52859 58250
30802 56658
10333 64652
60175 34480
58221 11386
75109 17934
58734 15265
11537 46363
65334 10364
58599 29156
41427 9746
15560 20543
2330 66462
13454 43954
52880 36191
54047 59437
4697 67220
73025 9711
71972 41263
23 5028
11914 56804
39925 13165
66629 68328
73707 41619
27113 24956
59797 73161
44677 4671
47625 1045
7114 32233
29219 17941
59567 49311
43513 28864
73421 25648
62015 34772
47618 61619
59315 19849
12772 63506
29065 24525
288 65107
44743 17275
46549 26028
38271 11628
71787 67674
68418 28075
49007 420
13936 56928
6001 8817
21517 64316
64543 73104
18409 27335
53637 23346
14020 5088
33331 54809
25680 34482
24582 49846
15827 30765
51498 45706
28258 63470
59906 69529
44294 23602
14126 39335
54326 30395
6095 38289
16151 63578
59951 64255
66087 51408
17648 46810
65383 71227
569 63041
69516 38721
6367 12653
56730 28696
23227 14729
75833 37654
22761 54998
16828 58612
13574 42651
50779 32427
42185 55688
66075 15181
50419 23095
54876 60914
32538 41800
35861 14882
52150 45558
44940 52179
38558 16785
59356 63405
17482 64118
18112 54003
54100 30784
67148 3797
39180 38133
71803 35118
41145 66518
72560 28195
28488 53610
26331 7970
27488 73697
38087 42362
45259 34290
17390 41631
23307 53901
71106 51299
42256 57928
15127 55732
46169 52256
73700 34171
62964 7161
74795 35169
54720 63637
69980 44544
37478 5981
55364 40438
1674 58673
68516 29008
13956 75040
3313 21829
49922 70257
19049 27028
6956 14460
7420 43213
26202 16937
21095 70749
37568 2611
32842 2768
19193 49701
8131 11830
26739 43685
70933 46230
4235 72469
47014 8319
59323 6451
13433 67981
73648 27586
29401 47461
73567 70186
50973 26010
31143 20578
66968 70216
37702 51843
6158 30060
50015 38036
50798 21156
40981 43451
72369 54185
7052 28262
1700 72477
32944 32599
26620 1788
58074 4729
29564 2626
48201 69017
71646 13438
25752 65733
25363 52159
38559 63557
58828 5543
23256 20572
9761 37106
24508 39514
22780 30148
67351 32416
15644 4428
49441 35712
5327 16207
56166 49527
36584 52528
72955 17196
34635 35390
17049 11131
21094 10031
33426 9685
740 54445
43328 2642
61123 1933
20291 71002
5236 19903
20147 12525
42288 51266
6666 25466
64298 40920
75062 42432
72111 55726
46935 67156
9553 3072
41663 39604
68865 35921
28831 60150
24101 26564
68237 13066
8937 34639
66210 75524
20890 61788
54517 49360
71183 38174
70391 56300
52877 12198
12052 29132
45797 53259
28993 73531
27965 36512
43501 63354
43394 37280
47291 69889
38480 66401
28633 32063
69534 50124
62241 2257
73576 65148
1154 51596
15037 48856
45352 14196
58415 59280
31503 29369
31959 3263
5227 52082
42066 30424
49988 58601
14861 48474
50578 62496
33632 73814
70810 14281
37071 40713
3239 43573
67747 10963
49147 12503
67412 73517
66681 22185
58401 27222
63807 64201
5748 32764
38855 10996
25233 18525
41985 52848
67358 62065
10794 68604
12578 74271
21941 30466
70514 7725
69889 64674
961 33034
8582 53984
27628 40824
27942 44286
55602 19742
13622 4786
26946 42133
70485 74097
57048 53286
9453 731
20153 35147
3114 27424
60192 73717
43479 64059
4966 71512
11472 65512
9601 41028
23330 30899
33019 42184
9233 60473
75362 63308
29838 67428
33902 72720
53430 10674
50861 13769
59130 55798
53012 10159
56758 49242
41472 16684
2214 1786
51053 68150
15507 15923
70102 21784
774 25870
8289 57358
9515 14899
46885 5120
65908 55599
13912 64905
37990 22377
39499 68759
11339 63858
57368 18333
49993 54808
51789 52351
4040 1214
62127 38896
20490 15412
69923 57080
28819 38565
17876 35535
51249 68483
71530 42256
38664 48711
18885 73900
39067 21751
48907 18549
1462 38037
72552 68584
72755 26800
18531 48661
16153 68077
5476 32931
660 61881
75068 60671
51654 43277
70406 17740
71766 21528
11158 68732
39937 1288
27533 41641
45070 54566
27753 23492
54088 19707
67182 61669
18672 8789
21097 735
24117 40874
28940 24599
33128 26119
25471 12301
15024 70482
23771 60109
74357 43390
7129 12415
71940 8010
60459 61433
9588 20507
38097 8752
8830 45935
32859 73290
12872 29627
25876 45215
63858 1852
43366 25250
46811 35990
16806 37250
30741 55859
13114 40076
37374 48140
9150 52858
41653 33391
63683 73547
59068 70913
43037 26554
40066 10155
19975 19979
74129 13498
74300 28370
47775 36699
41463 23374
56140 34464
634 73881
41054 13412
32267 16608
29036 68462
57164 50194
36265 43275
47119 75453
17604 36339
43459 27435
62909 22034
60667 351
58374 30387
47021 11972
40039 19201
63829 18787
72309 62321
14265 33
23039 42381
10745 10196
36781 6841
18351 17954
70598 67071
25747 57631
34503 55759
10023 61826
9883 42873
2442 39657
66477 65586
4089 15375
75878 31559
53102 73420
27887 51544
4805 50533
72299 62191
34160 46530
71234 40864
70737 68418
61880 41547
47949 69559
51446 10250
29270 28037
38142 21774
17549 36404
60910 18729
65684 57311
66901 73465
11870 57888
52008 64238
47693 32839
65821 15761
1389 73126
31311 57071
21738 45637
67389 23333
18399 3316
58488 47932
20870 61090
23481 45350
74234 55585
74163 73374
19163 25033
63374 50130
47029 49048
5298 23463
28682 1399
63917 25669
30376 57945
8240 47316
34650 68945
48423 25545
30674 736
5611 40684
27103 43051
67881 12335
47350 48349
61562 33261
59592 65903
6087 1704
5231 35787
42477 4395
13530 36039
68338 62749
35848 52206
34514 5757
75843 33167
71350 35937
74733 7501
22787 74997
49370 3989
49614 61710
47881 59570
10203 64265
67721 22777
32976 62056
49327 13617
29216 5007
67682 48436
53195 3780
46256 20080
45225 23188
63814 17256
63192 10856
865 54995
65777 15654
18215 7347
57659 58115
21707 41188
30146 12777
10105 71315
67442 36370
36807 25452
27724 2186
19693 43604
24499 41482
20626 22180
47478 48006
15510 67678
30192 1858
54345 52845
43284 54576
14856 8059
63114 8514
62760 25290
62787 65736
27618 19335
21135 34949
53858 11006
2943 22622
31939 58118
5656 5834
16763 36114
75169 26042
21120 66253
17659 53642
67194 22672
5137 423
75009 40785
19250 35883
33851 73474
23598 45965
67718 15430
53144 44755
73873 61113
2441 74472
37153 11285
11240 74212
28390 60688
58878 11556
61790 15239
63134 11871
22357 23921
28753 11327
53841 24335
18706 41616
23840 2636
21984 22196
59438 1369
9024 28512
30123 49091
49573 60339
50524 10653
17330 32340
14231 40342
2171 25047
26523 17398
68513 40697
66108 6991
55024 49717
19604 37628
12623 23332
62374 36565
5117 18406
69656 74061
65973 41359
15404 54262
12215 29618
63209 24674
17083 35757
70686 26113
158 23215
56558 38658
68426 33995
55140 57620
48547 34675
5694 12113
69445 64211
56225 46551
30080 75851
63193 47660
49970 45726
45944 68557
75514 58940
12808 50552
55770 20409
33361 70511
62540 74543
30476 27612
10987 56867
37129 45472
71268 37840
53563 27191
33792 44851
24776 66030
717 72301
933 35252
75758 11896
68491 67276
15445 27620
68127 33845
49156 28608
26925 61301
41406 34190
53589 4122
47484 15113
20288 67769
55847 24436
33245 62287
34250 18326
70269 61243
55518 42336
74013 48796
47926 73895
36119 49534
52096 4437
26699 42254
54163 13712
72366 47040
73081 20808
63239 43872
23426 44129
48525 13135
73282 24526
63408 46925
33264 40145
40194 21332
75714 61190
45136 71668
52184 2851
18097 57542
15609 59828
30117 75493
58537 57013
21207 52342
13144 31928
28110 33106
66630 48919
52503 44287
44360 63250
72166 52580
6823 39345
21069 5260
51001 30711
694 66449
11940 14137
61823 55180
57066 55823
11553 35306
8400 75693
34484 3743
29068 21500
48607 21809
10491 39398
4949 68693
50375 26013
52514 74448
68290 18291
37549 17026
7532 43667
22974 7052
64798 11849
57537 40538
1404 18542
26439 45365
67916 60125
37488 51904
25526 21672
4406 60371
66919 111
67609 26268
30366 22554
22215 39490
4727 40309
47152 10535
31360 24196
38 30958
20637 26650
11383 57220
36168 11819
52355 32078
46286 20204
51793 72791
26256 649
2015 62567
11819 20884
72037 45183
37290 13096
73285 61709
45626 72068
45545 51649
36243 27852
29662 61907
25497 49322
59607 60750
52948 31817
75355 12560
610 50801
34224 16844
22943 41728
53364 17502
66354 52414
13955 37119
73221 55653
9488 51623
65952 70008
38569 9393
44561 45465
15337 3526
67278 29058
33777 23352
70505 30823
75353 48383
32787 47485
58035 44545
49425 65727
73816 209
63391 52191
31887 10128
44521 30157
60388 18099
3585 65530
63173 24638
15240 5800
33793 27687
8855 39576
50158 57069
28886 12171
30138 44511
41384 23577
54058 55799
46282 19759
67700 37351
70209 40776
1275 50701
34518 63001
32540 4565
37656 34213
12191 55278
52289 23530
44826 21436
9966 52195
72687 67810
23395 13951
62464 60939
41140 45389
46339 13292
28648 53016
75198 1603
35269 21088
23958 41816
24926 16875
65405 75325
26171 66450
30784 59598
31727 1519
34788 63720
30043 52653
26578 55373
32729 7145
46666 39709
20447 55704
13984 33902
15713 15199
10288 59018
64575 65807
869 48867
70973 62069
5540 43918
63215 70127
48654 47824
41343 14638
64533 23441
75304 55584
36010 69693
64331 50263
66996 10487
36736 19712
52151 912
29111 33796
75585 25902
16810 59637
7098 57002
68910 6363
55467 60918
62695 36925
70880 5223
4269 15932
65861 60326
45520 48118
51606 6564
22912 33073
59926 44232
15777 38817
67923 3085
60303 71140
41374 35028
1104 23427
1550 38436
27624 46778
49733 54665
13206 2297
42656 58560
47396 39018
34040 4669
71902 14639
34453 46825
31083 4799
35312 69635
61781 51933
44971 32589
47963 22969
24106 11017
65375 70122
55568 12396
27595 16523
54932 18959
48800 64678
47852 56506
52507 36005
36652 45271
59078 60036
23579 31995
74896 68624
17189 74589
75484 60086
29959 5327
13091 42807
30908 48864
72790 5019
56652 19235
49924 13255
25699 50059
19117 67192
19602 10324
61996 44273
1277 39582
23149 55382
55250 52526
65484 2934
17626 24109
67766 33667
69991 10392
63783 56812
39327 15261
32896 25120
73681 74829
74428 34207
6254 39742
52220 67377
12973 70669
21410 31950
7870 6401
28242 49052
62461 75149
58964 61987
43865 28208
34049 57272
47313 36017
47227 24342
73447 36288
73072 65741
33780 5996
45108 52255
2600 23759
53971 37345
15891 35741
46019 663
26078 53371
75610 27150
70575 2454
22878 54307
37305 17009
46545 36015
42611 35004
66905 60614
63897 41702
58581 12734
10278 29010
49948 29469
37556 2369
60785 42548
18986 28975
21965 8353
44223 37727
55289 60378
74926 55151
53055 43091
9352 70970
10370 50993
21234 62339
45040 73094
29913 1648
41089 44952
41534 44643
38189 45399
51834 58247
35554 19894
58314 60549
47601 65402
68281 27609
59021 69762
21931 22284
24103 51127
3028 33515
16390 52814
30754 4230
32984 74884
27601 10304
21878 63772
52042 73575
13502 45260
12525 10892
8362 27205
71885 69415
7056 48391
3456 39851
52038 38250
68680 41332
10912 59179
13623 61261
34401 3876
20353 20435
11051 21855
51098 46089
40550 74042
30063 56562
32427 54447
37248 3069
58086 37210
16570 72934
17207 64325
69042 30766
22362 49190
3745 70464
4608 17262
46772 49602
42625 16187
62411 12712
61236 51872
35706 28614
71899 27697
58307 14501
17710 74809
23205 37926
59841 23413
73923 20856
57014 52576
68611 72099
69965 53546
40588 46141
45505 28542
63132 54812
70736 36554
29771 41865
11739 47603
57916 13847
40353 41652
54029 65839
34054 70206
20411 69797
39790 51403
1384 29505
13 52949
68593 64859
17866 60807
45074 37524
37587 58912
61499 20575
70137 23282
1091 52436
64479 438
62531 69818
39271 60821
1198 22580
56419 12888
38394 50247
30306 54802
947 54824
71856 53779
48975 24757
24717 3807
53968 29386
73473 18163
57293 10553
51741 74788
32755 53579
21401 2993
51082 42602
49593 32761
28914 21819
34470 74621
10383 61855
55344 11924
31400 48536
67714 2978
35634 51032
37314 72360
69723 67022
35236 25302
54121 21153
24642 60001
8974 48374
23909 31368
17908 22966
37958 61889
14465 26187
59346 42301
35670 17387
64487 38402
24614 8496
42028 4049
2543 27133
19943 75708
70120 60448
2901 60188
24372 58151
13406 31705
36978 23184
35284 60478
57465 14570
1076 43419
30515 20876
11823 32095
19751 60584
1931 903
64695 4237
28468 53261
44816 68127
55083 61632
40839 50505
65326 9223
48680 54669
60777 34083
43287 70431
10516 15858
19149 70015
7346 3110
34932 57478
51436 63021
9357 7837
61624 38400
23804 52219
25192 5231
32779 47629
1654 52355
15986 67052
32632 57678
50437 56176
58060 13583
32397 19135
4393 34407
26107 75998
60403 14652
12316 22146
68307 48034
27322 54119
61975 44543
51004 18606
40909 31860
42345 63255
20790 27537
5530 34670
72035 12731
68279 43258
16010 9709
63076 60063
39167 64432
26048 34079
47242 44885
6828 38705
28546 58285
14802 43341
30929 59032
56907 33807
42535 74480
1975 36084
21937 4686
36189 18353
15683 19402
31863 68391
1171 37806
5505 3401
62295 28970
20316 48609
11729 73865
32601 47543
20670 38171
65526 40195
11981 20750
44358 74402
7872 39944
7835 62297
46599 57654
20175 38651
70301 20243
14077 16850
16493 19206
63943 38317
30498 50362
41516 33726
73185 29874
45524 3671
57504 27743
25293 39710
2799 19447
49515 1582
46946 34003
17660 47732
32860 66663
5176 67741
63610 53195
57345 62518
73273 22336
38629 45117
71138 65680
64238 68595
24875 49069
74279 49543
24462 63603
71254 22168
45570 68844
42426 63184
61394 22989
36088 63439
72683 49791
21017 1866
9028 8488
69618 44875
20320 40542
58902 27058
38755 29401
70990 19673
48119 36480
59518 15676
95 25814
66317 46728
49682 65378
24319 60205
2454 74634
47721 1600
31299 68698
42035 29934
8303 26547
70643 4305
50790 52232
24887 12956
65215 43191
72282 66509
20203 8808
37111 35583
42284 72521
53714 70092
42209 10414
14479 7337
12617 58542
68577 74279
8740 68544
5738 32503
23415 32073
4100 33564
26487 23945
14032 32125
63619 29929
25116 23257
12944 5274
4171 34835
74844 72349
50935 11975
64214 24906
68921 8346
33547 17374
6434 68493
48019 27228
28931 29831
9290 31974
1716 62559
27360 12881
64410 70377
10481 6696
61350 9576
7957 25746
47308 62692
73141 15258
54520 10930
7642 62395
34841 25874
69340 13091
5329 28180
9226 63863
39834 39317
28299 74624
68090 1259
12730 56329
13268 14618
30280 58018
69686 25533
50507 59803
24833 65
25313 32998
68970 53369
32606 35487
74715 23139
23449 43076
73194 66492
73157 63345
54420 67398
13830 37193
75572 34630
46919 69756
60126 32640
55978 44715
13645 36083
21865 73567
23645 65938
72086 40476
52633 14611
66152 63909
44239 855
20733 41840
58067 66788
41308 61671
72101 64984
42554 21382
48723 23436
56439 8594
42396 56626
31552 39930
73813 58091
28040 44884
49161 70595
72121 23942
33304 25375
47188 14250
59298 30383
58655 27947
52048 40266
26 65770
4544 40028
37288 41946
2137 69521
67845 61850
17706 39330
39563 74844
861 20264
39366 42437
29084 20499
28158 25154
41276 51936
2845 22516
72570 20702
67014 20596
72919 42688
74923 67695
20279 62099
12359 54646
4947 35309
60342 29980
46617 34453
20462 61864
18142 39796
34733 48601
48115 19004
32750 40139
39362 46391
12047 41334
74775 58945
52403 40373
74589 55745
28500 73832
10119 51583
42559 54674
63247 744
22663 52964
64000 7250
75528 46349
39374 18341
4899 59886
50011 35941
10287 2554
7330 26505
43830 27343
56926 33546
54595 38640
15800 48953
29717 3104
50134 42185
7095 56034
39949 42689
68732 73148
5398 73397
70770 26143
74045 28178
19606 65922
42839 57686
65851 35909
28941 14004
20080 9756
6622 31869
51496 21027
58408 42662
75400 62873
66156 61588
29110 6030
56615 63838
37983 32748
51685 36719
19401 49155
17327 7775
44063 13296
10820 7356
62372 44918
74900 36182
6464 70504
71848 48425
52323 57426
34414 37256
11152 14554
52236 61846
56950 17601
17089 9698
17678 42539
63036 54235
73309 19716
25967 39172
51816 75247
74886 26214
25704 73642
73554 11536
68715 57444
32276 32143
31761 42971
9391 75070
34899 71643
56370 34173
42391 72965
75500 69603
11744 38197
14750 2865
54210 18412
55515 8914
47877 41152
45654 47348
24968 58438
42040 28156
45158 24136
3173 42110
39954 61385
22185 29843
45839 60399
19113 47475
57733 43649
5883 26082
30604 33952
26174 33471
48998 3033
11248 18386
14729 15623
7149 53842
31857 56012
19357 51945
37708 63748
1801 6296
44994 69259
14586 7902
39993 2124
58991 74150
61760 57306
2982 4206
43500 66089
27396 42870
70518 70623
27771 64489
26713 37048
71621 75343
68586 43746
63312 8797
18527 9903
2411 74096
49363 12078
69049 73177
5700 14724
33484 69700
22325 20739
7879 67306
37227 11499
26306 75226
35558 61401
6958 25021
60944 9580
1093 36290
8730 61043
35562 59152
14142 19950
2501 43311
38338 9572
50663 23813
30300 75396
49900 44540
66656 59513
13056 69169
63526 56676
69673 2816
11538 52621
24435 75333
26067 38511
65622 833
60030 51112
73491 2474
2817 1120
5211 29522
39968 55988
43722 19726
64217 33929
51564 29215
20579 42811
2409 69779
45454 59999
46126 26258
46581 46485
39627 20003
30960 24753
65701 19436
36160 27020
8128 40434
33775 23801
50748 13225
3863 3438
72738 69917
36726 5172
19885 16689
44799 70789
51492 45682
17992 9079
11508 42921
50097 30161
68252 27369
29810 21403
54701 55612
31505 35531
75091 30538
20022 28474
55898 46576
40945 3578
43161 17998
58874 57625
71072 16137
17272 49167
27101 3333
18164 58190
70957 27340
26518 49862
18103 58565
40502 57482
68657 52322
17728 26036
19026 26953
74036 49874
20716 16339
41615 22951
8889 66415
73052 75800
69857 67699
15518 15952
24135 21350
41629 27478
19074 64109
41772 46975
54270 41535
53904 54412
39761 27569
58066 11901
35888 66442
19918 47168
24633 62650
13995 33461
17242 66681
24216 14680
3434 59894
34979 2117
74324 49812
30267 55053
30433 13116
3419 46489
47090 47238
10418 40630
62470 8560
65841 56905
61442 39413
24115 30063
50786 11070
64415 51077
62109 61783
18025 2078
21468 36008
25331 42372
29659 5947
53555 18447
1968 32637
35371 23247
54139 74001
29171 1216
26586 16771
26813 20416
8669 18379
23210 61580
57578 5111
64218 8020
42585 27503
59972 38416
32347 48720
56041 54379
53067 20642
41013 54951
51663 22600
74965 22891
70276 67974
68844 19842
5048 23805
68243 47851
14329 14339
59194 21283
59887 65216
5560 26749
32208 40117
67988 52908
70500 48914
51854 34758
5145 42084
73099 3733
50778 3386
67650 43462
6462 3736
24885 61670
38166 4486
57614 53433
39919 6095
37476 70711
60470 49419
21822 68840
55373 22249
38591 20732
7150 13123
67761 45701
60763 29190
59205 12075
11855 55035
65623 8694
14834 62350
23563 60875
71619 54405
17735 70350
51521 57727
42397 17617
59099 95
3266 40820
23446 62423
59465 61537
26468 33668
59597 16804
11821 42321
42478 70778
21496 47918
16194 12636
11953 62625
14964 64593
58904 74874
47572 25728
11182 16494
68658 28746
50344 67468
67066 17015
20959 18691
49635 29564
72135 10773
49887 12425
22399 52932
43935 37002
74121 32740
19673 29652
21250 32856
18954 24200
23445 39467
6726 43074
54996 60575
40379 68147
40570 67752
58492 75651
37852 34961
23685 17264
15409 42985
17246 55316
26589 49122
464 19035
33176 75939
1601 50467
60116 6294
65226 25939
65359 23878
71238 1878
754 18738
64680 4472
31180 31173
28427 21219
62353 52005
59473 42275
53760 1536
57918 74985
10408 63017
862 63419
32076 45076
71742 24609
36453 75655
73080 53171
6412 59259
24228 28160
19433 59401
7218 71550
45747 15443
4814 36610
19055 67436
4251 44218
75772 44205
43400 24422
11496 44694
6427 63879
14273 71946
54652 59811
23364 12649
21147 44876
37275 68036
75011 34455
73686 8273
23255 47897
75887 55905
47211 3332
4698 71214
12207 16545
39230 12398
42313 59957
48310 14567
49669 72151
8870 38760
56011 16555
72152 45564
8510 40244
38383 59319
61711 57169
17636 66156
15994 23936
35969 52109
43151 66966
69082 18575
54233 29080
68767 2192
27505 46392
27401 68889
7627 19893
14327 73779
74891 69542
69331 68819
11492 6160
63395 69882
37643 47535
55975 70708
41483 30203
34035 69583
75386 21857
46381 49083
17002 13126
73746 21711
65064 29657
68119 19930
64554 70887
23581 26503
30504 36494
38075 6412
25370 52544
208 38863
15494 51089
3144 55216
60934 62462
15457 61343
27176 42195
54347 17842
5963 39321
43751 47
45830 9814
73455 32943
27832 72845
1481 40843
26371 27362
36914 8758
33348 7763
8892 53789
40341 18390
39359 18848
66413 63037
72089 21005
42458 31781
804 51281
43685 20899
51911 54921
74570 51250
3817 25346
23021 32581
43322 45929
44295 9245
62798 29663
62194 36205
4661 18408
17794 52618
63111 16184
20367 18666
60375 36107
43924 42923
60617 1412
54258 15374
7343 68239
68299 68714
39236 13450
74049 61750
41354 30433
70240 57446
27298 39168
75681 16367
43480 70944
8679 59555
19570 9228
36761 44745
4086 35666
44454 5371
49184 50005
70029 33483
21754 14790
74840 61149
51062 55825
24561 63872
15316 29444
40408 68530
4146 13507
35586 11610
54247 47521
11377 31627
65150 64820
31149 56686
48705 55270
59233 13788
39667 36727
28330 36159
68826 32987
39626 66562
22940 43101
14711 55004
49050 32932
4902 46749
26490 1695
12138 13256
58167 63642
66322 64878
3269 29018
63264 56855
65544 34833
20196 13627
44580 63946
63370 73489
68633 74137
40680 68023
42905 5519
18782 14130
12879 12921
67653 75449
17396 12441
26895 15398
4792 31276
60211 47278
50802 55291
68465 51609
15183 5226
539 45522
5772 57704
11414 75150
61195 68520
6048 4886
13514 52258
68234 56597
40958 74309
2947 23690
75702 3165
40914 43118
42059 12951
26288 38310
25238 54021
37561 3720
36262 59851
69767 33229
41832 47001
57818 46187
15421 32598
35738 36259
19572 58460
20644 6266
35867 42535
15003 60058
2000 34495
73352 21050
67379 27444
13419 73201
27077 71733
71111 42190
45917 52602
72007 45684
41745 22552
35528 43748
18555 46112
75247 70548
32090 29829
22450 41489
9338 40087
40813 13278
44400 11854
70855 53224
58150 41016
6649 65169
17050 24405
3801 50161
61701 26497
6614 34693
13885 63628
50280 45954
11288 44172
51370 57380
23460 47378
58437 20869
46613 22092
40953 42305
43560 2088
25972 14612
10296 24877
61040 40702
74422 66339
17275 73464
12179 38825
61378 73390
12749 70551
59715 23319
40684 9953
61676 26034
30369 12238
29334 11868
18838 53037
33824 34521
47639 19106
51391 44586
24033 69839
43297 46374
42568 52004
59413 17437
63899 50495
3967 38524
8568 74726
62304 10776
14797 42446
46065 58005
62738 5345
60456 71826
22388 20318
36997 35886
45694 64815
75325 29422
16698 28702
66578 32159
13492 57719
53175 28308
14023 19055
42713 1628
72896 38902
9297 31940
69829 2723
60421 63344
52536 57535
54191 54333
31942 72919
71821 72251
20844 74461
63226 25198
50308 54045
8659 24387
44659 67971
27295 52379
56512 75427
57063 50739
74346 34275
44853 47707
71373 34545
30954 56534
22687 48527
10210 47778
75261 30764
14985 41964
60675 70828
42648 46803
72757 10098
12800 17629
58356 42161
23092 32362
40375 70553
53189 75886
9124 16878
14254 12665
49665 66513
42915 62356
64789 70171
8059 41090
11867 13738
28523 29862
18209 45658
25 29356
19232 60987
59373 35276
69633 75270
38208 6974
51116 60325
58611 57393
25647 65161
26957 57172
41498 8475
39287 22459
39918 2899
56981 73395
45124 58782
1065 73269
66903 7543
52979 45562
16719 62473
38560 19383
8181 8360
48395 46454
71944 8574
6964 36188
111 74679
73405 33032
47087 3615
14379 64332
36990 56470
4088 17480
30834 51937
56586 59260
51678 40610
41698 70569
50174 39933
53220 43324
50013 30483
57042 74693
71450 66579
27685 53365
22730 18905
62243 70729
18229 41217
24672 889
72801 6944
50410 46970
47224 15688
54688 9308
20221 8340
37811 69439
16456 54226
17601 21130
1521 25510
9404 32611
2059 23507
18874 23756
63793 3865
57244 15664
17797 43489
11098 11680
17986 12342
54508 52895
59773 75236
55798 50784
23567 53422
59559 62182
66771 18155
55591 44997
58989 23985
50426 12565
46571 40790
29589 46552
24353 23254
55676 56409
974 65495
75752 11893
65295 24192
31032 34145
65763 52616
35292 26294
53850 29707
71588 46033
75544 10692
48100 44528
4386 59209
4964 12325
74469 68665
63343 33787
48311 2674
14833 7983
63116 73024
18624 7753
68998 48910
36625 12517
60941 22088
67758 227
10255 69353
68598 1649
11593 611
32143 42843
10235 50431
70674 40143
75974 3625
40960 74460
6918 73842
45030 49131
70128 9095
1414 22596
61456 24705
59512 65301
67196 23828
61504 70152
75231 28623
43453 12710
55184 20274
46258 49043
38617 75234
37908 23191
21956 57764
4631 23265
39856 66497
73887 19511
34137 58341
8051 3977
62019 5083
75779 70463
22162 38199
75086 14127
6766 45752
38241 23648
3579 67960
37594 13071
63539 65229
10815 25318
16623 20350
66270 44224
10075 59595
36419 71825
33037 50967
17373 58712
36828 15255
36074 72675
33680 8581
1862 44348
22887 32273
19810 47933
58544 18532
48467 31386
22990 64326
34243 24687
30959 52991
63560 5452
23700 46966
69126 7684
4338 12948
44938 68137
11063 11922
19015 42016
20205 69120
65005 73794
54126 69721
50223 68377
31189 51667
57696 71616
21927 26337
27638 37036
75728 41985
45230 17758
7121 58708
34655 25958
15204 38399
6885 55879
21968 52985
60820 57035
52265 49423
62421 10799
39501 64287
62426 3124
69799 64388
30627 13674
49782 42142
51128 73565
34423 63453
69527 50962
56982 40095
1555 65224
37853 37644
50071 7225
41378 69148
69502 5457
12762 11690
69638 40255
46377 74879
56596 71145
35729 22723
43905 41112
35433 6286
35008 70031
12882 3666
33469 6188
51270 39708
60439 50450
31693 24673
25550 46107
68152 70486
44225 6873
23583 56860
41061 66634
71777 68680
1387 23369
8907 66683
12806 48605
68848 5862
13620 28115
58451 12931
46074 59931
28760 24341
37133 29042
33017 41984
25308 9564
4462 26688
3107 64917
12051 27098
28420 74862
15964 5929
15726 27005
17028 15248
49278 38069
74196 622
24218 31509
14529 43353
24152 23208
33206 51108
38610 48731
61205 52686
9925 5867
59434 20438
36227 32267
55966 33841
42390 55423
33730 74782
9699 40599
36345 26854
8178 35733
50175 53636
50934 1341
43602 54512
7873 54217
33848 49432
34691 36450
23322 24838
57748 63992
9097 33217
64451 1368
51464 5479
23389 58869
64495 16894
14213 29226
18858 9244
70862 14993
56526 15110
28625 20831
13927 64034
57879 8717
33948 24034
4570 70378
9558 42911
9230 21938
74888 33620
32847 52194
58443 37331
2460 70289
65235 37545
19511 37317
114 34276
4960 14221
51182 15651
34923 51762
19872 26494
43232 11339
51293 72713
75320 65270
486 26318
64315 16662
62671 67925
52942 4679
9189 61468
29603 62760
434 14332
50388 14603
63186 29969
15887 4985
70164 50865
47045 24180
43705 10959
52510 8835
7235 31687
11884 57141
47888 48615
70075 57424
44573 18712
10546 57937
60246 5381
38006 66011
26624 24769
23150 27582
72677 41671
5156 5736
50354 74554
25036 1863
39174 20017
51132 44742
63767 32874
11124 45891
57408 60560
24834 26300
18343 7397
4680 51291
25310 20067
3325 38248
31259 66270
64125 8343
50957 29523
8257 24113
70852 25473
40335 44026
65495 57524
69985 3318
58892 57742
2152 32215
4856 69279
44471 37724
7348 72988
44266 21116
5612 18791
53151 71713
15492 41623
27746 7434
68567 14597
60080 8537
19524 67902
75937 70029
30538 2289
9442 22272
4834 48546
18559 5038
64081 18808
2499 13605
61764 30627
6004 774
31809 49967
17110 449
1883 73756
22578 7657
6549 50794
40284 74312
12753 15682
59794 4614
22373 71511
8384 9690
13938 2595
14966 62447
65162 74907
28911 50601
8272 37024
26561 50695
55865 31152
44217 64299
52693 32774
42499 45240
15834 59636
75494 62801
71551 20073
18001 59536
42152 70315
27949 47204
5976 29340
22735 18928
43976 37600
8287 22853
35900 50916
18513 33714
54416 21014
22027 48245
48488 2745
72537 56589
21628 39303
57497 18873
31935 5578
5335 60285
13103 70976
49301 29752
20678 52722
2049 16388
63828 46261
10581 27277
833 53189
23517 55200
11684 54753
37190 60370
54556 59286
62392 58182
16633 50914
27022 60755
18755 44277
35514 42731
68563 52283
59038 17448
54006 69460
22879 26990
4932 32245
23594 25031
65522 74500
39479 25507
45594 47634
54892 60736
600 71855
73101 53505
30886 49128
25154 27986
15402 61635
69495 14241
12542 71150
47436 59287
70743 39364
66525 54018
28741 6670
60846 26138
27278 28466
36232 44261
25392 20542
14770 50370
62183 67830
65211 56595
23112 23635
20941 58063
5652 3125
7082 27061
47736 50590
27472 74370
32950 22590
43817 35825
59395 20429
5678 52675
13687 75376
6876 25928
70433 19751
3810 53909
63578 41484
67490 61418
15213 32205
30842 17113
58304 63791
75991 41447
42726 69546
54928 4628
26051 12723
42689 11240
30155 2814
14436 1137
29856 6915
12854 43452
31080 11790
54080 41065
26209 46753
49222 26609
28923 19740
61734 27920
63493 40313
7123 8654
57130 47572
18998 41354
28334 58539
59637 62271
23339 44384
50769 22967
48954 37977
17879 39747
59997 13304
25449 73648
47002 20947
35350 19926
26505 21399
44026 54420
16674 15525
4207 69771
74537 53698
7819 20747
36780 73619
17892 72394
14564 61548
61019 36862
60107 32689
54818 14859
45034 19222
28817 58315
38688 12724
20551 5162
22274 17774
75776 49932
72451 61973
30108 49725
11335 62506
53962 22343
68390 2616
64123 47499
28370 57795
62062 74962
60656 23834
36592 58633
1902 2603
56114 64457
32330 74290
32484 45067
56918 44536
75952 11143
29152 48493
19526 9030
75197 17688
666 39336
54759 19594
5797 14546
5251 25839
61690 42035
4407 38319
62819 10889
12845 46493
59303 64848
64919 2092
31525 54754
10891 22160
73203 47870
1629 33124
53297 25169
28575 67296
17395 36733
46977 68215
38770 3073
31335 64175
11893 41756
2088 21874
62887 6818
39956 31301
21208 40192
60200 34487
74761 58843
3200 56748
59617 44240
18170 5303
53132 35762
24242 60043
48552 10518
60857 43637
179 72257
9267 4113
43635 17125
4288 1400
38875 75190
55824 2519
35362 39677
71099 49896
75397 61620
27152 49810
10612 50908
44001 4717
7185 35427
67468 49171
47709 43993
6759 48077
14545 67186
50195 55642
47919 53372
60995 44844
5358 17347
47917 45383
48030 34287
22973 72402
73242 25285
8783 64072
73500 36916
26833 34954
43900 10920
70731 58966
14885 11115
62718 41762
27499 66689
29549 14880
42004 3016
46231 16847
35044 31846
66004 9754
55435 23214
36326 48941
7139 8515
8306 20186
48866 31057
45250 11454
59299 9885
63731 1265
65727 1763
69034 44714
16084 9226
61626 20480
69718 60394
69843 43372
38308 13872
59242 15988
48254 7362
8602 18182
24688 10638
60015 24324
11444 12020
10509 12005
51208 504
23438 56751
37798 30550
10086 27554
21597 6554
36169 10409
14684 50712
19393 41997
65055 69381
19727 62397
68248 25861
2975 24388
38427 61501
70967 8031
17306 58002
62116 24239
45443 66531
55068 828
58178 10428
2816 23050
38210 25916
24781 34507
8251 18861
2889 71041
30452 75424
68108 24818
44025 16255
75852 9933
44931 24668
42770 24517
63721 42128
69490 29848
71889 21290
58361 51730
60032 38892
39857 54039
74351 66409
17296 37409
40173 55906
22510 32893
34080 45189
29725 69541
63471 916
48746 36891
37768 21138
6203 8077
19444 8230
46285 64740
21076 45119
70166 7918
37388 56374
22985 10480
20118 58450
21136 1573
31183 11565
15325 41734
5394 47380
41501 8635
75305 34399
16578 41821
57789 59086
34133 46939
48454 62974
24183 48555
26891 65497
73727 39354
4547 64106
41543 41088
45069 71555
19392 24942
48879 29900
58777 22355
70762 5597
21312 46255
69946 53705
39527 60942
15924 60509
3267 42516
53027 52854
65460 60769
19056 60869
41972 59268
20455 20013
563 18624
71585 50537
43422 3209
38740 18276
62117 41514
37989 19581
75200 52353
19279 47935
74087 1829
57948 56936
44393 22647
14722 19797
5254 24106
18275 28442
72216 12432
15320 2149
40381 51288
3251 61904
52643 19648
28884 35507
58455 44213
46845 25921
12122 2842
42778 65186
7214 51411
25579 39784
69001 72002
29117 36395
36429 24897
25653 56736
2956 57031
10957 20949
70571 63877
58388 7833
11453 13896
67082 8770
51698 42374
25487 62483
64287 37922
41650 18544
67051 30822
7347 67996
47326 64780
52109 28365
56052 54572
48449 64292
50609 1700
48868 40372
1598 20789
37310 44379
45210 56230
46053 15971
40382 16965
58403 69421
73536 36949
11482 44709
28272 48937
58225 16795
54475 48440
58000 74099
37832 62066
21469 8274
55553 2322
54290 58600
18294 48498
11283 54658
18828 32259
27235 27454
39746 42756
62209 30598
68853 40965
43964 62415
49254 36770
11594 72745
868 44664
53669 75658
54332 43393
22924 25478
72852 16664
60571 75010
74438 30006
17948 31067
26118 32650
24381 64041
50040 73833
37941 61572
72597 2543
64303 41086
5536 66973
39583 12529
64763 50351
73307 19446
60746 42160
29429 10658
3518 69368
321 64349
20189 60646
34430 34867
39344 8773
61937 58915
16277 51063
54678 25321
23511 36204
64473 18755
32080 47682
3729 7737
15645 32321
36336 29273
64626 401
8746 42889
47417 46684
62979 73647
74131 19153
57157 35751
33805 41948
62396 63531
15675 41179
67178 70296
75401 26223
2300 15777
34019 38748
21345 7939
7670 25552
19155 68617
41902 66078
60430 32536
17760 49285
46844 55443
21406 1431
6933 39083
35740 34209
47339 26771
54987 18883
46660 38811
6386 3314
37993 3778
38229 55237
69418 10317
10070 48318
67354 60941
25404 19349
24019 58548
21907 50073
71266 72780
41447 20576
39463 58215
35581 41169
12562 14123
70048 35856
46089 59762
1691 36170
17951 25924
67918 59420
36886 37325
48892 21352
63557 16848
44606 2223
21369 16242
13425 6872
28558 42800
65980 72428
28982 62535
24697 48343
73225 18580
68899 41323
69743 49156
72236 72107
14938 3338
54703 56920
60358 42453
10014 51844
15279 23331
17201 42810
2278 4527
62852 37082
45641 42470
47523 74519
18221 7322
57926 65101
44833 8373
22572 8900
39936 18339
3770 19867
15545 13403
29145 21415
16871 30804
18660 12041
29698 46804
40296 44324
16430 54086
17068 45033
10303 9120
55681 64548
14644 52503
10189 71449
2465 8147
63473 68771
56525 54573
5573 20315
25737 71841
14132 11728
4299 27166
67303 58786
7769 20849
61484 15106
15588 34178
33163 29806
5673 31361
8684 7408
1347 73097
12649 3176
16226 6880
26218 29560
3836 62744
11899 5557
19079 5529
36357 28705
75990 30496
45592 20006
46164 65613
21045 41873
65620 42330
31697 2524
66180 66880
74742 37964
8958 64518
12990 3082
75778 72094
1833 8908
69316 26231
28443 4720
25107 27373
36944 30082
22515 64418
70403 938
568 45795
12935 10568
28052 48250
66086 66736
62222 21520
48034 52060
24265 27890
57628 70285
14068 964
23705 36886
49757 34819
55587 72911
28086 49061
67404 66963
29826 50911
53423 20954
41194 26423
16203 33591
61067 43842
14460 25661
68122 42869
17815 34124
64988 51464
37785 15620
5323 37406
10781 59199
43007 58399
64712 67084
15168 53175
50435 26817
37174 24227
59893 14771
40896 5461
58191 50785
29606 13990
72603 26947
53384 26234
38089 74739
56094 39140
24745 28095
62348 39764
48162 47309
23501 60789
1676 7127
13786 30122
51953 74298
57418 33074
68507 28418
11142 66991
15627 3122
18792 40620
51749 1621
52511 28368
13333 23714
22115 43770
8482 27048
47673 65483
26095 42908
44386 60016
26249 51217
52991 21661
16091 64446
30523 62938
55667 73510
65420 37401
36506 32574
35780 10181
52460 14059
46675 36
62368 4090
63509 6558
67033 35945
36555 2
19317 39774
59590 58335
16016 74464
64139 20905
65179 12745
30255 48242
17644 28221
3896 25007
6928 55466
8943 9975
65292 36698
3507 54721
23475 2936
50153 38990
42855 4587
20020 15739
39683 39591
12627 18592
10030 34436
68151 59891
64513 26826
61083 15772
38478 3981
65261 62457
64259 22883
66165 1881
34297 14757
45039 30777
70849 59670
71647 75993
2317 73066
4142 35801
56415 35399
15616 2957
50284 73824
58998 62879
41230 8295
49328 20093
58007 28243
60249 8541
4717 52107
4307 49470
23183 3919
72964 4871
39721 65199
21515 56688
64420 61041
17628 54058
40955 22941
50998 1740
63892 75598
14337 5772
74561 8259
72586 36809
70700 36906
75001 62806
61581 26569
62379 35034
73696 3200
20488 35647
7306 24651
51300 30779
34524 58719
64841 256
49519 5784
46238 73822
37282 57062
42007 73262
3690 64033
5914 30346
16804 6199
48027 37555
45728 47715
3526 11589
44730 48143
49883 61929
12760 71381
56119 21483
45239 48925
46841 48664
53993 72224
46042 70880
32012 19097
32456 42037
30753 45455
40908 53347
11134 22802
8586 52663
39966 48774
15004 61275
44250 45540
22254 38332
2584 19351
70572 64817
42745 71077
4900 53455
60413 47230
55375 56586
74456 11331
67471 33188
55204 18041
34947 43622
2675 47012
61565 61153
2915 59084
41487 70676
49511 21533
74758 5605
51158 45018
42261 66369
75044 19013
12810 44781
64011 70807
13115 20897
26989 75196
44036 18288
65899 51951
44505 10715
21841 54917
39259 14665
47623 65718
57147 71303
26445 5503
65137 68101
9873 13608
70233 75428
28060 530
37665 33387
34755 72149
6231 21588
38971 29725
75173 43896
52695 15326
29608 42663
12054 48933
75785 71887
12417 51769
44151 68567
35831 51486
8818 28715
74243 75632
69608 46024
55982 53478
27491 13950
10049 29598
39564 59462
66145 24685
39310 79
56743 64908
70773 18921
26225 9465
54305 53231
52731 39697
32934 27427
67551 71037
59406 12660
71771 25036
23672 3081
2439 2126
67663 4077
24451 38770
75609 15870
65432 27144
27913 9351
61250 8785
35119 33219
69825 59324
56850 15592
74203 55302
7849 46861
68455 52823
26300 1386
47747 39350
60620 44980
19366 50823
31507 49141
19723 27322
39358 39818
53774 56168
41767 62711
8445 5489
54060 64401
34988 4132
37624 65536
21049 41895
30951 46072
53198 4069
19656 33526
25155 62076
3632 50300
32190 70651
40704 12846
60839 55405
63621 46014
73378 64266
57165 3582
55315 49804
4851 5069
26476 63891
20888 11381
35745 62243
17883 33051
3820 71269
33869 12066
36409 32164
72183 12322
23067 59597
63681 49788
2610 44222
7252 31638
11001 61510
39057 42320
8334 40608
53348 72434
47637 59140
52022 28385
18424 53820
30939 12446
14672 1350
74839 16828
65569 3701
15813 66362
68415 58253
68847 9058
33005 65808
65071 23755
11830 60710
31206 36011
16028 74063
51112 50880
30925 70211
55427 6386
18911 15424
14001 67730
22958 22796
28064 5219
35986 38049
57603 43440
53527 55933
33333 14376
7331 20290
64273 10070
49114 63196
14807 63734
71532 32643
55546 747
32290 50765
36404 23152
18994 49378
47579 5751
62289 39621
2763 23944
4563 29285
7167 44574
31415 64665
33159 29981
72448 58284
40537 15217
47561 13309
15998 21553
70112 18246
30984 17302
57987 73764
50918 57423
1032 65031
51509 48061
33494 56358
39439 2692
30863 68836
38984 48273
27576 71236
21002 13937
57521 54870
41574 62084
53254 4396
4441 36557
35919 57186
10499 73045
64448 55346
61747 8774
43611 8543
55361 11436
13160 34443
34206 46877
66367 62211
8699 52603
46119 66469
71792 31881
42831 18026
59410 15862
6829 3161
24084 21234
58118 11322
17838 74767
404 24484
52516 25758
40049 58472
41121 48932
75473 73056
10779 34473
14527 62637
20687 8759
32717 24316
17052 54167
53781 15185
41865 73357
62701 5211
34168 30442
22739 26536
42937 19319
36936 39367
26040 1468
54329 48741
48183 7864
23841 66873
51577 1595
49457 14779
74763 68756
29424 34851
2718 69537
3011 1161
73208 39760
29978 17965
11663 41882
60611 62966
25988 27992
34313 24729
22120 62228
6526 62689
52565 28066
56218 12983
19563 50838
11674 72488
48225 70963
22299 9296
15382 19152
1851 16641
68923 66830
57038 19059
59469 8913
64770 62612
15534 67291
26627 9515
24976 74208
34892 21592
37744 32384
64772 54200
50080 47412
17066 29537
56533 34403
27081 53267
28255 7822
37090 56607
24821 5625
54832 42007
23642 51725
53547 3627
19130 25246
3772 51220
38037 58960
34315 29455
30866 62832
59111 53285
32548 20616
48450 68323
60053 37700
11238 9838
1353 56721
61458 4052
17460 54699
42369 8695
27816 73622
50266 11121
55482 19080
33585 5237
9576 48434
12489 36358
73008 51547
7701 36810
6831 60884
43629 44759
30782 39780
61727 70162
46440 40389
703 61593
33248 67036
66132 63936
49931 50607
39651 73425
51734 17992
48615 61516
17333 44182
73343 11926
5391 64183
22265 44881
66028 69828
64598 67764
44457 8249
61353 32977
11751 35156
41592 35554
69524 37873
56745 67308
18586 29864
34132 41033
15315 42489
5789 31381
16761 74189
65433 25070
36832 45681
47264 40154
56373 25146
37084 43909
34501 67853
34572 53942
41027 36507
57118 34592
21625 55555
41359 24688
64393 18256
19827 38669
72834 24900
57671 47381
6976 71143
24763 42093
19481 68173
30129 22730
24005 15364
4701 38203
61637 32379
34109 44221
21438 65137
61229 49152
57204 32196
15208 51332
64869 63484
5347 60173
57871 70440
46730 44748
73513 19182
63597 33388
60000 33101
64617 16310
14745 49357
19406 72180
16208 51522
45824 429
12266 8723
26704 24764
37240 33399
23679 64888
22059 59607
66682 72175
73826 36319
27840 66994
68946 74378
74815 55115
23668 26109
54581 34826
10071 6684
32265 56061
65289 64168
12361 14167
43078 62439
3403 57302
37262 50710
15990 41045
51665 15656
48964 18315
13903 23738
42407 16111
20156 47361
3785 7144
10626 5379
60324 9212
62896 36354
59514 14086
35301 71892
761 70153
43179 35182
59389 16702
42588 12569
74601 55479
16951 26856
27705 5235
37088 74262
42359 7849
7280 1292
9270 14606
71717 44251
49990 36330
12131 56336
52280 30211
33445 28894
23333 74792
31468 34962
52287 46341
11691 30981
2689 19885
27293 3009
21357 72576
50922 41513
52743 28820
37348 22524
15808 50237
39132 71004
64337 2286
56671 21024
40646 11951
17209 35354
47061 63735
12598 16327
48164 12542
67195 32270
26198 53268
64176 28964
58386 31723
50868 60229
62448 21712
35191 22747
73802 28881
55453 14076
11826 416
55383 31297
48266 40435
24427 57042
56900 75975
55839 50686
12183 27970
5301 13156
67285 10748
44794 53548
60756 58214
29391 58003
20326 50394
64923 49829
69112 70945
68771 35616
11007 26887
38104 64425
61371 57233
57326 68674
10379 44865
62602 42216
19479 65410
16750 66527
39376 50843
56064 26932
38730 48885
74520 18942
6256 10140
72220 22071
10032 52954
5911 28565
67295 41185
14108 46304
66933 35933
55695 32607
54136 38100
12385 49735
60904 61567
74512 3182
33212 73835
46591 31992
33406 8480
10718 59277
65988 50970
2133 74929
14934 45244
60671 47124
23535 49935
23883 2687
5933 58370
10918 55593
54559 11726
39014 57326
41150 33414
59638 45644
58976 29958
34744 35275
44740 48051
24536 34061
27666 62722
24260 20723
10253 28723
33990 67787
13937 69591
56859 4758
70042 49997
767 47786
51765 6289
15294 29961
1744 20809
62538 12109
60315 6563
53097 32820
63796 10389
39689 68847
47282 33443
39670 59389
11487 19534
16396 38425
1819 57134
25009 36506
14669 24383
2083 30028
24671 53670
3515 40842
27425 21841
63061 68225
31691 8753
57120 30385
70594 12095
25024 23062
11285 37781
39442 61637
60743 22011
19421 30966
2860 2253
15265 25610
21772 10099
19979 8832
58362 35265
63577 69987
61800 16271
2573 60626
58919 72541
31802 48357
26390 23452
38645 20018
74637 69948
51346 24486
6675 32198
43759 1147
1033 22518
13457 35696
54485 67273
64973 65656
75847 7452
72654 51617
38113 17689
4852 21890
63898 6337
63715 61482
63951 20436
30397 17340
69247 31710
2493 48129
55313 75218
75551 36606
41400 60609
72517 32217
8325 59631
35108 22957
54676 14402
62042 32535
15328 5541
64853 8792
45452 17814
58763 76
57178 37645
2728 60395
37751 69324
25193 64220
61505 51776
30423 72131
66537 70972
28797 52940
61403 68820
17192 61161
38456 68113
51167 75691
54639 53111
47220 68613
61909 53436
21238 21876
27160 65950
37023 65501
11298 16547
63294 4774
16921 27118
22714 9623
26147 48170
20489 15144
64512 54056
13226 50145
54524 49276
64714 39259
39801 48972
30766 3130
27451 41229
72985 63862
6167 26045
2377 28256
34185 57087
46799 19290
20789 58975
22901 18330
65992 39581
4191 51952
8345 32047
44268 18654
56443 2147
14939 29763
29713 57545
15819 63803
73661 52330
29373 61126
63749 60976
33794 48703
44607 26830
46563 60726
6118 17094
73011 54500
35061 6731
19816 32161
13651 19076
6609 13276
57387 38722
59918 49026
14540 6963
13880 45948
13353 60961
73725 50667
5502 56805
66494 10240
13817 38529
21896 46501
15475 67183
26921 5312
20583 62844
38290 8881
66309 46201
13015 43445
20224 25360
47676 40678
43858 1450
18059 19129
16120 73609
26463 35339
57555 7850
54494 3236
864 66783
32155 28665
62085 68301
44738 48663
37586 58768
66195 52877
22448 43784
11172 60332
34868 45473
48816 37346
54397 48231
47271 6674
32172 16161
69423 57462
55276 63900
29909 56808
18088 67368
56207 4740
54187 71827
53649 74233
60130 66316
67654 8820
47419 20098
3902 49536
58010 43274
19083 35011
1304 18869
67810 18640
11113 25734
44343 12215
41263 50318
52646 36145
21539 51695
56895 28867
8057 5491
51547 39704
4862 1588
19786 17425
75309 25493
7578 54838
68129 74619
38762 25384
54960 54735
52692 19877
72563 55957
39889 71704
45110 75
