41906 42523
7297 52227
1640 10931
48599 7410
18025 8685
16050 45625
14629 47607
9145 3844
48266 55336
6718 10447
44349 6797
48541 27265
35742 38716
5698 31633
38699 52578
27652 37287
2083 44460
1953 28716
6141 11880
14329 40064
15248 24888
33119 51064
39454 23502
1740 40066
36782 1889
13032 44858
46926 54955
42591 47663
45963 8563
35714 31660
27494 31990
14447 7402
29440 26954
38619 28881
18232 3013
53047 4151
426 17146
49730 42925
52811 20594
10464 811
45754 46175
27697 44429
22299 34395
18211 50301
10190 48735
14111 37792
50037 47434
22060 37029
6699 14680
6079 43899
24899 22171
6339 34020
23527 34283
55542 45105
22542 45914
39566 40517
17336 6242
52896 28368
2848 43367
47824 47622
30109 16291
35143 31584
8181 22660
24808 43497
5165 44322
36179 42036
19214 25224
54356 9743
41199 54987
40536 54162
23701 36592
37838 40168
12602 3577
46175 764
4559 42166
3004 10285
43337 33133
14936 55630
50664 30756
18966 55829
5230 32496
15257 10840
6620 4907
24912 49246
18218 32221
29715 21014
41661 15788
54665 21686
23910 18230
10660 3300
24261 33223
23284 14596
13731 36078
43921 42161
17497 24815
45995 26430
44797 53550
42470 15401
4680 5167
39921 30088
41614 29111
11216 52512
35006 37555
47785 29367
16044 5769
10709 32667
30295 29300
24868 20714
17692 7780
41944 32596
45100 48840
36501 42820
14393 1165
44867 6727
21253 26440
55238 27024
50353 2349
50856 36513
3666 35986
15011 12
53858 54127
2104 5957
52760 51891
20674 39598
26291 40572
17547 41782
4338 19963
13827 33315
37171 36854
47050 13557
20623 42900
13935 44006
42955 29899
32718 22339
25929 23813
42130 54088
30072 3557
9364 53516
17360 14610
9151 55334
16163 29784
48824 21757
36790 36711
35323 50294
17220 40617
48957 39319
38312 31008
28078 46967
38243 43069
26176 23809
23724 46919
14374 29658
9066 7473
33393 6386
32344 49763
5958 43183
49531 14533
3088 144
7186 22372
10017 23275
41121 54388
10485 41528
51910 52424
44597 19136
27667 35894
39087 34209
4164 24504
25217 46013
25010 6968
39053 3001
30675 10759
34677 32272
16477 9205
36257 53861
753 46980
44584 48662
47234 47289
7508 26819
44677 7010
35191 16666
49210 40033
17487 12840
50371 12291
42007 7914
22294 25749
7311 14129
19235 29953
28493 54038
10366 51212
29736 12490
213 46976
47324 22147
47165 7063
17262 49621
32807 27163
49936 3048
11709 41501
33272 54885
6974 44050
40980 38589
19559 8076
55160 50604
41875 29525
33271 29976
39910 43153
13036 38622
55840 33044
24505 8824
49972 32692
10588 285
35349 34758
51029 48249
34758 3184
38 36257
39253 28365
21244 54973
32022 38347
1277 31650
7332 55872
23789 51189
54505 11614
52873 45339
20154 37917
15693 11381
3797 47874
15786 53428
37183 8414
5162 6787
5614 25390
47967 43092
31850 39358
53479 39726
4536 21093
49847 33038
34912 25210
50190 27438
8242 39912
8415 45385
43238 49963
31149 16269
36032 17931
10822 26075
17371 22470
34582 19279
39754 29678
27731 52744
13881 8741
35344 9056
49498 27050
47837 39488
45212 45877
13183 49049
46724 33574
20429 19590
26149 55252
44020 45974
55972 35902
24473 20573
28712 46654
33920 48289
29589 36280
7931 41457
16247 14244
14726 13166
4197 13744
22157 40906
1379 46818
38556 19044
36302 44998
15081 22630
38565 44065
14433 8695
472 46557
4653 42605
46390 11654
41360 33024
3859 35553
15004 45503
4418 41739
2059 21128
21655 46554
4644 7564
33696 49859
15598 23085
18251 36850
43843 31482
31813 38195
14041 37398
35340 43723
8672 46539
47406 27360
37424 44188
37763 49013
30977 55142
15926 34990
51421 18739
30997 55529
52921 27682
26678 52974
12479 837
6182 34258
6353 6978
43188 1657
28250 24961
23220 9525
27760 3478
26942 43926
30607 3710
47781 13101
3551 17497
44130 49165
42825 51481
42349 10548
6450 18784
3973 44787
26387 16421
47725 9597
22237 55010
52468 4066
7162 45259
16296 51404
12557 19343
12466 13370
35147 49388
29401 35467
9187 2118
27649 23507
12026 53349
18255 29662
30319 6717
16372 40378
4941 44272
29042 48464
52955 36824
36067 14701
6417 48655
3316 42410
42739 36784
35428 25487
54790 15572
968 33484
6113 51401
49386 52222
55621 52352
15492 45622
10900 18851
26635 45413
31827 43549
31547 3079
14009 25008
26283 25399
3843 27301
10790 51650
24837 44902
142 20491
25587 36185
17381 3526
51385 850
51455 48738
29820 16472
18695 13310
27723 40670
45652 51179
47875 29037
51339 54394
36423 14782
43377 41536
47082 46179
31895 46501
10145 42444
12446 24101
19446 49487
14268 38561
3833 35823
37958 48396
48218 39544
35534 12876
3995 50866
49020 47508
20553 12682
3747 19280
3287 29414
38285 11628
31247 44739
32955 4881
34808 12254
10318 11390
3728 48175
33282 33676
5251 7822
12179 24721
4491 2664
38997 28083
4454 18292
44251 36478
15415 17318
26462 8525
7857 10547
37335 38273
16136 55445
37941 16713
38963 370
2605 21664
40592 30562
5373 46511
27475 10146
43082 2618
38252 10074
37043 21144
34262 39118
20734 3333
17090 50703
13387 40985
43892 40345
46937 55257
20591 43378
15643 19737
17408 32149
25939 51768
8578 37531
55744 36056
42304 23468
19661 4777
29965 51383
20721 46379
49275 20832
4755 34433
611 14416
30035 12051
40709 34119
36897 4469
6553 51529
4802 33105
35235 10445
13970 27259
33154 35592
55643 35196
8681 26439
22873 6026
4509 22899
16010 14497
24218 13983
18677 43473
10339 21751
28717 21697
54641 23646
35601 19240
46108 14317
19826 49327
40087 40520
52895 34767
42859 31121
34665 36788
513 53982
43770 49292
53550 42553
36347 577
19621 7519
43476 43840
6789 22676
8801 29208
17333 15752
7565 42092
7015 40220
48656 40707
55826 15980
10188 2614
17849 44732
18466 21033
39639 24994
13804 52181
47030 7431
22472 25289
13343 16816
45056 35405
41566 47447
17301 18536
33123 1620
32017 33874
16458 53878
55451 50496
3330 24574
6049 33706
41569 52614
55694 33341
54353 29201
18133 31904
2890 2874
233 19428
21860 42699
50537 12617
8574 20993
41754 33679
17168 5397
10590 6289
48578 10971
28957 50681
36155 35257
46247 34945
28029 481
36760 41087
634 4291
55781 13814
4932 43932
45287 41256
9769 50698
35756 13971
2362 44919
54697 27801
24197 54767
38176 6811
36211 13473
9706 35243
28167 54313
8353 46055
2742 48587
20203 50804
23898 28524
52175 42374
2615 53527
23450 4727
13768 48949
44700 44961
16354 10077
43709 1557
6737 30096
23179 46981
51126 21740
36693 2483
26633 5736
40676 4801
49118 55863
10129 11665
15515 52050
10650 16510
52422 36575
53135 4617
11604 37681
27021 53846
1625 14919
11755 16951
48272 26715
21771 25431
51275 29565
26983 41302
52576 26506
43904 28379
48173 20736
53134 1107
16264 25527
17486 44126
10434 7754
51602 35051
45959 387
7085 42037
25071 47205
2538 40525
30848 4145
14578 49543
13080 48887
53516 38379
30167 2983
22916 45934
20001 4758
53775 23443
52124 32954
14916 6956
14610 18995
1551 51570
43256 44950
12657 19750
26114 39752
21513 5670
18259 18450
4550 50154
50681 28684
18293 24997
23013 25895
42041 53879
33385 43302
26194 2020
44533 31064
55291 10245
35142 34962
21703 14410
1809 8938
7560 48940
17119 25625
11703 52218
38050 52264
17398 35765
2508 19332
7105 41553
39097 9443
28480 19534
22655 44387
47746 52103
51540 47798
20558 42464
28600 24454
39729 731
33517 36276
7579 36378
25245 9266
37788 8077
12458 2738
16694 330
2909 37534
46451 39103
28578 25827
111 35203
34074 35883
52856 5579
35288 19969
45014 13767
47149 49041
48625 48591
48303 47576
43951 22535
12913 13877
23870 27044
28266 42332
4586 33591
43532 9336
21640 10549
40840 12059
20573 14470
55541 40429
8168 54707
47170 16564
19682 12736
33235 7512
20270 11886
43706 43974
26765 52407
21377 37179
26372 3565
45693 49221
19377 35970
36334 30230
8342 42250
12573 36023
27555 4794
43577 19049
24848 44020
44389 4415
49030 16430
11406 6436
40339 12938
37297 47553
19724 38050
26613 31929
35910 21683
54640 23406
27 8403
19915 43995
18804 42958
13775 15371
28174 6557
51496 18687
38010 40601
39759 4575
42907 55620
21119 20827
30474 31842
28953 29534
28978 21519
44278 40393
14006 43216
33501 20033
31011 45447
52019 38285
52169 9988
48232 37065
11121 37150
43179 23888
5558 52934
18599 20732
33781 28070
43507 11052
41481 317
40584 20527
21967 16134
6121 51490
53637 14518
49227 46675
15393 48485
44093 41998
20344 28582
14723 18133
52859 55058
13051 23560
9657 8802
1601 44537
3029 48037
16047 21730
31139 31455
40061 30334
50364 29187
4773 23511
29847 50776
27161 20020
41273 31915
37728 36155
12743 7133
47078 11520
45637 42307
25165 39756
32400 5373
26192 55168
15990 18391
9672 55930
42996 9176
45065 35299
364 12874
49216 17252
50466 48074
6986 41067
51015 5012
27863 47673
14342 4942
11527 1221
52699 33239
45608 41395
33945 2045
30445 53258
3292 38135
36531 37939
16332 26551
7954 50411
29915 38669
8739 13944
52522 2403
30451 36150
43751 17080
34809 35617
36630 35369
39024 30940
20795 42855
49497 55483
29005 9741
40151 23975
53413 25723
47139 14635
33082 55798
27967 38641
54433 48053
35906 19071
29224 8775
10431 30455
48737 32842
31109 33451
29496 5935
16987 26004
49269 23847
16204 32911
55042 695
41790 43430
18174 15656
50189 52858
50966 40242
34164 44838
31759 10869
41075 49625
15680 33695
17997 9200
28828 29244
5078 10435
46763 11741
18726 37117
15368 37082
17808 55331
22011 9582
20953 48230
35400 47973
5281 31687
9069 23515
9885 2649
15156 14341
25103 49904
45479 31959
10015 15188
46296 4120
14022 17325
4210 24212
27189 15337
26713 2806
21685 43817
35561 13552
30535 33941
27249 51870
4081 23675
13556 25435
54585 30781
27535 29796
25525 3044
50450 2616
38279 42502
45582 21239
1281 6765
50175 46121
37729 34169
24929 41522
31260 54372
387 17924
23053 54715
19570 48622
49380 17257
25559 37922
54771 35675
27461 37367
35273 11394
48990 24685
48145 42840
35792 24807
52421 23941
39535 38515
14454 42818
31997 54754
14381 5102
17888 33861
28563 16488
31828 24664
1903 14608
25485 33841
22029 26598
43836 23128
44509 53559
52308 22613
26498 31907
47460 51948
10817 31596
55084 55876
30631 433
8365 32889
40781 9108
35005 28830
1768 10854
25823 15073
38791 5053
36988 33721
43451 42171
1777 18404
5502 13862
42124 9847
28090 12250
8894 10313
30258 23739
11910 39455
3296 47010
17050 53540
24845 7755
21454 43327
13872 15096
29800 27173
21421 53162
22119 21642
49888 47203
24847 7428
18236 31557
49284 44252
54521 31380
27628 31394
16533 13809
54717 38719
5368 10568
30823 42419
1271 54616
49089 26929
35352 1472
3414 15970
22936 2828
14695 8382
42608 37585
4497 38821
51199 10560
42714 8830
2639 41258
49430 33597
2034 2569
16206 37505
13066 9625
55000 3665
1336 10902
40720 16926
9987 11799
15634 33859
8273 26572
31036 39280
43874 36937
7497 41788
36961 55278
14285 47157
30477 47709
45841 43369
16794 53825
50260 18577
24176 5620
10997 14195
39708 29439
39797 39750
49017 30895
47079 31567
7507 11179
50974 14377
53694 54419
10733 26921
20385 39377
55445 9353
37925 52076
1683 38185
20445 53770
37736 50299
44391 11920
24597 40843
25996 43231
46860 33477
12998 17336
4981 10992
38804 47461
45261 44931
55253 22458
41107 29719
15916 39095
6679 38706
45692 4512
50626 15062
19765 24787
44844 25262
39349 8665
52792 7116
7934 1086
52182 13262
37089 34257
51291 33054
2692 44851
22755 27512
34914 54167
28075 9802
43354 39683
24286 6312
4520 55617
33159 31187
42438 40289
22363 39310
830 2559
27529 51372
53893 34828
32126 32987
6917 49309
28412 7702
23737 6108
41654 31605
54311 43214
30130 8542
46355 39550
10027 35343
28541 54233
11544 79
48091 50782
34194 44471
42629 42549
17701 28279
40365 34213
52967 27570
35270 24274
50767 2847
31687 45721
30466 34723
28546 28113
54116 15040
47909 52580
38829 31597
17590 51745
21123 50376
16089 24985
54443 22972
5680 38604
18280 52732
29544 48588
15982 49909
49184 54867
30456 45660
37346 37757
39999 6404
43791 27885
24838 55251
22047 16681
1881 31270
32395 50192
21301 15238
11918 5494
31953 18565
13902 39210
23254 35634
52287 26782
16932 16896
22305 12388
18328 359
39070 46475
45953 48736
18106 51736
36425 467
666 37879
33858 34246
12522 7723
5611 34064
15818 472
47191 24578
26636 42897
32020 13463
36385 45074
49688 52710
15750 20703
45260 26795
31202 23742
42330 6986
46652 10144
32167 27924
29372 42702
51966 38363
1131 16623
6099 17125
19284 35135
14523 27759
26503 37007
45337 23963
15946 40101
20068 18060
43514 44605
38113 26048
24185 49478
31016 13350
36273 27082
34795 36183
22529 51367
27886 36541
48886 31620
36071 11713
21679 24263
23057 36641
46063 36367
29737 31704
17755 16632
20095 20097
16476 37857
15109 22568
7908 50738
47271 46236
12622 26092
20680 48221
7836 9049
48686 43207
35119 7805
49951 49009
45231 15059
12134 29269
12553 51322
14181 45831
48406 10604
31733 6572
18121 14055
47487 55781
38640 26252
49821 51517
34383 22180
39112 52485
18547 36083
6589 40241
54568 45683
12722 44864
19415 46321
14909 3412
23651 10535
11760 25501
19810 41673
928 347
46401 52716
55897 5970
8296 53953
17978 55695
2983 30912
3574 39338
36265 28533
19146 5777
45706 4200
8276 17242
41804 14534
49335 24304
32171 5246
6724 39914
804 2475
37622 47481
18635 25188
30763 26257
31374 40237
28867 43004
22329 34145
12083 18775
3368 46636
16547 39156
31309 3766
7477 50700
53879 53755
4283 11487
26261 41963
32228 32399
4856 28769
37816 702
41252 13220
44988 43050
3514 52686
9944 33958
9778 18744
53160 12763
36887 2203
19913 51378
5583 39290
16266 33460
7763 33805
36574 45774
50099 15183
27275 40318
39736 11108
39068 44173
51822 2364
40529 23576
14791 15680
50836 42928
34248 19
55197 10319
29525 5692
29015 18084
19488 51097
38570 26178
28104 23143
20014 43887
37266 25897
40700 55112
3948 38410
39953 13128
48503 33931
6504 1008
49987 48296
13618 46113
40994 4497
13830 5910
17344 36019
43282 18645
5321 47589
10293 54380
15720 36643
11392 38204
36176 22813
4920 22773
10259 53446
176 18122
26773 14831
54868 39739
45179 12749
38917 29804
30797 26474
19088 37678
2140 305
15171 17112
18882 11472
46332 26682
18529 33177
46071 55698
29756 36611
4665 4744
45049 32976
15298 19285
17338 22281
51632 7669
51856 52622
40964 33639
38653 16889
43332 35253
52685 53291
12965 51996
27862 37677
7522 16394
35689 45495
14734 29018
42444 24713
9765 36908
17409 31696
54175 50461
9322 15944
55901 49642
3909 22261
10874 50830
51946 30072
20160 44669
55607 30194
49084 38459
54018 1793
37304 31587
18915 7620
28781 16897
8150 4428
30717 25079
45134 55838
19929 51686
45858 14443
26379 44363
17842 45953
32799 15069
35389 52440
32362 20692
28689 27029
5272 23141
39193 33850
2613 35105
28314 638
48139 45929
21124 54538
39565 17259
16409 16270
1696 18828
5986 6096
15003 26145
44191 44152
37697 49073
38478 53810
1360 22413
50120 4983
44059 36344
53833 11698
17663 31232
37765 20570
2637 23170
50012 14324
49563 37599
11482 17635
30835 11979
34011 48901
42698 44769
28982 12463
18230 32703
11895 48308
38361 13086
28567 15392
41602 48198
53363 15864
32226 17394
5980 55211
30803 15022
22804 13289
26762 54719
21844 16365
21041 40541
43918 23333
6856 10224
10540 51049
21615 6992
26978 7857
45461 5144
32472 44291
18889 43479
43424 32288
26245 40228
53318 435
49841 50086
36052 35487
2405 2770
29808 31608
5772 24327
20613 40677
16542 20672
21187 32267
7598 37652
50630 18005
26489 32166
33725 11985
54063 50087
76 33498
43101 18368
35560 26076
30277 14556
27083 49164
3553 37793
12294 8405
33977 3549
23710 34455
40805 52381
49575 27734
32670 31348
40987 35440
28970 2135
49807 32931
3383 22760
13341 25803
17502 44980
35994 50850
8587 11456
18877 29963
28713 7889
45761 45761
31767 33962
7958 30152
1892 20687
41290 45169
39904 552
52384 775
15683 44179
46517 13812
10380 24867
20366 38077
36100 6603
897 21328
36193 23698
26739 40160
6109 17020
55736 12266
7436 35951
30242 17227
7699 15542
42449 17656
54536 30891
10091 40180
32662 22486
46964 23982
19128 12053
33350 32688
46230 27784
17920 13798
27230 27466
31622 45922
30948 49296
15974 24400
29936 23926
36128 26254
9480 18326
25139 29539
12492 11790
39281 37448
33309 8595
48910 37742
8947 44959
4576 14980
18105 53359
50639 6546
51774 47240
27194 17692
22275 52697
51624 15454
33276 36395
17510 28326
53776 24962
169 12850
18537 9559
47583 52432
19567 48402
38466 9801
38006 30998
43250 52801
32090 639
9739 11575
29265 27625
35297 32742
31742 8813
22619 41331
21787 33883
36171 34996
49996 47223
35615 54789
24721 51468
29842 31892
21089 19664
12364 16448
45712 36841
15651 37214
37474 3127
25099 26110
15307 6487
50827 45256
26921 10705
2861 3935
20853 14121
48805 53335
55703 55820
46218 31231
53177 41279
24985 55059
25303 29482
43496 48798
51931 21933
53789 17025
42731 23657
9969 23614
32462 36724
2427 36536
8274 53086
32919 16890
38679 22554
21758 1300
6578 26986
28856 7946
6535 23010
34469 44538
29946 39688
1006 13039
47347 37805
9448 54660
26869 42590
42912 42542
10117 35288
4904 11439
30769 51139
51219 18653
17369 23273
22188 21306
40846 44119
45398 33453
26050 31949
42588 50774
5264 48269
21533 29291
44195 5139
34972 24974
24905 40218
20753 18778
41078 30393
47102 41400
49769 9493
31979 10983
35457 41982
2353 52935
40466 22112
4485 27645
15386 41372
41364 40129
44853 37463
18834 26528
54927 4676
48941 5185
5924 10617
28441 22520
6452 14957
49832 20545
41534 20767
46131 42796
6587 19095
29077 46559
10903 17530
45483 39675
19626 42248
1898 25917
3015 17777
21259 29157
52177 51182
3678 23801
19227 49015
23493 38465
24566 34141
28226 29511
9541 27132
16004 10966
34811 12052
27005 1514
55066 8195
44683 47696
51939 15377
11801 43387
11141 16492
11474 48751
5176 45921
39944 49135
55444 5248
40614 13801
44770 10939
15784 26021
32616 6751
38218 6263
9380 4181
15217 31011
30222 35943
41806 3528
16645 1728
30119 50524
16734 26019
43703 34340
616 50135
52733 5456
30491 6812
18851 17201
44408 40508
35822 10177
10354 5526
4841 42916
28950 25549
22647 20275
38508 15032
19606 16214
41874 48339
27808 18624
45241 29043
16391 41058
29940 8285
19800 8604
13056 34521
25212 11181
31668 1873
6990 2304
15546 43487
24994 23386
37482 21313
23525 31206
37671 30618
19391 35428
45828 17853
19349 35950
1438 29154
54398 8855
43138 45720
25940 55043
17989 11603
531 38721
54537 39164
44945 29921
51008 41357
48803 49081
3215 41672
39742 36962
48836 28507
32554 34306
18757 41930
50839 41913
52355 34983
15082 20294
39785 22753
52556 31566
23090 35368
14353 14886
41722 52738
12461 5870
40691 28958
16426 20177
44418 23972
49518 27015
47247 17027
50297 10206
43201 19895
44621 692
8964 7
41173 34297
6368 53437
41122 49696
42359 8933
2584 22537
20247 18794
51683 30750
28890 35069
2187 546
37983 54988
23912 32240
47996 49511
8613 31266
5907 19636
19341 599
21412 50193
48987 28210
27231 52296
11511 19197
13160 39126
8662 15153
51545 52217
35351 474
23977 35928
34790 24488
32886 12359
17861 26984
10784 36737
16841 28647
54047 25871
31579 16378
52855 10701
19343 46855
48927 54758
22199 42336
52707 25541
7548 54292
30693 24797
4935 14457
9225 17235
49425 5192
14786 27672
44324 40982
47463 15700
44198 33857
26045 50105
52730 52427
36525 40188
23972 52926
5919 45478
51819 44869
25859 17817
913 18657
17332 42498
35165 48689
8100 34862
29805 53007
24156 17618
44095 27061
49088 12321
44063 4487
17182 11955
38310 8954
24971 18979
53898 7233
41848 41740
24345 29842
7101 40484
44227 29673
15324 17835
30899 45907
1641 40813
40603 32244
36793 12307
21497 55914
39983 1272
14508 9972
42445 3253
4143 35060
41642 1451
53993 12186
30427 6703
45946 18489
19805 17642
42549 54537
26759 46872
7647 28733
9161 47652
2972 538
2439 15258
19947 5912
32285 9876
7611 966
6370 32348
15388 14234
35229 22408
8891 27542
25471 20420
29730 51494
24315 52394
43941 32663
48703 24340
45645 30389
35403 45675
27468 51867
38492 2080
48646 21644
47619 5258
10127 49190
27190 9575
42921 3673
6490 17466
32070 50834
40348 25718
26747 4679
18334 35599
2145 30812
45239 11902
24284 12596
14239 16390
29058 53560
29144 55650
15474 54281
23769 827
6512 7993
44937 50342
24074 46838
35683 16316
42260 25219
23507 50544
3969 29030
26093 16199
18081 48341
12440 2197
8006 13054
54015 30202
29801 48191
6008 50528
43436 6158
13901 34154
42055 43648
41910 13661
39135 30988
1400 25502
3315 44660
51564 20455
21857 21173
15963 10395
8253 41233
51576 47726
37001 2765
13449 48807
55125 36018
50146 34140
36321 8005
13577 16602
38430 31538
14153 41847
53285 19584
15270 13024
54580 23621
50750 3414
9671 43693
51685 14273
39059 7401
186 15465
18172 41479
9483 28454
8520 21268
35404 988
16427 10969
52332 52062
11436 18095
7205 38319
43324 7842
1690 25940
8638 51718
974 15932
23478 586
51773 2753
51671 38082
15594 51346
38592 45270
21219 31148
1035 45116
11420 39074
17392 10158
3435 54351
8308 50515
48610 5865
27589 16301
34478 10335
7449 32763
48868 5991
4166 44955
31212 40544
29379 22179
50989 49779
23727 40969
33636 3936
38907 3918
7147 23300
29623 42243
33020 10088
14520 45963
40312 35151
2842 55209
47661 7039
51330 8247
43182 31972
34174 15249
19768 20758
30019 36593
42162 51680
2042 54551
3987 49591
31391 22762
26321 52791
27937 28752
44965 48051
7076 12647
32131 1400
46688 45171
29070 24758
4817 23473
5295 47475
21110 55123
39866 55353
9722 2588
4305 31805
8271 46310
18024 28673
40916 36637
41490 19315
38363 35569
35938 45682
46672 32119
21312 12438
24963 37140
39151 12231
34771 35627
19327 22785
29735 21213
33132 47999
39678 30697
28194 18044
6500 39236
51977 36342
45992 10509
7499 4514
42908 34809
42659 10160
50395 29451
36133 19378
47241 53702
14092 54781
28186 35495
29594 24060
14975 29759
27120 48
22213 50851
29721 41814
26132 33159
27263 24841
47816 48081
6232 12160
20484 1227
27969 40615
20482 23861
43589 50858
16705 40646
24531 15650
10004 21018
45012 47252
31082 4152
4400 43142
5979 35322
5595 53678
6110 25395
28304 12444
6329 34346
48798 44776
48418 32608
24422 50184
53201 36141
8528 10102
36463 40177
3931 18556
38435 21142
36805 26857
36811 42003
21604 21105
43910 7240
8011 6309
26923 34289
23174 43182
43604 4370
49171 2869
27718 8505
47256 11708
3372 2050
54512 13244
55070 7016
20477 31810
23046 12558
6790 6472
37875 2086
33254 37422
13943 42058
10141 25468
43040 43118
31601 32107
14697 34461
7093 40893
22946 45962
36456 38686
24089 16774
7530 3217
49979 24010
18257 14466
37625 39712
14822 47045
52903 4645
28123 858
36764 13680
50295 42976
55315 32205
40746 5241
40212 30675
44236 52496
42120 41873
36487 3979
1721 23654
39912 36571
43112 48725
45448 27260
17528 53873
54550 24188
11824 52052
17910 46428
46053 3821
49966 53979
20250 40432
22271 17421
23005 34670
401 2665
11889 48124
9389 4613
37115 19917
43080 5108
26266 14150
4561 34045
9298 6365
48561 6634
41496 47525
2010 15140
6014 34843
48898 25254
34766 12417
14099 12657
24655 34485
27515 54889
29731 16303
22341 37358
10316 54410
24252 11725
20424 36597
47291 49100
54548 36579
50911 27210
37198 48897
39075 6915
5568 50220
3448 41853
10197 37786
10317 23460
49443 44204
40491 30063
3262 46043
44170 43598
5347 27989
17833 6823
29040 10933
43381 51935
27789 11823
31829 36043
39786 26317
54709 33076
27144 22120
17903 43093
14128 10367
49476 55705
33578 39317
7460 29034
22622 23090
28175 20654
7268 36051
18563 21277
44448 24362
44466 55884
38872 50082
31892 55803
34534 28220
43722 47571
20213 21198
2977 39873
14452 15776
25904 36907
39278 35759
3591 14020
504 24581
13398 50182
19754 36061
13844 48797
50290 16652
8994 23594
50081 29649
16746 29328
18970 26024
21504 13
7864 47600
507 2272
32597 18644
55854 39044
28224 1069
11515 33923
8467 8853
24918 19782
34904 431
46116 19683
55730 14542
32786 14079
36617 20638
43782 1423
52836 50563
23211 53867
4724 45202
26023 53893
48631 18086
2773 36285
28589 33507
1229 36460
30131 37400
5103 37462
20517 10140
37733 6180
28134 2474
37579 30171
26505 23309
46498 10231
41953 9071
27374 17367
18974 24058
7549 38153
26545 16375
1367 15270
21285 16794
11264 53155
52516 19681
40510 6024
30153 37388
45195 26202
23715 37295
5776 14250
28621 48121
6938 5060
54972 47421
28553 21280
38593 51964
26244 31624
34339 11332
5155 32000
25937 45194
20335 46062
48878 37764
22251 53708
14521 6250
21828 39010
51061 42091
11019 19687
5006 2450
33456 47894
41500 52976
7473 37768
34774 25006
33421 54741
12708 51127
50871 55117
22897 50522
23010 21915
47670 22802
53671 53553
42300 28463
53415 27298
9680 7900
15485 50489
6738 14859
9598 49000
16776 42781
12929 39473
11371 750
39479 41543
10019 50949
49822 41432
49752 25067
42960 3548
4939 19975
11610 34366
50650 2699
41154 20927
32383 35385
30406 37023
49444 9803
36945 21420
49800 32926
37977 45729
29420 14471
44639 10040
36995 3311
42140 44148
41635 47945
40929 25748
21182 29204
41106 49339
20719 39003
9894 37700
28821 33078
4476 5904
30732 14555
28981 28308
41379 18992
19846 51536
52189 25843
18002 9701
38760 8664
3682 22032
23065 5410
33249 31186
4863 37450
20343 48845
30261 3232
29617 35924
2465 26162
3729 17207
24166 5576
18814 26118
5029 32888
42249 28475
5918 50714
40306 45736
38934 8545
33232 49941
25198 8839
30325 31518
38033 36655
36328 12984
51893 31973
48426 25908
2689 42746
29474 37443
53073 12852
37465 36777
42719 40370
12337 48213
21072 34358
39650 16138
31171 15881
32858 4696
9887 17450
4055 50907
29526 28185
6784 21196
53148 44875
22508 37750
46814 5872
5527 7375
33067 44024
42345 27105
11309 27758
2566 23939
16237 22827
46375 12484
54788 21020
28798 22579
34346 38921
34259 42953
39965 1587
10404 50442
23849 19977
24436 11093
18540 22920
25390 40385
26790 53844
50756 52613
22176 28981
44493 40841
39184 9557
3432 28867
51723 2942
41346 53620
42422 15302
21932 13087
4320 44916
21607 24499
6194 54745
36567 49659
44459 47743
25334 5624
18622 7365
16515 48470
47431 3575
43029 15929
39499 40699
9855 9679
21848 53749
5342 18854
38191 901
43491 22497
9269 45469
22926 55931
20332 7293
55287 19997
45776 29496
43394 30880
25688 1491
8451 21750
54804 13698
46455 48498
5553 35259
20289 13886
55263 13357
24687 35811
42172 34293
51883 49176
21528 16952
53293 35967
8376 31656
43917 40832
46061 47837
48417 9264
44920 45553
34498 45794
6125 43796
42338 1206
43940 24682
27749 38208
33325 43485
23713 34525
1195 2850
23764 16742
20242 11163
11814 3940
14038 18614
22396 13153
50211 51721
31869 45648
12584 40499
14847 17779
9016 3479
10155 30472
5058 42911
19386 547
51651 4365
6629 25471
55802 43279
50521 17781
35375 43450
48408 43261
34507 23608
2474 7071
54069 1251
22071 19169
50221 42560
40504 25332
8589 15150
39142 24950
24689 33328
10110 55595
10634 6528
11852 20674
45407 31763
50535 39132
40943 34837
53022 55895
10849 12218
47264 13034
28684 32811
2864 30015
26927 36746
23875 46693
44327 1409
47159 2606
15567 54504
29112 34696
40016 19984
18674 21861
49309 32109
49057 25782
51368 48785
29421 10290
15336 1205
34997 22727
15675 44848
20282 23063
52994 23291
51405 40976
30738 19814
12716 15480
24107 32851
44454 18080
37384 53209
28875 4064
30257 41012
50426 16888
18467 25374
50996 53403
25027 1932
32959 36369
34568 18363
27438 14784
10621 9943
53536 22400
13088 25746
52512 43053
39628 8996
9071 5754
16385 47835
3420 25049
42021 34126
31496 44434
24328 40138
36343 40995
54909 44992
46623 14905
33811 27351
8171 15753
18682 37546
5497 10011
54766 27949
10507 20473
17878 39674
29447 21581
33644 29437
55307 35536
28671 8636
6011 13551
14552 42761
53524 9082
29566 38079
22911 35479
1748 44830
27191 52436
3491 13259
25983 9052
32900 20251
24508 45124
15452 46212
25308 34329
5349 8864
24571 53882
14716 50466
1848 9513
20886 43007
6494 37018
46839 10358
42596 20808
21974 4445
51864 36526
9572 34929
9018 47150
2511 7759
18801 12068
30963 20815
45618 9537
9096 47650
49732 1933
46239 50164
30744 20886
29400 27135
40328 26952
345 19881
5193 29033
1246 48865
16773 41737
14134 48388
9799 17944
35967 9959
54245 51060
54695 12317
34589 6998
27739 8621
7287 12108
50868 1717
54834 49968
15574 40107
19737 40433
7986 17490
3130 39689
15627 37162
27514 40132
55797 15134
52029 39084
40817 15217
29958 53652
4117 45048
7266 1710
32757 23545
39108 5209
35131 45099
1078 51107
41416 31235
33776 8788
37687 32921
15856 39631
47091 30721
9410 46663
19089 42571
28131 24508
103 12058
40293 25393
23123 32208
15766 31055
37400 9013
27301 10734
12276 12666
43541 14830
43793 2113
54993 26778
34308 54407
23633 984
4436 17686
34476 27070
35657 14586
53915 48652
51539 43997
33268 13293
36317 49662
1333 13407
25589 4335
30811 11605
2854 28789
41660 40440
25355 53756
24465 45080
16624 21293
48977 29986
1065 16174
23403 28021
51677 26534
4428 50871
22597 2742
15803 39842
48035 54316
43064 24929
41174 47200
6794 20507
50562 25832
38136 40076
48182 48659
49590 37483
21792 38916
8744 35138
2906 34422
23089 42035
35784 46145
54586 51572
53315 2524
42127 34122
11475 7165
51062 29597
44872 29944
30450 2780
45574 16104
31362 33994
41402 35250
11946 25927
53183 48181
8838 2573
4136 36550
46927 25389
50869 33825
29995 50146
2424 54636
19232 3231
13212 12443
2871 19083
51847 28807
13073 26086
2747 19960
20683 50704
20322 18738
33777 30235
26099 10911
53439 27687
35589 19296
31025 40183
16602 53842
2400 45217
49368 33881
42396 9322
12525 30382
18751 42343
23395 29603
51174 5928
3133 47360
42975 32812
21754 7417
17906 11782
8158 51035
52386 38368
24119 45621
28637 35810
26216 8868
48714 25761
28819 27104
25340 21199
22220 29550
12244 1633
32520 11723
45356 29733
32606 38687
24075 46704
52252 13234
34032 29799
17480 5911
52505 54333
5415 55201
47651 45333
27821 42506
5173 46627
28221 52199
39483 10748
11827 47080
35749 48056
19253 8097
21051 5977
53720 7482
5248 46284
21491 29452
43315 41555
19376 23786
20087 5591
55251 53695
39494 46353
47033 25172
27926 47637
10922 51844
45205 33533
29092 40113
23039 10480
29304 24818
2776 36068
47633 24944
23106 2878
40295 50349
28505 11200
17994 21968
41909 37061
51871 43223
3760 9837
4918 10625
43987 9477
41781 53534
26622 50408
23810 46665
33626 3363
52501 27498
49146 20190
44526 20285
55838 47852
2041 50373
9358 29246
39818 18926
44440 41056
51205 11843
55555 7705
2281 8623
55112 13295
4407 232
15467 40801
51021 50161
42282 16588
24008 801
23734 30058
25091 32613
37175 32680
2123 35619
39656 52918
10056 377
44504 39845
29487 32340
24312 15590
24381 14214
29095 38592
50010 43220
5039 31177
37613 29737
9024 26880
34699 28959
24049 5204
26086 39402
20604 39329
42570 54024
18265 16038
16359 35871
7435 18227
1699 55855
48214 41199
12193 36540
32706 13608
33931 3206
25362 12114
36810 9717
7718 3609
17156 42814
50789 22874
17059 2407
46140 9528
29247 2126
14063 43713
40100 37886
18716 39537
45481 19559
32192 21700
13119 5748
8038 3214
8896 7137
4854 27326
29626 11682
11316 10574
46752 44047
29171 18638
5754 40049
53118 43315
44691 45320
20945 45866
43768 38992
22769 37506
46501 51597
4256 36843
36045 55309
35532 54386
19030 49109
19658 37944
10323 23606
46650 55883
46502 6104
45890 50366
41793 19615
11410 21157
52016 24155
23691 24835
33342 4435
14696 49706
55270 28006
13172 36076
51909 4255
9102 19192
55466 30856
51798 8818
32377 7997
1723 45523
23652 17985
36309 21576
37505 34541
24177 27117
30632 34384
52669 13753
36153 45602
8505 13701
40105 40112
5651 3814
4309 7164
55367 37446
26094 47824
46985 41221
47112 34666
31370 5746
34452 31698
26922 47453
50408 45132
26833 39635
37677 51655
4834 46322
8214 18822
20777 27988
42097 39902
4861 20742
29490 17018
30529 55573
44572 37693
33906 40845
22579 23191
8411 8501
51136 40259
36131 36873
41930 32532
38522 34060
11926 47788
50318 41410
8457 32620
28353 32277
32956 52952
3632 11791
8138 39939
33955 15252
10029 46438
19932 19038
10791 12685
10615 104
21146 7747
46487 1572
14777 30467
22677 40991
34007 52215
18616 7729
5169 48331
16424 13588
12865 52401
41620 40325
54689 27174
17987 53674
8204 2982
40962 21876
53921 22915
40268 36728
34963 52825
6123 41780
32937 13916
42008 741
11052 41984
38785 13186
38054 45221
10106 18457
11220 16674
43171 51787
40926 4446
47228 20171
39659 19680
22127 33207
36938 36045
2700 21229
1860 50269
5324 402
2980 7461
42039 44947
50530 21843
37800 55841
17345 25956
42673 54227
13816 37285
50264 53890
37496 1909
27302 11511
40509 12716
41877 21661
1985 22148
32640 44072
41102 31399
35755 31097
18984 52249
42069 2331
19799 42314
31651 8897
16049 31556
52737 10184
52911 41105
44892 30188
26614 35191
19493 21962
29724 30309
4783 51380
45129 27129
3927 48667
10360 3672
28810 34150
27239 19618
31736 37025
30438 47512
13371 44447
22295 20677
55338 36385
9416 35120
20486 54186
55097 13649
20927 37841
48117 44925
22635 55472
26131 52399
8570 52153
49851 23174
54334 4340
33750 9785
36809 18381
6959 2043
20914 22227
15843 24592
30571 41060
8030 35015
17530 10877
29465 37420
16248 39695
9233 25531
6345 12281
3317 39007
19020 7658
25176 51272
40330 49253
27403 20204
16271 46221
10467 20612
21459 46521
37860 2073
47260 17793
20495 27124
12441 5689
53714 32575
10443 15575
32655 24353
33734 29617
30594 19834
32687 14165
20221 34413
32596 19813
1519 11470
5902 7356
25772 24525
33125 51443
29966 2451
15777 50974
14100 13245
38231 6069
23128 29084
3189 33161
3313 1635
18439 52365
32434 31632
39159 32772
42878 10098
44075 12466
30841 22290
18727 31685
35173 48002
536 34317
7045 20340
28242 50826
8778 21453
55538 9391
47678 50429
54404 6440
50061 33827
26428 44350
23983 8698
2966 13448
26253 47486
3353 2396
37374 30106
36820 25401
12757 46772
23759 34233
55534 7592
18914 270
4819 20381
25320 2886
33047 45027
29515 38948
50096 5707
36036 53306
18332 30598
40845 3024
44591 6757
40046 34117
7787 50213
8433 43188
6337 48861
25815 20479
24458 1474
52095 37851
22223 49709
36559 20457
23961 41868
49478 53385
9455 21030
13046 13144
39484 12619
33366 18781
26306 18131
32774 34884
55122 20916
2970 50646
2551 28909
8981 43983
46766 7711
21827 17869
52689 9786
31048 10322
34035 17934
29950 7502
9761 1000
39732 40826
33785 36676
54365 33690
21494 6710
40179 13539
20876 35556
55465 22959
25753 36004
40403 20873
48453 17764
19611 9278
38911 46161
22045 52692
33248 55007
33405 37624
34888 16045
32103 11225
46448 4669
36892 20407
19648 40191
31123 22200
1091 54488
24141 29075
21709 3325
44159 55603
7184 1901
27299 30851
38254 44270
20164 3307
52217 6943
47535 25140
45092 55643
41240 5644
1747 53714
39120 25685
31103 11730
17402 46182
42965 39068
51309 38847
50867 41253
37911 45229
37856 45834
14913 29219
47278 40391
3366 23307
38242 20477
31487 21780
11175 12986
34357 46721
41224 49703
53767 43967
40616 53039
50765 34963
24917 5148
9685 49529
44613 50098
15873 30520
2070 37211
37524 8638
45910 6090
7203 52583
12504 45784
1242 30689
28904 6375
20559 29858
27446 20342
9925 55974
27064 42233
45253 46545
13363 50233
26895 30501
32888 30838
53437 15185
40074 14667
30908 9419
48224 54110
47672 16912
4082 23820
46254 25696
9050 12017
33993 45850
13589 43594
36759 21649
21303 51694
43400 21284
31351 29707
34438 31950
24696 1984
20563 4284
11350 31152
30125 7399
34940 23033
22435 31369
35801 30228
23219 11194
44294 18499
50594 50328
54457 22847
44614 39613
42160 37663
53385 8349
45437 33289
17326 6746
39982 26588
31732 46811
12601 54431
16156 7012
18285 21357
36575 36448
19563 42563
14737 4649
19505 51933
50540 19800
18941 34915
46197 30211
13585 26268
45236 38702
46203 27096
32048 15636
20778 40690
31445 15971
22860 35911
36733 10422
52128 31613
47295 25154
17922 4330
18861 22330
7988 13648
37584 45486
44344 38730
35599 28256
24884 55658
25857 28532
54636 37173
55921 51599
52732 22427
9600 35687
19036 45491
2757 15477
54151 11344
46802 43425
5180 43884
22700 5105
28992 48456
42990 46656
16807 37631
48978 54630
31397 7493
14024 38809
13243 39065
54638 30338
17769 21324
36833 36379
45625 6400
17801 29178
8997 11546
7159 20188
40350 26595
48556 4562
38459 39208
15682 7127
15890 44926
3327 39087
43899 50551
34803 24833
14790 21458
41809 32395
15260 42271
3441 43265
6567 4030
27087 5934
21647 14262
47013 9105
30960 38062
6590 49479
44643 41690
50513 54033
9010 49616
340 9616
36068 43312
10351 9780
26668 29687
42788 34817
31176 19104
31291 25558
42634 40343
13072 37876
49540 29306
18825 12824
21049 13479
18705 44664
54983 20749
3878 19644
50380 37374
5863 52059
42750 44536
37627 19959
15219 28491
35072 47042
48411 22562
47391 5852
2445 38190
54532 533
27387 40075
11521 33452
2382 26490
26018 8360
51640 55619
32466 4091
12211 24198
49087 35972
18971 3482
2456 56
608 46096
19556 36703
37222 23544
39504 7190
7033 18495
21958 2044
18650 15417
29777 28293
42030 46021
35606 38677
34362 25839
32370 40975
8795 20849
33045 46647
30673 25087
17881 26610
12637 25007
7383 28521
21672 35725
53147 13843
47915 43417
30076 11365
42487 31122
16861 9115
47095 12336
12203 36401
924 25205
48275 23612
22093 27344
51824 10111
19335 18906
37211 43914
54408 8228
49630 8801
12660 761
11502 4702
40040 42493
41860 1030
26575 9437
28030 47274
33770 31897
21492 54142
5685 28622
26270 8899
43861 5549
6252 8993
12110 53974
9216 52819
52969 27254
21208 29887
16257 51704
448 45574
17091 39612
25138 27899
15436 40846
29278 11784
49399 29780
17498 33386
21603 27796
19789 36180
38173 29495
47375 25213
37545 23286
750 14795
17142 12177
42840 27838
23564 39622
45402 487
15487 52967
4072 32648
43765 47902
7748 15516
30501 46671
20107 32882
10468 17646
26570 26925
44963 35794
32934 37772
46109 24050
50453 2193
20381 2482
54335 37235
7695 31672
41859 46196
19336 24156
24088 53546
40281 38029
14474 31558
14361 45253
8754 54529
31339 9312
10040 47854
29818 47927
49004 34499
39698 49191
24486 51045
27253 18313
46003 30471
35995 33879
30857 5128
49634 34299
35227 39982
52560 5797
43523 16072
14314 30963
49930 41332
16218 48608
44587 43499
49463 43826
39048 5118
55447 44832
5366 41530
34440 35337
29279 52305
34615 37987
46123 20480
54714 54166
5119 3459
36974 22515
7354 35064
4048 51022
35891 707
33128 30728
13249 29756
37533 33598
35171 30752
9821 37616
54425 48092
54033 21727
34102 27592
55503 23129
7618 52313
55824 19309
13462 18954
46984 10978
54524 2316
32036 45551
5960 39167
33448 49115
29196 19928
3647 47643
29717 51448
8648 36944
33637 17069
27226 4026
29937 41242
36957 31010
3784 37890
36622 11081
30303 37543
44091 3383
20197 43013
47401 19121
1427 48325
25949 40916
16677 1790
198 18797
53978 31770
14281 5408
37901 8312
4787 33135
2969 5038
27768 51365
22580 18210
45901 16519
4179 8687
35466 40357
3949 18414
4524 18037
30938 16840
2080 931
18815 55383
26796 7311
11796 39573
50396 11444
8876 38783
55764 48429
42043 9905
47795 43199
42329 29272
27549 24234
24541 11495
25067 17122
29396 51284
24740 45926
24619 53745
5260 31780
44744 11850
43372 52388
55752 34563
8716 2169
42831 22469
22792 5532
7775 9508
11697 39030
35210 10103
25760 32503
34659 49333
8346 27063
47701 50487
14595 25112
228 15595
49557 43298
1490 28848
19554 47580
30344 41785
44139 10964
47127 13819
35681 37864
27796 48128
34861 22615
24857 3561
15052 55537
16221 17328
30188 49512
22686 7602
10167 3443
18065 10984
12353 30410
47516 26133
50168 31211
7396 19751
2112 31213
43267 48900
27476 49312
40300 34900
50205 15314
1026 24891
15773 44795
13506 46243
4410 25564
6613 31103
38925 17212
2201 53691
29258 34764
39177 52956
44042 778
46091 18927
3191 52253
16039 55618
48533 25036
2900 44466
26363 20689
28768 34751
15358 44753
35374 2689
54333 6381
49440 34819
50861 41775
3700 23189
9184 28298
33024 40009
18958 42734
15347 17865
47941 21953
37756 17717
20900 17504
37846 52581
39186 6441
54726 16735
44076 42884
21016 55328
15526 25635
19777 30220
54105 50670
43268 44256
34161 49093
14487 15847
27104 54106
19694 44033
18033 38583
55622 55519
36486 12775
38776 34076
48183 22113
11478 44415
41026 45239
44483 11792
27998 20531
36429 35889
32482 694
3073 44093
22572 556
42161 4454
43998 784
24980 53673
51499 6403
34372 34424
20889 6810
45634 53266
27285 29226
26756 23037
9780 14380
19654 47531
24672 18567
12051 16509
49442 12654
35254 2231
31033 1554
15793 40593
14769 55561
19710 3728
46372 38938
9461 43032
30345 14210
3777 39282
36857 41818
27046 7982
27297 46405
36523 7863
34734 5662
8788 39629
25456 8514
55076 24639
16712 43018
13326 50061
21645 42462
42383 37098
5182 12109
29478 7265
24319 45591
6060 12076
35104 16603
54937 19305
12484 30603
3378 43286
17594 4963
24719 41864
44150 29717
39648 18114
39514 50421
2592 27983
4770 45366
12332 43751
49919 50455
55779 50471
47469 21195
44005 16865
36625 10615
14223 51167
31418 4850
13690 18173
21822 50929
19870 4089
1005 25088
13882 25467
12454 21801
48594 3937
7689 16924
48948 17346
49436 11661
31387 28874
15899 4549
45589 32226
39611 13152
52825 39997
13403 25732
25994 11695
15685 42303
36182 32248
21078 7107
50825 9429
18551 35431
24948 50379
30557 28263
34974 14313
42515 54904
23545 42162
54048 6964
52876 28940
23570 46885
33608 16974
32590 6770
30541 2285
6463 4779
47345 4615
54589 37444
49915 47681
20987 16424
13313 50938
24295 29222
20508 1230
27128 32618
2997 9756
36866 42787
14502 41966
48579 57
9564 2480
1063 43556
52888 25591
36262 17462
38276 9936
37955 45879
47187 21616
27367 25647
19346 37660
9989 243
12858 33777
21619 46374
15075 54315
24894 32158
37342 31336
16105 28578
32723 26471
36087 47695
42901 51180
44883 51471
22123 4595
16865 35398
50028 14802
32023 217
47420 25194
54312 45172
48471 53643
32152 31593
30201 7944
11026 37175
48023 35082
52100 23523
23081 21853
11093 44685
9173 19847
47207 26255
35819 3618
32003 41437
12062 42407
35530 5942
42062 23944
3850 35038
34338 22287
2217 5273
4872 30123
53626 49838
3180 50234
50092 19003
419 42454
27027 13312
9011 54640
41334 36339
15168 2578
4455 25177
46346 55420
9898 12518
600 19587
14335 45606
33144 25566
29886 53663
24459 41329
3962 45144
54075 53646
41795 31884
43697 5562
40405 41471
54495 28704
43207 53600
31973 54094
1031 9172
434 2340
34880 12655
53384 1663
26958 47169
777 38860
1097 15630
34696 32063
47330 25479
18006 4129
35111 51953
18789 35426
1124 42167
32914 20168
45735 32748
44174 34993
28219 29446
11749 1076
7014 2428
6313 22236
34367 3674
9759 22133
52641 51628
12579 47253
40618 55213
34502 26576
16543 7746
23229 13873
17520 42851
52097 43734
26012 34284
5179 30040
24449 44439
26610 35165
30081 9762
37028 48566
15939 37969
45695 15269
14802 4721
19660 2417
44830 48200
5284 9280
42844 32041
42592 42850
49781 1250
2077 30882
6128 40526
26561 3002
24856 15905
52613 45961
36222 42519
31196 8555
54546 942
41730 11289
620 41463
46062 3275
11232 20142
5419 52016
32759 6377
28437 29897
42265 40058
53747 11187
21711 38735
37084 4192
6250 6969
34614 7483
2789 32581
15058 38993
13856 52375
45370 40346
37145 14456
31163 4136
17767 13281
3052 27933
4873 22109
44855 48361
18375 55983
53558 26347
36931 21250
43130 7917
2157 44833
55459 37747
20611 35776
1027 9001
54297 21076
38472 51977
9450 13975
49300 50085
46709 2988
26103 38869
5043 11368
19614 21988
10647 4144
36960 55816
15760 17950
37139 9257
25504 49647
44371 27208
35427 11014
21741 45633
25156 24244
49520 36269
48480 10814
9172 28749
51807 15968
45175 38142
47459 2668
5140 55753
32820 6552
48855 51843
22667 53949
3520 40137
6402 24651
28646 50965
15214 10339
4982 1025
22322 31914
39661 5291
50398 417
40231 54430
39034 11759
25999 5842
50696 46317
21390 42714
1942 38911
41558 18595
17913 27278
51351 45450
29528 51921
32153 50631
14952 31196
23319 45375
36244 8317
24604 13511
28302 9378
12173 41932
44545 17757
38396 34282
43298 29519
24909 27003
5617 54872
50605 11440
40542 40013
19358 45330
52302 2466
16152 39078
46735 11797
4818 47003
5377 32761
17562 53382
10108 53769
24904 41104
46641 51288
51374 19740
41544 22797
10111 27446
48475 300
25535 36551
20754 15443
23639 12577
6983 7701
5998 34748
341 6271
55483 40562
29147 23718
23588 49882
49896 35372
17680 33263
6700 14371
8684 30423
5722 50485
12281 53479
28245 43210
29416 13639
36503 18116
36356 55694
33584 12696
26742 7385
6770 52207
1722 52973
5874 44909
23195 31092
36322 32606
6100 11556
39121 10471
39194 43919
51409 2826
21262 3541
25247 42262
809 23868
19127 18682
54193 13736
25415 28487
51064 16475
5551 21909
47504 40424
36670 49704
15909 29698
37484 2839
34152 6844
11114 48524
44913 3438
24952 35217
11109 11527
9100 53688
17624 51479
19735 1905
17591 31789
32318 33745
52553 7607
4147 4644
10959 15421
28487 47278
18086 29152
27598 38844
19645 37996
31735 21363
51293 27464
5042 13026
23667 48962
16496 44359
16161 21345
47245 15078
40963 51051
32493 7218
38916 21374
40415 14928
12816 6427
30007 15540
7011 48350
8880 27040
19967 13105
444 24611
25933 14462
21773 4819
40645 30867
24897 38345
21597 31747
28851 3562
21938 28565
53522 9499
42667 14167
38955 39940
8922 29819
19690 11670
52679 25385
39533 24477
45567 8940
13164 29999
31393 47175
55584 12725
11642 41421
26100 23501
20916 17675
19101 13253
48161 22013
45545 8337
41478 2104
32179 45365
37741 37269
51248 3910
15888 18390
21358 8946
24646 7282
18370 30510
51503 30054
25752 27409
23922 11220
7464 49830
36953 22517
13095 14409
38813 19344
35759 39560
11792 10276
55821 51744
50307 52073
54734 41812
1764 40078
47659 11137
30253 37888
46424 36226
13740 15054
28735 5668
19093 26981
45406 34195
4533 32062
52145 14185
52105 38770
26814 31031
44105 30328
52537 18296
9122 951
41507 47843
19847 28057
15862 48247
16560 16165
43167 16242
10102 21450
46874 28459
55754 37976
51713 14576
24707 52765
4848 9763
29431 54765
39187 333
31408 27380
38158 2899
26268 2626
35021 30845
33202 48070
45332 50372
27414 33045
35629 2204
2410 52887
51821 34808
23563 53920
45983 31410
35187 45656
54839 6423
41824 29652
5570 32460
7168 15763
54200 5446
16269 36602
43097 49354
43562 815
23266 45427
10902 47959
42402 26649
40153 14288
2904 53200
36912 23489
42273 19385
44399 15668
42385 55922
26190 5947
49328 1044
21732 31444
28211 43846
6944 19978
692 54940
52566 46092
16957 30100
14550 37381
33468 48975
48946 38251
34000 1600
36569 29809
38045 30394
45067 50583
37699 9085
14486 46081
29215 26566
24519 12121
25634 51765
30348 24276
50617 41079
44536 30429
38574 46131
45249 41511
54791 90
9880 41112
22608 4634
1610 55933
31639 54270
6852 21818
19362 34795
27262 2144
5627 19438
7607 27912
47852 49342
9285 17681
22829 45748
20441 40141
22484 35550
29841 37699
51398 52067
13558 13576
52285 51623
31650 44871
22827 5306
31206 40663
6398 22001
28716 48219
47317 3593
45664 33734
29652 44215
20901 23855
4403 3380
19679 7273
2929 25098
46582 23960
7543 30498
1481 40576
52110 2679
42466 23959
52163 24015
44378 54895
10772 42479
48529 36621
15986 46195
33817 4392
11433 36750
36170 46488
10495 55494
21692 13417
36691 54002
27943 21950
30282 15640
15195 35366
26546 7443
41272 42536
12089 31359
12216 52787
41975 49302
43078 38019
28321 54111
25925 13750
1914 49360
48326 48826
40247 49866
12932 14775
29464 21002
38811 23116
28152 17522
25483 33002
292 44580
46186 27718
14077 18163
13487 3570
18242 4153
49305 24433
46122 22625
4101 29650
55928 31866
6669 32864
35186 34517
12253 8042
23973 30813
21364 46520
12916 34859
29987 44454
7469 34922
17194 19154
43956 29621
32079 40695
34585 24127
41885 55449
20540 45432
39124 4301
25470 12344
40063 30008
25726 5722
38470 5255
7487 25604
22802 11719
23068 18899
52256 5043
40460 7168
11307 10799
44145 18085
46268 7342
19494 45684
40271 9697
38678 32528
5555 9864
44048 13387
8779 34124
20525 41110
7725 1488
15636 19214
54863 27299
7665 44722
11997 35484
53609 8653
45446 31058
9265 22722
33478 27534
25459 29089
27410 48347
39088 42251
9036 1408
54489 19105
25147 12391
27725 4126
12174 1445
55631 15226
41649 34054
35218 55359
45445 52229
42288 52201
11354 37926
36367 22466
10936 55879
55554 42340
18930 51566
9195 21385
12262 31861
20617 38887
29557 43638
40594 45670
54888 34745
23530 35945
629 29181
31760 30016
8948 19929
12788 37176
25163 8648
36804 51731
53225 20087
42800 11255
32439 51726
52196 17040
44873 14863
54753 31736
53276 24373
46540 18884
29089 50447
32028 3102
10962 9722
5418 54864
37054 53421
2023 29880
49877 10903
14453 40543
19143 10538
2143 46650
18013 35083
14736 18694
35233 11946
18919 11493
11024 46407
51167 45408
29972 43671
37071 10059
48662 55134
52681 15592
50196 7663
32461 2697
36027 20751
33477 37653
7420 8289
37534 28895
7485 17067
17557 24227
50798 12092
35594 13446
24043 36864
35524 46343
49597 2274
2727 43618
49808 20772
47120 55381
28926 9696
35806 24440
14323 29389
55280 35381
6712 10656
48234 34973
52875 19764
49241 7962
16223 1634
19511 26514
2113 32730
55052 53405
17224 53435
22845 30019
5701 20986
28775 10228
7694 282
50832 48399
15529 35793
13755 33254
48341 21711
38531 42418
45164 46233
22979 19370
46580 31059
39995 55432
41470 49425
28061 37600
10878 43706
40381 9640
9125 37044
51436 47746
13542 28974
13563 22197
3891 45164
37361 7361
22992 47949
34884 31391
18422 2627
39116 9138
35309 53723
11035 36108
21211 7660
46141 20191
19179 1626
18962 26322
37535 40470
17521 14442
33713 29228
44519 23423
6241 6061
8886 21389
49159 3607
51492 39856
26975 42030
3886 12790
18175 38236
42985 34501
8316 14559
45969 51203
8697 50273
16363 18215
9585 12827
46622 1478
21109 5479
16224 35286
49904 29194
44318 44373
25737 44012
32078 5727
9318 33541
37843 25849
41446 12744
17611 32144
41145 20825
27147 39530
24588 39655
29622 33526
4950 52464
41526 43698
50390 23663
6102 26055
26402 51931
33792 46922
49140 28026
18234 24225
45529 25305
24188 24434
29799 799
31985 18655
21450 22605
38140 23027
163 51888
50734 29202
48020 36768
6105 5741
47903 14136
30045 47701
41605 29113
43526 48597
45698 27238
23477 29000
4151 18916
35025 10735
26065 47711
14276 27777
28158 47750
13884 27145
32422 9147
17599 38482
21160 39187
18586 5642
22136 9414
35869 13618
37876 19873
8559 31105
37103 34427
31808 21982
51663 4333
22528 38711
44732 49553
49956 24627
3173 52838
3011 434
6526 26835
41038 41865
51373 17913
30120 27166
1068 11462
8143 36426
54509 30286
28921 46547
29919 37219
45 49496
28037 8974
13260 13059
45128 12191
8646 25020
42599 18971
19784 36299
10419 32152
17959 2768
6118 19792
42900 38353
23622 19918
16410 32382
5402 36654
24370 48488
43550 30373
42528 14715
10848 1759
3394 161
25975 10095
41000 17215
20022 19672
47579 41980
45839 41718
49495 30969
15345 8139
53635 42849
42958 43642
5977 53837
46118 27339
6238 11756
72 32237
13987 45079
31249 42257
5108 16040
53494 1865
38908 7823
14824 50117
34043 18168
44564 32313
29168 4373
609 39249
529 48862
45587 23709
22517 38081
7904 31490
27677 37066
45485 28579
8663 16903
31307 41157
4642 44952
15005 31198
25105 45499
5855 7838
47892 24459
6713 33589
6764 48036
20536 37701
54136 1150
19612 17010
8987 10673
25083 38120
50690 3835
49359 9578
8726 20951
42047 30215
44377 45435
9363 8880
4484 23422
34768 10703
36916 3467
556 17870
39998 23670
42600 27494
10756 41698
28843 23330
23016 3193
47346 18997
13963 19115
41162 34709
49039 41874
9921 5035
26982 33677
40376 12702
44995 50230
28993 41159
14238 12010
5682 50115
6585 6194
9176 39241
49313 49325
8072 10954
38639 35633
47842 21143
25168 20724
53503 44891
28141 19732
20612 17791
9164 44922
16239 45742
18152 45112
42246 23759
5522 6281
55450 35024
36268 38014
39388 23045
39323 53079
53103 846
39820 8976
18673 33959
51051 18443
45252 24446
1758 51040
43150 31779
19769 27001
13465 22303
33932 10685
39776 6713
55846 14279
54628 10129
49011 32990
25674 14491
19369 12349
42348 36613
3577 40202
53754 45198
15686 34450
32433 34872
25290 46698
7389 36118
15800 46024
32741 49566
41818 7469
38924 27352
4654 30179
34622 5007
791 7640
23665 8601
20741 1139
8650 31426
25352 22821
37250 54355
27582 45289
23948 23762
35807 9111
44758 28963
11323 39168
54856 52454
30869 50043
50487 22417
4784 11286
1094 46524
38494 19968
4426 1885
904 48789
17183 7773
14139 14573
2611 8436
3963 45498
26082 9330
55481 45092
18776 14849
41195 20148
46703 8215
32837 53171
50274 8534
52796 5152
55515 27841
45994 45274
26364 50006
51785 55576
41979 7322
54484 5095
35236 1233
40374 50771
10007 31737
18185 49633
5479 52576
20311 2787
52453 12869
33509 7066
13317 2150
10183 43240
35153 33652
21414 38875
25607 3885
38433 30742
41570 7794
50019 16582
54582 2837
44634 4342
42150 19769
4333 52607
20328 674
45789 49451
28672 6325
47839 51274
15640 8113
3795 39440
16023 13462
53381 38510
28475 13109
7602 12110
29713 43949
40128 23039
39901 1918
3607 5950
53379 9540
43653 48903
48608 18179
43127 37995
48540 22796
11512 23082
7828 10523
831 32810
46393 51171
8993 47747
45974 40171
744 15849
10737 33090
32533 37371
22722 4479
34276 6495
33897 37889
51314 50020
47237 917
16991 34658
10943 14222
24371 46912
8319 12554
49138 18472
51192 11258
17614 49416
48034 35202
7737 284
50557 47537
1924 6468
21956 14026
28137 33043
17825 46384
34332 31111
4186 24017
17233 45753
46683 38626
37792 12133
41126 28814
5051 44141
32516 7034
29832 11853
33475 23254
23602 24879
3634 27794
32743 14043
37152 33702
10937 14913
24097 26712
10310 7396
16720 49900
55424 20597
6744 8102
37612 30534
44180 7230
47369 34061
7559 8908
14969 32494
48548 49957
33347 55208
54648 46186
2887 18893
806 55882
16027 47326
3014 2662
30918 5391
23854 21504
54624 32356
9836 7584
11729 25218
2318 18587
36233 29947
46795 39348
55988 48246
42973 20448
27484 53188
14714 29096
21090 14803
53243 36302
27280 26692
47205 19045
20968 28047
17778 12373
5105 52995
37457 31174
24433 44508
7826 24081
32902 11751
44128 838
3452 44182
11754 55915
14627 53422
33802 6893
3010 25977
26276 28709
4518 34254
30481 43159
18502 44337
50694 5571
20362 7814
51841 9396
5662 25875
36248 26256
29934 45550
523 38703
24178 6667
13152 52769
19110 11058
36950 4241
51414 23837
19918 13048
48469 22193
40811 13125
15898 53416
30404 26496
24136 8046
38778 15262
32333 27834
50634 47527
50849 32710
12808 18253
48003 50124
35820 46760
49839 50199
16065 38137
9868 38906
418 17890
26873 51667
1567 42195
54293 26230
35491 23338
22704 31184
41678 43692
45447 51856
51981 55454
51561 31755
96 33517
49738 18278
52069 9659
24660 50332
48371 29795
52206 7081
55777 8008
6813 54225
13448 32070
34722 32590
15609 15128
53653 41181
32246 8822
3926 1948
9331 53774
46639 48353
18339 3464
6097 4472
2878 32646
15170 44441
34063 1754
27071 11738
45931 25077
24412 39623
30046 44513
49015 21428
5565 10010
38062 19842
6264 40762
33124 53361
8750 6314
41761 49819
25845 5015
4905 43325
55798 49258
37213 52667
53076 50304
28508 32257
43414 30542
8567 53530
15518 19239
19116 43391
17105 32631
20645 32130
53146 33083
45923 17149
48193 52110
21382 54560
20845 35425
29672 35824
17823 1159
15310 50068
4895 2071
13285 28208
8921 7808
51114 25142
50473 29499
38320 20615
7142 55177
10185 29004
6925 30125
10773 2359
29463 2154
30544 11592
20581 36482
26642 55228
7913 51078
35123 19861
23481 46273
50485 10758
13608 32210
53911 28226
20206 8814
30366 20478
17368 46906
7859 25499
5926 31946
10330 50071
44962 7169
19938 37281
46184 44239
45671 55582
39539 43259
2644 36293
54197 44917
21483 35350
9721 37501
5978 30791
46607 31190
16268 36848
23314 10244
25969 53313
33651 3653
3209 25650
44380 17262
19585 32421
17051 52422
11395 24760
2037 53078
54974 44335
29636 23119
36435 50232
49027 18641
36053 21004
16375 52796
6208 1845
30281 38697
55075 2957
9162 8402
7960 24014
784 22864
4042 48632
51181 38271
14568 1763
51416 50148
12985 40971
53198 22365
24396 24942
44977 6380
41308 28060
42251 22620
5508 23421
38164 26997
38412 23021
16963 3700
4915 43336
1429 16006
4226 16228
12960 54535
42336 42473
29061 20454
8441 38833
6028 5567
21729 45089
53254 4293
2799 19983
30212 53995
3319 22125
11010 11127
37611 1292
28388 51866
47477 21373
25887 53972
32515 30207
1933 43108
51737 27688
44776 37228
27962 33736
11326 27602
23197 17474
14072 1338
12266 45611
18022 30783
18341 38535
29230 1458
9741 20744
2271 24756
52064 37379
40579 25579
40435 21131
16108 37522
42421 6405
54438 32006
32696 6558
27001 45277
36090 44245
31394 13495
3997 22018
5749 32554
18336 32950
25102 50129
54037 43738
55594 22253
55035 10921
42117 40294
34460 19630
16329 23812
41338 28574
35630 13223
1280 32569
25068 41645
51244 4937
53422 35117
23535 14030
31437 18833
35686 17378
51213 3116
31764 19486
22547 37587
51950 26348
32925 14804
21077 40932
25453 48686
17724 6027
11785 47036
1709 37893
20898 6209
39133 38789
14354 22076
1921 17916
51023 4409
18412 37122
3840 34804
30913 54269
34697 27991
23425 13746
50256 54236
38273 5025
15255 42700
10462 54025
6563 33073
16244 19655
43049 28372
15805 43481
17468 35387
34976 20536
48304 13113
3665 27153
50073 26366
14380 16467
55198 40958
52628 33776
23253 29703
11385 51863
11541 50033
15503 35886
38832 11836
20841 1220
48373 41147
45720 46094
23514 33832
38769 12226
1849 54595
46102 32716
45912 13957
23048 43307
37202 48642
36937 30625
9313 17560
36904 41808
53889 34913
32259 40267
35529 50405
20255 28425
11506 37102
32142 47620
2488 41076
5916 3925
53917 34228
15246 13150
39431 23874
14340 30310
1307 9683
52459 15754
31326 9862
53393 48919
52385 44913
40248 50170
13204 19679
8552 28534
22332 26887
46986 20884
11631 4223
21207 41546
3904 13341
1437 27030
9681 17494
38445 18812
46183 51990
9284 10525
50749 16807
7270 45014
34492 39403
23914 15476
4754 26599
24484 52478
46173 52074
53829 9828
25926 12578
38406 1816
6622 16095
22057 20352
52677 30420
21143 31811
8943 36689
53408 28583
54441 27658
28631 42397
41895 2426
31930 13238
42545 10444
20794 17873
11417 8942
52499 1910
36830 16935
45454 18205
40221 43167
23385 36092
14631 11534
43617 42225
38598 51790
11492 47349
24798 31841
20108 1305
48104 3626
45122 5501
19302 55742
52742 39427
11647 19529
47765 4167
118 26674
46007 23819
37542 44019
25664 43086
50518 5919
37191 26011
53466 47464
11933 9212
53951 15470
20855 7336
40068 53252
14477 48135
41920 32785
37064 7907
6823 34208
32518 43531
9218 38039
21704 50798
48847 52653
5100 16503
55716 32536
22729 5915
20940 15603
11003 55055
41694 8014
5815 50672
46463 20540
43911 53711
52037 38295
52762 48316
22004 25556
29271 49046
747 48757
55563 15463
13742 27714
55476 52155
45428 9456
4443 7001
22970 11479
16821 14032
7081 17993
47214 28802
84 26764
3156 16667
25293 38633
28720 3666
48011 32137
27503 55416
52157 24557
27134 45851
32315 7404
24820 53365
23019 35766
35785 27773
24599 55548
6648 44744
31424 16145
37884 18202
42662 9497
49693 23790
45034 31145
14784 46903
55910 55629
29576 20197
4831 1382
2190 42297
19328 39703
1316 2282
20888 48461
17114 43400
6864 3584
53914 45265
22401 44014
11149 15708
24607 16580
10546 36224
47972 25212
4916 20269
35852 41875
51850 45916
22148 23781
38931 52304
40216 7999
31637 35056
46171 15492
2032 28994
28268 25459
42837 516
10814 25755
39802 16747
28456 19720
10296 51124
3510 49589
6637 15432
21699 19492
13471 13788
12451 10501
26823 28761
55074 41377
36315 20787
47320 50250
47840 42234
35398 26627
17385 2221
43293 17960
18450 5250
19491 32224
15568 30874
6286 48297
3253 27064
25750 21806
37472 47015
36023 27681
32175 6580
10066 54204
3573 45776
23648 17103
251 33184
28024 4350
5743 23060
19304 27583
43387 39461
40966 47791
39336 35896
31479 48352
13086 21416
6357 29705
1687 45562
51898 54802
11196 49937
41825 3415
19125 42034
5370 42048
55111 12042
7570 41298
20209 29059
26049 42016
30864 8919
32054 202
43322 26258
51381 51239
5973 41177
42066 20025
35660 20561
25397 37737
12117 5390
24316 7264
24999 10344
24210 16359
12228 55175
52132 46765
2925 50306
17256 42545
53538 50015
30479 8526
17263 38930
14828 44942
17601 26891
36979 20933
4040 29589
9905 31351
49299 53576
45644 8750
43744 17084
6338 11370
52344 45054
43788 38865
22531 21469
35485 18468
27132 13020
49576 52748
38649 27165
14911 24092
36281 11921
51288 25789
25370 24729
54870 37382
27436 14712
35096 1359
45028 1506
31119 36604
51942 42409
15444 40109
31213 55282
19586 14989
5175 5832
25874 30306
46813 12994
2276 17157
32906 45958
37436 11060
33871 3263
37453 26283
44403 40502
40651 28109
9664 51519
7883 17050
49624 9782
29429 5837
11330 24113
10956 11150
13887 52524
12631 7691
8270 926
2797 47094
27747 34462
5136 28519
54527 50683
28534 29735
13233 44146
53929 32385
9692 7767
38998 50968
16901 50995
20956 13314
47652 12488
4392 17446
5704 18872
25435 51200
36462 32386
26042 25040
36180 8533
21374 28267
18102 13541
34059 39328
30026 14128
811 18545
45903 47626
40833 44381
52605 12411
34247 27416
27499 11821
7375 26774
55298 9565
9807 1886
9713 19019
37133 17158
55837 15433
38187 40481
49702 29556
52984 16274
6923 51846
36877 38202
6619 44845
18750 51910
52618 30027
22536 5619
26929 677
17311 30729
25104 8730
42913 21185
31824 45418
37489 51850
39909 51184
31002 13908
52941 46750
11286 25133
18050 46430
26410 27741
9428 48242
40518 39138
39889 16793
44618 4788
45460 6245
26328 36504
2542 3851
55581 3416
21725 21815
45254 15391
15570 30864
3231 23220
48874 39740
31144 43961
17602 39206
24409 46503
1326 49037
22143 55438
19862 352
20379 16624
18373 33066
32219 40610
45626 24966
52534 19826
6437 25867
14940 43992
8808 24308
19693 8667
48741 36672
54070 2696
50727 38043
21029 55581
17657 17059
47763 11133
27314 33014
52611 32299
42308 22229
5852 30677
12317 8646
28949 5876
13854 20796
26685 46548
48559 34762
31750 28373
49775 9293
33850 17066
55792 53247
3684 52662
33769 2895
51791 8381
4301 32717
20390 18416
46503 49010
33214 23632
26437 28187
8890 18542
34360 17251
37269 40170
54115 49910
11387 17286
12633 53554
13155 20514
52635 28559
16351 10813
2168 20680
29914 48292
3314 32197
23618 50049
46179 9914
13049 36417
17956 43085
53131 41724
30424 28836
33104 3488
26015 12382
41643 55259
8119 55927
44642 15065
2003 12003
53639 2351
24410 30819
32034 17055
38932 10719
29236 46266
11639 30615
53419 28602
38462 7604
54199 32435
22922 2674
22561 28936
10717 23365
16952 46467
54803 36757
45145 31799
54561 30000
18683 32309
1799 7373
53845 47171
3254 9703
10677 8104
37504 22912
14046 6133
14507 13352
42427 18620
14753 11840
44414 11030
13549 49148
17635 55515
42703 17878
26838 36913
33639 43460
1315 38383
50304 13920
44709 38244
584 271
31071 34473
55710 50257
50783 37408
11351 11834
39397 27291
555 5036
14665 16133
16541 53498
39869 32645
20019 44362
46711 6181
46490 21539
42123 1702
18048 18631
27775 44651
24673 44607
22854 7995
52450 25833
53843 24482
14301 38689
30586 6952
19802 21204
44381 10078
34121 1893
40869 5313
26028 30162
38305 46381
6706 43224
482 31448
33523 29757
43409 41180
24526 17651
36796 38942
42425 43124
38914 381
39915 21590
18526 55512
19561 43003
44854 40788
55091 29695
31572 21294
4184 47943
22039 48125
18120 37301
41983 8476
21309 13853
18146 3191
17115 42182
43000 18544
46603 21180
42695 3640
19582 48746
12345 4635
9826 35859
33902 39472
50167 24995
15749 6066
3721 26140
39324 16723
26483 11667
43289 15734
53417 50521
44615 26144
9171 5846
54951 1345
1669 13647
42953 10679
53229 25461
19373 26372
17002 18674
27432 42413
26516 49320
25446 42865
48283 55062
2315 7904
38210 19566
46405 32169
37490 28336
12447 48228
22490 20323
47616 44890
51273 39552
14573 8605
44979 23531
35038 43616
41833 6299
31178 24082
44032 52816
23495 13099
53140 32088
19674 29193
54533 25434
43098 31224
36586 17596
11871 36901
19254 39344
6397 27727
30854 5913
8385 49578
48557 27692
50795 24133
47526 40231
36637 12214
49999 28450
11998 41333
44546 27920
21997 6092
42890 2651
5853 33643
14566 22397
55908 30378
14637 44332
48773 14696
20126 42442
27557 44974
21714 46769
24359 10163
17077 32462
38376 34556
19271 41259
30394 42417
7719 34386
30838 5504
3518 19052
41576 30686
38246 28663
38032 5190
55469 31301
4668 53973
54669 9740
12750 8375
32800 53750
7853 19688
44611 16296
25014 52347
34724 28032
52736 19365
27074 37260
3544 3128
9882 36110
9003 5016
13127 2956
22458 33648
26817 7054
37317 33467
29988 27848
9387 27068
20735 6193
46903 30452
11820 43310
5297 47207
31955 37256
21800 16606
41356 23296
11589 16703
52036 38376
41583 5359
3802 50375
309 32994
53424 1067
17926 7467
13723 48531
49886 43358
11050 30336
37768 11768
50102 11942
10384 25753
32085 2967
50042 5459
5770 27280
8481 46163
52021 19507
28424 20575
41517 38484
28142 47455
51914 52241
28117 49634
31287 43927
25122 29488
306 40883
2473 17372
34982 22370
13069 12268
47885 13833
24452 12130
923 5127
21117 48958
49601 39588
34802 16995
12490 44133
1175 52420
44352 28430
271 35021
41071 1175
48078 384
16307 25883
14829 7647
45451 872
22568 51974
20454 42979
8450 31269
6732 30158
25137 55778
32987 26549
38580 43105
20062 48775
10946 39446
4279 47574
52557 31898
19543 19845
19060 40534
29880 40419
47700 23641
34098 45264
39084 44159
34349 45240
22141 44244
28421 25887
45009 19835
8769 5744
22462 8198
32125 54484
23544 910
49160 12505
12349 7335
10806 1042
50596 45616
1254 52916
14970 1758
14702 13713
47656 31531
8599 42509
13841 52707
48109 42582
51190 15846
38647 28560
33072 41030
11075 35297
51707 12512
24025 5643
46604 19721
52968 50445
2449 30372
24589 9711
41965 55418
16764 27649
35045 1430
40838 7633
3185 10886
51665 9990
3144 48417
43383 46046
7086 51981
42833 52277
1294 30900
3162 1287
45204 29460
7589 38354
50852 15901
29119 13195
24921 19323
54397 37319
35867 25673
16564 3338
31091 21880
45998 517
10036 6729
13468 41315
45561 46734
44941 52690
41309 27243
610 32487
19734 48306
27583 37924
43363 39049
6618 47912
43417 36327
34099 19057
17694 52601
40816 54583
39691 26194
51410 31858
8990 33644
27449 51359
6876 47489
33528 52950
47106 44478
40482 31976
7716 15199
18528 46812
7472 54121
6965 34624
32620 1247
13019 27657
54119 37776
13091 20700
17236 36259
34285 4163
13217 17554
23457 42488
46101 27338
26854 31021
19357 7664
10511 32427
2583 40810
35923 42349
32530 22726
13612 29382
45103 45713
31501 28589
21667 1364
15369 53423
180 18876
836 47593
44017 12597
5833 30753
7238 51932
37628 28713
43846 15212
32382 33269
9775 14399
5904 38513
33536 51703
4919 53257
52529 39460
47421 54367
6639 43055
16771 30702
42228 8596
15150 19228
51488 47383
19401 46622
17310 25584
54371 27320
3283 44113
6542 42763
11450 48142
2586 23610
19043 30955
23608 10619
44353 40754
20494 13580
27919 18512
48401 45266
7596 49104
6226 5649
49690 43717
3008 31647
55498 8461
9070 11357
43474 13074
42415 55417
53106 39699
21540 32256
23431 6613
28687 27262
40751 32357
17584 19901
48043 15383
6092 13726
24421 36493
22461 3084
11985 1189
7461 23514
54102 17093
26231 23400
29920 44364
17815 54305
25279 11451
45214 32996
31343 2096
27640 4173
