14593 58483
3279 26888
36049 71359
32099 57953
29257 45253
18290 53020
13435 25860
71483 39523
11396 11047
77398 4846
55303 70443
4166 43843
3906 51118
12281 16516
28658 68220
30496 70883
66238 37215
3479 28015
73564 12167
26063 67066
71427 72324
54988 40928
28894 68333
58879 44658
77237 20976
36464 3070
852 3656
20927 70771
55393 77661
44598 33908
36422 31633
20380 39839
28222 55411
44119 66228
13397 14476
12157 7858
49798 48888
12677 34047
47053 66519
45083 46462
34672 16229
5696 6257
60218 16352
70285 58817
16362 39055
49616 75031
10329 684
72358 59395
38428 44431
47401 30946
75675 76231
25204 74134
9117 69900
6007 30650
29872 45920
37931 39217
10459 37295
30513 75074
13239 18347
49824 49502
36435 68114
59430 32458
47820 13793
21320 42972
48521 67693
46567 76333
27461 25239
34994 47353
9359 59548
22432 12844
70011 19210
32088 55797
21418 54009
60590 10741
49736 12092
35383 8152
73001 55691
28786 17048
42505 62424
7332 28153
30022 58480
4208 10234
41348 48405
52582 68978
35094 52790
8676 77102
27654 73266
74342 68020
41246 51745
27870 34563
65436 76586
51857 65383
60143 55499
18727 57683
34719 64166
18302 54647
32326 21345
73580 18920
70645 66295
34439 16663
76623 63540
56156 59994
76485 16959
52351 67265
47448 69356
28747 15475
18132 27872
66785 59695
64687 62044
11916 4274
6176 20558
14372 73273
20034 48410
20970 15567
55334 53559
8327 14462
50433 15843
50020 48443
61349 74943
69353 37958
32954 5280
72513 68522
1505 20094
15015 15433
70382 48689
34974 39968
44588 49082
14622 39749
38470 38533
56986 63692
20731 3668
59471 18727
426 18631
34523 77284
65613 55281
23417 6377
66543 39999
13948 37157
39118 28257
66541 23997
26072 64068
20033 274
49010 16034
21175 71767
70698 45699
69515 8856
75 5857
42488 54733
64043 63069
2553 75113
14663 40594
47577 74156
40307 59294
31386 44280
7593 49455
31572 62290
74365 17408
10323 18157
11227 66161
63700 60416
9072 58974
69823 58862
16484 19528
16829 42627
62297 11707
72064 53691
21644 50756
34742 30517
69164 51826
55462 44434
27761 70910
70687 6006
26366 58078
40858 36357
52297 11604
48945 21708
57423 3252
67840 74973
59178 40482
15861 73538
32494 16225
29452 73316
8393 11162
44314 25222
2758 71020
77111 75610
72604 6931
30162 74744
77129 68388
28865 24825
943 62369
9306 65882
7717 2447
30008 15766
8835 69712
4118 23560
43310 2487
9288 36040
67392 26976
31196 32151
36501 75964
63625 58227
28081 11095
70679 69933
17343 42000
74848 52665
75526 77188
61954 5897
31851 64419
61994 3050
53355 44559
24958 57281
12364 23660
12705 54387
56499 3154
46439 69194
55520 41600
53884 50071
61214 33709
7101 11931
12900 15027
7945 13020
52773 71013
44474 22041
14323 37402
32592 18879
25113 23943
24932 33497
70293 11748
58801 20215
18374 40213
55297 53383
24051 22177
36510 7722
60638 42637
32743 23785
9881 3562
58083 7668
72133 39063
12834 51111
6631 12943
70856 41949
1935 18673
12225 54110
30983 42496
21799 33808
53270 49220
63654 15856
63093 6800
28017 26550
52566 31408
7686 76813
21580 30998
49673 64616
283 66667
51174 66116
34761 50470
59639 15084
37389 35297
55445 7948
72846 41725
63789 60926
20290 72499
24891 53357
38891 8580
28535 63462
7666 3789
75915 53412
71067 30637
7990 2441
41105 35280
7493 72624
6573 76831
76570 13306
62494 32286
65910 72707
69616 16459
20636 39927
7456 74482
66563 53314
10501 58456
24357 10999
8982 65593
77993 26668
8908 18661
30829 48930
52924 70837
15714 22045
74669 32134
32272 70456
75881 55543
77925 72765
5210 59211
10746 5478
54949 132
76504 60903
74086 37913
68523 21940
41468 72
34180 7888
26773 63202
41181 35823
31286 32885
34815 49828
51877 46062
17155 27887
39322 76698
59930 66890
41442 36873
9509 5962
1221 21158
60069 70005
73793 73805
13105 9167
9603 39406
70469 11760
27939 51814
66308 16119
17362 18305
45746 72939
9017 36630
32019 56619
48435 27637
37354 66168
20677 41721
57434 44910
71201 34258
39652 59339
69330 35785
1026 32235
72693 42158
39241 44779
13578 27607
17602 60267
34665 43052
15130 2081
14030 17528
20375 269
35698 62460
36931 561
27608 1256
44943 22746
26686 54155
34601 72849
66245 64092
64033 51484
32915 70534
6659 10637
12098 10162
55519 70602
36266 4057
5779 58351
465 16177
43720 46268
17147 49333
34336 46920
21179 50693
57913 23225
72310 1106
56058 16354
73520 60647
1268 48560
14664 25296
9863 58272
19537 1228
71512 29036
4723 2593
48394 36849
76351 46901
72421 25102
19411 11793
56334 39739
16705 28987
5483 30705
40405 64725
47796 47580
5230 4823
46899 36800
27536 64598
32707 27406
13474 936
46358 25702
73386 51916
53265 14542
20258 36353
31030 74594
21300 65579
23207 64752
54041 22345
3249 25398
23510 74149
43541 74075
53965 23007
32528 8567
34971 77092
20867 16810
14169 8527
50141 16703
5076 34030
61695 74699
29155 29880
26159 68562
60333 35957
45831 25147
40002 3031
29832 69854
29220 33151
3102 73416
25314 59498
52228 257
43026 55983
36518 6798
9100 42337
36586 56695
46026 53331
66769 35919
52387 15954
70283 67934
43405 61157
3618 64956
15119 47379
34238 67798
23406 5698
76100 29432
34796 6156
5015 36430
14209 55059
56960 69785
45310 58834
41115 41451
57200 677
67034 51362
15158 25508
50489 43871
75575 10723
24915 74950
33387 3326
5818 29574
57155 55551
222 9758
68147 32766
70576 25806
25826 21559
47740 43153
56532 40738
9172 8238
43280 12679
41146 3654
16335 62911
39364 56617
66470 3149
40539 77665
53529 43818
42754 32822
52744 32395
38753 14135
72668 62073
16684 31243
25145 44670
55109 7135
49696 43725
22811 68115
74594 31031
39447 9557
53226 57479
71820 12540
54 58518
39830 75883
37607 16362
27550 11212
56347 7955
76020 4371
42238 49466
60947 41063
57906 8524
57955 16717
28011 8127
67001 57924
62022 7182
22242 39515
11115 56603
37197 8624
67562 13347
43934 7313
12241 73304
30785 6843
40688 38656
29445 49999
26101 52650
19314 12561
3202 53885
6058 30555
32093 1391
62278 59430
9546 50322
59693 60845
54322 56113
75455 13275
25486 44515
50329 3405
64800 59517
52384 67793
31980 43018
19343 77046
727 25229
13971 14157
55725 13460
28684 1611
23054 8854
67890 77711
60890 25378
6583 75133
73061 16513
32663 66703
15907 33592
59830 46582
17478 55183
60902 63098
69617 58278
73260 24370
41589 31871
58009 18046
66163 5777
55934 7929
71811 16736
58447 40851
20862 76615
62217 57128
58992 67257
33973 46891
32407 40789
36348 76503
68328 70929
63518 19088
31359 19322
35993 61542
57655 40459
10156 44945
37451 38151
30736 48344
35615 1060
44021 67854
41905 76866
70799 18954
10562 7513
18137 31115
19770 66468
30312 73329
50206 7158
20029 55321
28044 45065
8419 25613
54378 26264
53425 26380
43370 8966
71122 44768
61070 24820
54497 62355
8162 61264
27111 43404
55070 75814
51050 74200
76557 43996
2561 39274
75457 54880
49858 43073
62519 21271
773 13743
46106 59547
39140 5531
51117 65003
54922 28758
70546 485
71583 29233
28907 30183
63994 61150
28761 27937
35775 31329
57126 63013
63655 43453
3805 49272
50969 26912
44058 52470
52995 24150
21633 882
61262 47556
16729 1297
70009 9665
3535 46909
51646 3935
77581 72705
73976 15099
3553 18665
11004 38087
56180 57726
17787 25481
60516 76768
23820 47175
6591 5755
34100 3891
49690 26100
42907 25930
27743 37238
59599 22826
42841 28698
44237 34341
49693 22844
36472 44541
55256 72681
33066 32240
10736 23402
61645 25689
2541 2818
70703 23079
6827 34314
45871 13264
29390 2752
8994 17989
5277 49667
4068 14545
32412 44353
26131 27557
2672 39987
19974 59796
31267 31477
16545 48450
62071 48805
14994 22461
73921 69066
28570 56849
60953 8570
33587 15532
48352 18932
21993 17144
15013 24857
21466 25125
40769 69804
75850 49571
3366 49055
40889 41675
75471 56301
49193 32054
51991 6055
25996 76982
9962 24786
77608 70185
31831 38560
13357 19473
39530 42950
15867 32398
74178 6981
5384 36710
45509 16576
69828 66620
56149 76557
48572 64093
9039 27426
66318 10671
44726 61692
1659 8504
55058 21946
64252 66666
13834 50872
56823 66737
47473 49056
60259 65351
20053 68013
57081 60853
23087 23462
68387 42183
35401 49006
70540 68876
63373 63347
60932 64854
57092 62097
77657 35172
35180 76178
42246 52553
32178 76544
11360 4798
36560 27159
59088 28774
31964 26608
60911 59256
74692 30722
49675 51892
44093 28652
3762 40108
64790 55709
42601 49426
23835 74891
63905 20606
27803 49035
46508 33362
33863 72162
44609 11110
36656 17607
36212 11014
72849 38673
1331 58263
67716 68003
25043 46082
11222 30170
31636 76542
53272 5393
64039 60982
72769 67144
31500 44090
62403 55851
64333 59134
58744 61283
2261 56690
12197 53603
38567 48171
29046 65214
53006 41553
31891 35786
40136 50119
76226 3240
48369 23537
62032 57893
72545 30644
69589 34816
45057 9947
55772 47068
72141 10803
43358 38604
46113 65768
59474 67213
35510 71651
40190 10245
32952 36232
30218 29851
15815 12899
25243 15544
41360 9352
15671 47217
70237 5018
24268 71569
25106 26255
28362 43747
63465 25775
36242 43155
77279 32772
68766 39678
37094 35975
13177 24988
25444 18071
38830 71189
29817 34228
47302 1119
23520 39253
39619 36943
1855 45434
16592 52929
35955 53184
5966 76016
7147 1559
72530 61867
38291 67194
16552 19567
64341 52102
13447 29830
1608 29744
75244 27509
37269 62186
61525 30635
62747 67611
57734 76940
44658 72433
24165 61439
6735 60477
33093 44651
62617 11256
14954 41036
8565 24622
52522 56203
64455 54748
9711 27471
75632 57499
7027 58979
19888 73197
19556 3946
73773 49113
39825 18213
11165 75696
32531 16823
15526 40052
73148 1269
54549 65510
29582 46487
68495 44542
49857 29556
59050 54939
58029 55800
38975 52871
77140 70465
56208 39275
40027 42740
74532 76934
7895 3047
13007 74394
27236 4222
27660 18237
34688 20145
10642 43287
20586 74474
31440 75220
22783 51235
72351 49981
9839 26766
20518 51202
351 8351
53546 70057
59049 50651
77833 24686
61593 62231
38176 14240
4279 43102
30341 74648
37763 59184
37057 39931
59511 12222
9330 22469
30596 13673
34676 72471
77305 23284
25929 4203
55724 64044
15044 3518
71377 24471
29467 26084
19529 9109
34817 50580
18644 37201
9360 26987
7817 30545
21748 38156
40320 68734
77994 9173
74608 59594
37829 7531
57561 48320
16300 67965
61434 1448
39858 22522
52758 42831
35684 53853
65598 51263
70777 20583
64723 14516
57378 16927
10544 70314
5225 54843
56627 62686
42248 9013
32817 50987
3391 27064
11971 17031
30006 26959
75393 40601
76956 56650
2720 20812
35326 75379
75530 40674
5274 77004
22963 26605
61670 65861
68022 60157
57964 36103
36459 26438
23789 976
76721 18703
57133 58423
64452 8385
11960 52329
61606 32354
45608 68926
53524 43109
43688 74610
42082 64351
13711 60320
21080 75515
43229 5123
53956 11942
64943 37738
37778 59810
52489 45454
72103 38988
4810 51261
59615 22955
11543 54402
41225 32655
33083 23538
42373 56634
15195 60009
52977 50419
67450 24045
151 74530
71119 12522
60553 51584
54166 5724
7105 31418
24587 20701
67953 35885
47420 70483
65339 38259
57940 8749
6765 28477
26681 64683
35004 53908
71988 72460
17173 15890
37753 48331
57425 10032
63533 13792
15916 66113
3784 42732
31366 53753
20759 59106
40731 21606
72200 33131
1793 27181
72385 66331
53477 5851
12218 60578
14872 3502
60483 9594
15397 60543
20182 49959
65324 45044
38255 52343
66699 51993
35839 4952
54460 1408
63243 32848
61895 15032
31947 17889
59872 42876
72256 60850
18959 63539
50278 60471
24984 8944
66617 10820
17893 71884
9151 31758
36209 57374
54388 18384
44549 61708
66551 36588
35019 21151
337 22360
37073 2368
39133 13175
76932 23231
76012 38555
64179 16273
19477 70079
58530 51230
70593 22080
63484 10170
45237 1470
43574 35816
72341 20120
71229 57758
49442 46936
59683 23323
42177 28400
24728 4515
31301 69770
74947 28334
50197 57942
30614 6260
53842 68535
5721 13474
41705 51200
49969 40413
50605 58195
19937 6871
64924 612
4853 6379
16548 26443
65837 32729
77357 49106
43516 31266
13155 26213
57712 11979
13070 2103
68938 55271
59891 3663
2012 1909
18895 44187
53737 25186
20233 8281
9808 28911
61538 12662
34738 22005
44376 21896
52099 5769
10528 54485
43066 67175
69943 14115
49809 42880
41506 42295
63957 73670
70913 24845
4706 27148
8969 71003
30772 51782
37668 56084
29818 15835
11847 30463
56882 28021
12904 13879
13174 46738
58154 42385
21806 22757
39252 1966
3795 52710
6029 1571
42517 51012
7356 27888
38453 60133
46985 28849
49132 8653
56451 36498
19081 48363
32008 5760
69622 8826
54009 28648
23601 53884
22281 65481
22947 13345
10351 70279
31567 74607
65231 22474
76436 33023
18759 12419
30434 42514
60444 50931
33290 17424
60237 43523
33467 22981
1232 41677
60982 63194
37701 8850
71644 43923
20707 2314
9682 76682
57899 58840
45294 66982
77015 30465
39211 65985
55616 77001
32781 1743
59879 30489
39600 2781
26112 16261
50423 30985
63336 56165
13980 31923
31092 10406
49987 7855
74964 18030
47050 49090
75342 65370
38781 38878
38697 26479
2876 19880
51880 49251
35977 26790
1062 4969
6429 31204
65108 58161
37513 43083
30163 17599
46180 36455
28706 41621
24921 5192
32851 68272
17928 54381
12736 37809
5168 3106
40493 30017
57780 43421
4374 44923
75966 31753
47824 26977
17225 70689
11814 7088
38681 32551
42824 29157
54461 50003
23022 68351
26319 24058
17323 57982
70702 793
47954 8470
69580 64441
65772 9174
35721 25227
21568 6830
33682 18551
63157 26768
38685 16458
44397 12028
15096 22765
61386 77678
9870 71939
18450 26788
29572 30974
52090 66510
73049 10246
47943 55869
11837 61221
51718 40825
1825 21517
34664 25892
70330 32103
16200 55577
59610 23126
48312 32633
34363 39729
76620 75553
49942 58756
48690 26399
14202 35634
30648 10488
61798 47132
3281 52199
73585 49509
42993 21990
29016 61698
8286 57853
60853 55404
39609 66230
53517 56811
15293 20432
18321 63177
5944 2597
4878 49994
39894 56020
64570 10910
15221 39352
12740 70412
30776 20028
70458 72464
17782 23030
50941 33724
59460 49867
48630 60772
70805 40089
54936 59455
76984 37123
20254 49172
54380 73682
12979 63026
64140 9430
53493 43678
36667 17912
4289 61507
48567 25653
28478 20281
58116 24855
58288 548
30948 1683
47538 65628
13023 64416
48148 53026
71365 54503
47013 51728
7937 48909
52185 50337
36161 64167
24879 40346
16012 77111
59601 9337
12016 53581
27802 5090
2800 16316
6630 50440
43714 74136
31926 21282
16506 25458
74001 57187
26897 33458
8993 45689
72642 66796
27153 64045
76859 48259
28306 7564
30540 50507
43065 55580
19341 32348
372 31766
36343 62617
18965 4523
17039 47372
70808 3704
32854 19384
22872 34254
14409 59700
3380 19316
17276 33331
1948 32430
46956 75805
31187 21159
77183 1618
42438 15301
2069 12099
22839 50378
34783 52123
6869 76830
16615 10532
55177 67966
68956 24750
14897 55437
8331 21735
62423 55951
58757 33145
47454 39613
67272 65621
77813 69888
14294 50173
59246 76819
66040 40368
29039 53951
5684 11649
68348 14323
39536 75054
60037 45141
4083 18706
7973 35262
62782 27463
52641 52163
55873 40384
14151 842
64261 22073
58139 64452
9633 207
10590 12698
42220 9155
19443 54768
8610 68808
16541 54637
36047 37794
76725 56486
71875 22366
42623 23122
49926 49107
69542 24432
38653 17608
59470 25955
66264 63763
56388 23854
13000 65879
14997 14450
72265 59070
28184 74330
56371 27863
59187 24332
29950 26338
54240 7731
44425 23951
59442 25151
52263 33994
54525 53582
12464 57768
40967 14313
55937 21775
40964 10461
33409 38421
49061 11234
20007 49510
62164 16343
8800 36276
11958 8424
11189 44847
12220 3889
56607 76762
12657 30774
48844 62639
17055 63596
72925 13214
7862 1247
76870 8003
73609 34876
73621 948
43208 76343
16022 5487
53846 12694
46347 27666
55436 68464
6744 952
40954 49240
46091 68168
13580 34844
75749 62028
66508 44176
27885 56290
20281 44113
63202 48600
29393 44968
14185 41318
45891 31405
72911 47345
48177 52229
15059 49603
36513 7503
75249 46666
29644 43288
56245 13131
73527 405
72973 59890
3442 52666
35055 18202
23648 3366
35819 16109
40500 69551
44542 36631
46010 32577
801 48291
23778 59234
18777 62286
74229 67491
52532 54150
9121 24634
18596 411
4019 42230
12027 2180
69532 47213
28198 5998
49309 42668
55029 58237
59461 30613
44682 63510
20632 52451
48504 10666
40847 45657
42518 56088
74396 62407
11136 13167
6896 50445
20393 38518
20633 25570
6523 18765
10694 68165
35666 74960
58080 66144
55577 4161
63657 16760
54288 65265
35805 11416
28256 39499
67155 71926
14919 61185
45243 22028
56350 58496
14535 15163
37126 63199
77744 70867
63784 31576
69067 31898
40426 27741
5953 22339
28904 11723
51808 13825
7181 57003
1008 3831
26795 21003
39508 42796
27687 50265
17988 36748
33492 28886
37939 33768
43008 62430
15727 16135
1014 17794
65194 70064
56447 64483
23029 11855
16933 43621
49835 29335
69807 75494
65571 8477
73234 44988
46422 49416
9448 50024
52045 73650
5545 57274
57177 30588
2457 29302
60261 33960
10206 15164
41034 38139
75466 11493
56268 14600
75157 11684
53009 44596
54748 77621
37948 24663
15097 15219
53089 75084
2734 48201
42569 16701
22528 41075
60306 49833
47429 75618
11552 221
57241 8112
13876 77341
31892 70203
57105 24886
77185 50876
52488 55536
68677 41897
10309 47845
51874 16556
40669 68125
44501 77435
29042 29117
43656 13971
22038 51815
10012 1205
66911 70556
14946 60373
69548 41410
66841 18967
25416 38906
45794 28693
46020 65515
19359 59741
30969 19324
13475 37145
19195 19120
33551 4502
25857 41962
22741 40488
20037 65848
9877 16183
23219 35842
64765 75232
60812 62690
73890 28273
75953 64884
58839 38207
73990 49376
42364 7709
41437 43666
19787 20015
57641 27606
8951 29501
61463 6890
57962 23465
39692 63899
36003 51356
77519 39204
7363 20866
46130 2827
66498 71820
9725 51418
40686 44226
60522 55370
59234 62053
4930 45654
7457 51297
48332 51258
37628 9415
10058 69186
11836 37099
77868 37011
66463 25572
50395 71829
60649 51613
76065 12756
72656 17158
5377 42392
58948 76073
74929 7095
24673 39856
42144 59970
62342 21456
65716 75650
19774 18031
8110 57919
59051 63235
13567 38153
45016 18983
11054 27495
66133 28592
22618 25645
5131 1198
32473 47478
57596 75456
68691 13363
68518 19347
20808 49356
47697 22050
48871 7384
37080 12590
50780 46608
53579 62112
44351 23545
6864 6878
43864 15381
8640 67560
43214 44367
12388 77778
73134 56862
50668 19474
37244 52953
33030 32113
19710 4456
43695 15572
10683 31570
76381 51990
18538 64046
45852 39675
40663 22609
51375 49201
16902 11746
11105 60775
40578 50083
49373 36074
43055 58343
16751 48146
68996 1521
12250 15729
55497 15287
66649 10832
47426 15998
2390 64123
47527 66814
40484 29483
23628 3019
28075 76920
44792 75102
63737 75056
25167 62849
29694 35878
18031 12394
20309 77710
10115 23737
38771 50327
13257 63464
66544 56841
70749 39108
69014 74898
4948 16415
44141 13034
17177 42629
49378 8323
20219 70453
21267 24234
23704 53128
21698 2589
57367 51616
5727 72884
53853 70310
47750 69480
31134 64037
58223 8380
37347 68014
58842 76641
30672 70646
69994 16265
31349 27193
40563 15379
61475 23681
25431 23585
48214 698
74767 72709
57750 58620
60514 41196
36933 16128
50053 5131
65917 16885
69136 75378
54875 27031
21242 21131
26175 11511
18141 73728
32769 33655
6840 4589
62992 11091
48656 16347
72685 66342
67622 39136
16342 47653
37364 71360
10994 22493
21013 55451
35756 12
58894 39401
67287 6052
57341 68085
12022 38457
29103 70006
59131 58317
45821 18332
3496 75638
54382 64284
6981 41018
51965 68507
65800 46153
49016 70545
30904 66925
50616 27505
10697 12978
49141 5864
29431 31078
3695 4815
41771 24652
12988 18569
43948 39284
19143 28209
18036 17591
5021 72362
37602 28317
61926 77567
18192 47064
61488 36359
58800 16842
689 55315
10385 9747
2491 72070
33545 33420
28267 34168
19598 50041
71933 21407
69177 52437
55477 59778
14574 10913
31148 33316
39473 55751
15971 18776
6259 70243
31253 26708
55028 9249
59915 35311
8233 25249
14531 48778
65514 73878
70262 67034
2155 21502
67552 55010
75373 20119
31712 41466
18819 56837
38178 49669
56262 3397
206 32441
46245 35406
31532 16335
74799 69661
54601 14417
24552 71876
68615 53318
47266 8646
8871 43170
68952 11663
71314 43715
66497 19180
66536 29592
72634 35868
2666 1293
51178 12839
61622 49435
5707 29128
50710 49629
48930 13763
33247 16188
2129 23034
46806 69007
8856 40181
45194 77179
31605 64176
13588 12523
76272 69332
43584 45732
17487 74994
5812 36962
46177 72292
71568 35528
44375 12985
22950 6287
60900 22381
62723 41681
23892 51061
17676 23682
8271 45243
59989 69689
4848 72309
38463 77938
26423 52777
5742 62504
26145 77636
5493 16722
41366 33956
40643 1245
67553 67315
52197 20381
71177 16564
62050 18701
33203 49651
4800 74392
25049 35045
37502 6930
46790 48517
6266 32652
43507 54821
35812 60004
16316 24000
48238 57536
57273 46400
52432 61429
57638 65829
50679 37595
44439 36153
24487 56069
65039 68236
65212 29985
48149 40002
68063 11396
34960 40064
10829 53283
55641 40992
10346 11815
56441 10417
23653 10053
71497 31463
38505 12273
42102 21642
13448 75408
10495 7526
42982 11087
38751 37468
40174 72635
58448 64599
55852 1402
21843 55573
58184 66675
46078 17882
58607 62870
5552 65249
46211 67504
57009 69784
35987 16344
7519 53146
9836 1822
53243 24928
47620 956
67252 55703
4082 70036
18715 45228
57433 32012
4562 69221
16546 5552
8813 58806
30933 22090
48016 68619
47468 22914
50182 9847
74350 48111
4245 17475
20112 67330
58973 46307
48624 6673
48761 55408
58189 64948
10078 49689
75226 22346
18048 48928
69398 14842
48097 44297
52172 32738
41208 70664
36529 15449
32718 38020
14870 39214
3397 63325
24386 38476
65411 34702
67862 27927
50724 293
73620 74560
15436 51593
34312 28504
34117 39954
58494 67572
28125 4644
37432 60694
64383 63999
26238 7537
16075 46629
17791 773
9707 60340
59251 43064
22631 39106
58342 46386
11507 14047
41890 676
45538 45839
8512 24401
72090 52700
71064 46470
38059 1162
39316 13283
20645 56467
22819 64494
47382 25893
66684 11108
29392 69350
15908 67413
26343 20148
18203 53834
64753 16233
3446 63887
47304 906
72617 20399
75010 32786
48354 29635
61264 61696
72306 51821
17010 49062
11301 39228
8618 47776
40540 56144
52188 23879
62740 70311
68904 35322
53844 14247
53666 57485
75354 57588
9667 21212
16427 18334
41554 46366
9721 56881
58980 762
61058 47086
67812 26014
45157 14506
16822 24847
72261 37343
77043 5277
23851 17522
16913 51714
56705 55189
65912 43413
7264 4143
16275 21013
67909 26083
20057 62823
39863 34839
21582 15571
21230 55194
42292 64104
29553 72106
45354 16704
68013 42584
37231 52413
10337 65780
32848 50968
25730 17226
35973 14383
16407 14140
69925 2773
12246 16532
65874 20388
22104 45105
77570 65537
76107 1789
20211 31000
22440 6821
44253 44846
73875 56318
5400 1053
3719 56929
10647 62940
5959 37941
75599 36992
34689 10829
27632 56224
74992 32473
54603 19988
3970 67010
65279 24493
71510 32699
37968 36850
39597 15076
63301 34542
32097 32422
53228 56251
38986 26007
59447 62115
9565 13509
7853 65842
20720 23749
57620 24730
54477 77490
63472 19494
60876 30066
26742 15790
44590 17341
18831 52597
40971 5029
41854 35896
45269 25190
52261 19164
17140 55877
48568 2315
67500 26168
73617 11920
13918 6679
41828 49854
31686 53386
61142 68810
16060 40167
35059 30334
58930 29069
32496 44064
18466 55847
12690 62810
6633 8042
38039 66829
50352 55978
54806 6771
32542 39884
20933 14426
42918 35291
75719 47655
40989 36774
24882 46010
20886 54798
65309 32371
67467 41923
61187 6234
65374 23823
40442 5360
65192 71
3038 6833
11803 27785
51544 37398
66250 61874
59931 36722
31553 13208
28200 56480
76461 24228
46255 33065
6378 64394
6625 47656
36878 43816
64867 39893
61681 14619
37454 12700
70346 1791
1072 72322
14090 17080
56483 47261
17556 47368
47944 77190
52856 69320
47965 48706
5931 31229
52506 36169
6706 27530
74748 76589
73639 50339
25514 11434
47517 13942
37828 17103
9638 15776
50640 5380
66094 76882
59029 24961
72071 25288
36664 58428
15573 12929
16865 9815
12673 71642
51630 39516
48916 62155
44445 26477
73117 69935
47921 20143
18910 5743
26091 16756
66732 25128
52611 54816
65547 72155
5939 33100
5101 73446
17962 45527
43653 47974
62095 58784
68070 15392
59899 57164
19522 8875
67569 63285
18322 54920
42988 68651
41751 66044
51506 2868
39222 21881
77821 35934
44090 16900
66495 37966
66810 5957
69775 74210
64206 7969
73784 24929
39295 52101
62246 64885
2181 69792
48282 67304
43417 9829
14367 21695
54597 57377
76508 66753
40328 50352
3493 51151
62206 52541
34804 35586
75822 27123
75712 24126
29825 472
6732 20972
76484 28549
62974 77610
22350 67214
68713 59696
49833 66037
19370 68823
31746 33926
4139 39769
75048 28880
14405 38845
25007 35195
2483 72372
57808 15612
41117 22428
54891 29351
19849 5979
54128 69936
26725 31224
53789 38253
65775 5124
61815 19417
8164 36407
18099 17429
67985 35447
27177 6753
73517 32638
42605 27522
62702 70071
68876 15229
49392 184
41125 45543
22700 48381
60250 42541
69879 10912
44870 71995
71602 34609
46438 17513
34651 53523
63463 38653
25201 42551
32312 7506
36570 1365
73150 46594
39125 28742
29474 36660
39009 23166
37881 33553
27169 2050
64095 70437
41556 76450
62889 13952
45719 50068
73465 33731
35843 72205
37722 27022
15975 57959
75167 28920
71198 42502
49768 35232
51713 26729
45238 76240
19199 51835
38071 20401
5514 58466
10359 30373
45399 56873
57984 48319
33613 19443
62794 62785
28048 12281
26486 65007
35538 23792
73665 60214
35602 24252
17993 23084
14317 24755
76918 74667
31364 64294
31780 23647
6654 36969
69605 2759
29580 40654
30519 21355
6881 23296
13134 51669
54173 9104
43293 18812
61919 9444
13179 55889
18019 32146
680 59641
72136 52758
20702 13138
53335 69046
62351 17996
62581 1546
26144 13072
37650 49529
42097 50331
37410 2716
7755 14423
11726 1777
75253 5734
30438 17325
70144 10958
4889 35083
54774 18696
23041 1770
4764 1232
52035 13939
64931 71090
24421 44354
37942 11137
4911 26519
1215 18250
39111 62971
74444 73775
14065 58239
43915 21384
37299 40290
59553 43484
71212 62772
68724 20253
64739 31957
17590 7324
66089 71242
61345 35057
35762 71253
25273 16132
14765 2780
43344 5837
21299 13477
60151 71388
33721 38895
24406 13444
1847 67049
44186 54433
38670 18591
74421 159
25319 29402
23003 3146
53149 29711
56060 55986
67539 50513
42983 19317
11369 46310
52539 37598
12503 29608
24220 50430
18431 14734
42416 64464
32513 22225
896 14436
34182 29429
50276 13335
30871 36938
58555 46834
34996 10000
43205 43742
39577 15513
76345 47251
75089 11116
1499 5682
34283 19806
47128 23340
30973 56182
8143 69532
15496 43889
61001 23772
40214 55738
20935 19690
53139 39527
65867 37619
40761 45664
15390 13622
38672 35533
48175 65438
28948 34787
28722 10010
17508 286
62677 19483
20079 19214
59635 41977
48972 19370
54506 51197
71990 58550
61713 62710
70454 8823
28628 14833
32436 75740
10731 56028
68880 36501
58557 18962
69229 11856
10238 42344
73947 23839
14708 50466
8095 46218
71782 41854
66256 64777
26498 55553
75066 63084
70342 54257
19642 43708
21567 18117
68203 32232
15236 50225
26923 54875
76435 72003
64072 65157
11920 70615
66896 69963
58391 64567
7293 69793
59433 70283
17295 30162
67273 50414
54451 10960
59874 76149
73913 55292
7568 69068
73243 75744
60605 28749
40393 11437
2854 30828
51898 47410
33353 376
396 26645
28561 2249
75801 47501
9573 73188
5937 62119
55535 17511
45159 14439
8358 7809
70932 45790
7898 47299
9047 18265
61876 38627
4160 60345
37630 18893
53592 72287
23591 55192
17751 31785
55098 27622
49082 29438
50133 7323
58791 18062
49480 15367
49237 18754
10519 49475
70688 3454
17432 55668
45583 48718
15550 7089
23393 13895
70420 76233
51519 9670
69317 62499
16692 77848
29189 20733
456 3957
2980 19253
39108 47874
60687 18518
71362 10354
55592 32119
69722 10102
49713 1636
30103 74604
32442 54591
60376 19624
45372 23911
20333 61574
36130 18365
24705 69134
14791 39258
4223 61629
54951 53940
2051 44216
31545 58193
27012 1732
8820 37588
13225 14584
77850 20433
4401 7865
58516 4210
6381 22752
32078 65968
5799 21018
52726 1425
57536 51956
30716 55525
70748 59546
7399 33824
18368 74982
66047 65782
37915 40113
30693 29795
75512 55532
41800 20553
75691 35629
42031 12051
31052 68355
39553 49488
18778 16402
68322 27770
28973 52482
54207 7340
39388 51419
36065 24078
72971 73308
77551 10120
22956 61399
55995 62576
72857 41051
64963 53098
6146 49869
45144 21604
49959 7166
68743 48691
41778 55604
54569 25524
53512 35379
19559 14209
39307 13684
49344 10199
24102 47541
70508 43971
62066 3677
31585 31396
29537 36990
39419 21334
18921 70985
60690 13955
7553 8562
73714 27776
54091 1439
54593 40517
73045 24608
69468 72312
17576 26441
50911 4243
31832 31502
33423 35281
26652 11147
43289 74728
10364 74030
58955 5882
48638 73891
12120 63414
70207 5988
24967 6298
6756 41233
35188 12218
49437 40450
5184 1112
9540 46747
24663 37016
77016 52185
73250 65565
28445 25544
62836 41219
27380 51203
43643 46641
39740 16977
2010 12764
27763 43427
24907 53384
15377 66006
62774 13239
31798 65822
26806 19686
51988 3105
31370 76963
72363 50085
42155 62516
37102 76856
49895 4904
61113 38027
69947 21132
47089 19863
34284 60701
47140 10323
67216 12228
65180 30353
61081 28266
12925 18464
41974 21109
26625 65749
48590 67673
41016 68589
54255 44750
5993 58653
73732 17197
29003 44437
19127 38122
2126 47228
34181 5245
72524 50808
76551 31341
75910 27371
54733 9831
38692 19976
19977 74305
25716 65212
43237 12768
30150 1959
49787 18694
74684 40573
32209 71715
65445 11426
72174 65394
44246 12336
33729 59613
64045 41120
64304 22246
60402 38746
22051 21165
46161 8935
22186 36716
18345 75565
71637 47623
64005 46317
24124 11696
71059 9324
7699 23487
68675 60391
4434 33810
9743 62032
6359 33558
837 57940
54054 18409
18022 16249
30335 74546
8909 63998
19796 5190
1199 47642
28669 37569
66288 52552
59771 53613
48917 16907
7924 57781
63335 48069
63945 67172
2062 41111
867 48980
69759 10944
53915 54159
1554 66315
2193 58995
69392 34450
36011 5594
70221 7479
37577 32089
2247 73506
65827 1042
56437 20259
23497 13802
14027 38098
12625 49260
68733 20737
19517 74729
25157 52335
69004 9566
33085 29236
46458 50886
35039 60592
52023 12256
10358 45736
48897 61064
53219 61406
60162 70139
74056 60930
31878 14303
29604 11249
39319 23629
10567 14202
4153 52029
12256 56770
53121 26146
49711 52629
72444 43087
62391 8451
1239 41588
22464 44883
10838 63740
65518 27871
56874 62420
43421 14985
74168 36488
12500 59583
69227 71445
5578 20414
30116 61600
27711 19073
74290 27980
62325 41968
35533 74476
6103 4106
9745 49845
36750 8179
73861 47382
4313 56376
23509 62051
41221 27974
2053 27721
76944 3008
18900 55434
52206 35370
10085 33040
39227 23083
21293 10957
73920 18578
31520 9078
74278 35902
51008 53094
70853 10710
43481 39104
50312 59169
18344 55014
10280 68784
65640 28064
45333 34007
7039 24128
12804 7045
57291 12117
30428 56169
9964 44830
44643 38916
51997 21566
42779 26032
3884 45781
35826 54933
59055 63128
64305 62325
29903 70190
46637 21062
72488 57251
49208 46491
56604 74753
24346 51006
76792 1302
49817 73520
11233 26026
38716 75824
32303 18956
9635 42433
10753 41487
35124 1860
20215 19728
49808 60118
20222 19332
51069 65464
41508 41473
47278 14891
13966 53266
11996 34447
681 68249
40406 482
58293 59056
47176 16479
35359 58895
13400 75810
17368 12773
11443 4783
24562 28656
56490 24597
58831 55074
73006 71577
72711 21772
67167 28330
53484 45625
13539 25056
3443 75608
11747 1884
46389 48531
72643 47684
12199 2123
42524 39577
50494 40235
1618 65810
38254 16351
54239 65423
50830 59769
11102 54271
73340 53791
31817 46102
74968 46166
68303 71103
22228 55817
49904 68573
22217 44018
18199 14861
35248 23045
39470 60139
35181 56150
64635 48906
19128 23187
8293 72451
21917 77974
56974 21320
36171 71142
55195 57132
39290 50013
63470 37360
10083 57344
47334 37126
32991 13006
32322 11485
64986 13607
77832 11750
25631 2154
60013 13589
14022 65065
17759 71400
39933 13069
888 58210
51865 65977
43545 76184
49793 4278
43194 37999
57701 55135
43875 27771
56442 29214
77909 59590
17843 72298
39379 49949
26327 15008
62785 25633
23284 61549
52199 16311
41831 45956
38201 60811
64358 54125
75482 51880
31776 997
42715 29352
49291 66528
36740 37173
51503 35077
47844 34669
14928 40292
73906 54358
26189 31662
77625 545
71517 54337
23584 4283
3528 2036
60506 3441
27480 20104
57470 49075
38186 68022
9065 41612
53628 43921
18243 22337
39693 74998
31723 56364
33120 31698
20204 72842
55461 25253
49413 51553
9695 6761
58861 75741
62815 56244
76316 16892
52535 51173
70041 22770
66403 52838
54828 41698
71257 67801
4819 20768
47125 57332
70374 30274
77834 13052
11139 16559
14336 66094
32537 15516
46532 75620
21803 51382
5807 34109
73823 20848
52379 42259
43464 12224
56421 12225
13887 3361
1383 57334
33914 1513
29099 77764
66936 20061
68000 3647
73138 71261
76090 10325
75398 74947
28972 50123
58430 3315
49037 17112
51267 59469
60695 46940
77148 24453
19759 31421
45216 29066
3220 38919
63278 25406
13704 70179
38723 49560
54523 34142
11254 6783
15214 36041
18570 10875
45657 18845
40881 3034
44967 75938
59682 13556
27115 14541
68304 60179
63299 16081
45653 14035
62412 37023
12796 23676
57432 12161
59304 10143
41801 64782
8805 47370
39357 27260
5857 51223
15085 13196
2961 64362
44968 2878
14335 54231
21543 9644
31971 63769
67633 10003
22866 27564
72340 55039
20990 49186
43384 41103
73381 59098
55886 21117
60563 23568
30390 39159
53091 1330
24177 23420
24431 74357
56641 4123
51850 15363
3827 44933
25864 63428
58927 71629
77622 658
56303 20761
50966 68387
584 33358
28154 15938
26973 25277
36484 3874
8201 70249
13337 3020
70372 67895
24506 67076
47946 19969
42728 28352
25831 47827
59973 15046
14937 28438
34388 3867
64158 42932
69169 18162
41079 28805
50940 10938
51452 16592
76940 35074
14973 35871
45604 63121
46136 26115
22614 12055
38987 45686
77355 72286
11109 38578
17557 61217
41050 64986
15449 57156
31271 67195
15329 52422
23993 25305
18529 32781
66955 22671
50917 25937
54820 36843
18071 51489
75341 13487
50294 76500
55449 77016
24348 40841
70436 21713
22707 26979
72734 63942
21872 56816
37859 58479
18389 55541
24524 35609
41233 41780
59114 14098
47060 50207
1257 56271
63519 26178
17896 74337
25576 46258
50325 49016
73608 58905
66249 21922
64877 4425
53627 67025
54478 33170
58177 76923
64055 53715
21923 38467
10836 69534
74108 46171
4045 52207
28906 3925
38285 15028
4286 23581
36026 56281
29471 24369
70466 32155
37837 9522
22048 28205
59943 48715
74141 48755
64922 19011
72054 41216
66953 16031
14839 1263
75067 41759
14970 1429
35113 43106
71187 28020
48086 60998
71047 74380
5454 42148
57851 30494
71612 73616
28645 8682
55726 50541
13424 37174
32445 27811
39022 69110
4225 13490
34448 73526
45689 36445
11402 9808
57550 75229
15387 55280
31057 57044
27510 41653
77061 41959
45958 25972
56121 25838
21756 6510
18250 64741
27083 65360
27125 6134
7781 35969
74721 55213
45983 15632
69768 16266
36843 59348
70618 22432
22070 42845
42422 77486
38357 50182
37924 30989
75070 75552
35042 2788
67426 37361
12482 2338
17772 75466
53949 610
7771 60526
36350 37273
16632 17179
17393 52798
32726 4851
19169 69923
42218 69143
32448 5128
51473 44223
64155 2133
18635 61590
75685 12468
35222 54406
54294 39453
49175 36003
59244 41575
9899 45328
12203 52474
52803 10456
67583 72936
36468 41049
48375 64726
59598 6170
63969 51555
42899 39118
76279 64663
325 15914
12209 49009
60090 13467
46953 3839
8301 29363
70049 6270
52130 1363
28552 18185
56315 13781
27768 42318
64844 57106
35198 29668
42319 22308
37172 11537
44271 48350
71738 70459
75751 648
17118 6881
74206 34038
63615 5647
45055 14524
6346 6292
6022 9836
13052 34568
60239 43166
2135 49750
16285 35378
20708 22327
57841 18057
59837 76475
89 60385
56073 15716
26519 16553
17291 41856
39567 19399
20838 76564
35917 54172
12235 58561
47243 16040
32820 68389
10804 69153
48739 31526
21696 75745
6788 62643
51950 64239
40044 36772
30690 42194
56261 63270
11954 29601
12476 12033
143 34579
27974 38829
62497 10853
10216 46270
17394 73206
77815 31769
29648 10226
68085 9850
58336 64829
1218 7900
1057 27850
45033 1721
15807 61362
55354 50471
17325 24631
62614 63917
9284 13702
30009 44624
50210 27350
11709 77402
13426 69160
13527 67362
41072 41073
48178 40872
39224 59510
17974 20185
50165 66128
17452 13850
18725 28677
8967 47664
69535 50539
73832 59302
1111 67301
21512 26611
57685 52456
46031 24636
27926 8997
19841 36417
53964 55456
57985 21522
28475 40259
11363 75661
13169 13378
18352 19306
16143 60419
77277 14048
50336 14445
46077 31532
56281 2175
41223 60405
18328 24515
32478 34965
36303 3747
11043 62422
72535 69585
37346 59329
3516 46132
39538 34810
26929 15510
67863 72130
24727 11019
51348 46456
38738 56555
7153 27796
31371 19743
64866 52027
50579 65824
14778 56473
31600 66575
65482 43744
77848 6968
9308 57848
69244 35729
1582 48468
47330 12821
41481 6441
17300 50138
50704 55390
74499 25420
55164 38536
47896 24832
71613 52782
22646 23154
61737 77864
9568 36167
2188 69411
76987 64700
8852 67977
1808 56829
34366 14312
28278 6537
5221 32630
7926 14560
52164 28781
37551 15098
65674 6965
54452 4678
52728 75397
70329 34889
70472 31296
20013 8631
36369 69748
10958 13243
40621 36106
67018 29684
26634 53027
20366 51369
70306 51497
42828 13279
51214 28822
76866 35163
8666 64904
40655 26963
57343 22418
31279 26684
7590 45565
32045 37748
56949 37746
15203 408
59425 12353
7213 24259
23023 65961
15656 62490
1661 40020
17985 31277
1488 22313
21474 41303
65066 21843
45444 24556
68552 43537
67794 59667
33981 1670
21885 62207
48742 56089
16638 43786
35228 2730
15474 23268
3848 34582
43911 10090
56273 22378
35650 1276
68663 77858
8372 46157
34466 62106
75583 76436
10102 64004
65032 32442
59664 61941
66950 14338
47203 5922
7267 2280
65485 74353
74303 29923
21874 68849
48194 65949
20619 21929
33439 19213
13488 12309
75224 13107
15118 39925
29938 43998
66693 59326
5773 64313
1611 45978
32054 71528
6027 63766
61836 33232
47708 47749
50198 60130
19672 1778
23457 46220
4636 39471
72466 67874
54968 63486
29428 14780
42180 35382
32541 68067
54560 2717
41935 19386
35555 53782
10209 28870
74913 18565
48865 46819
15651 65252
65804 4051
6904 32030
23508 75706
29254 56456
67604 47110
6020 27042
52551 11702
9035 25408
60961 49517
37003 14147
40724 35904
42900 71424
11323 58887
72495 69063
59867 22932
1045 34775
48355 45724
26303 43411
38220 51253
73900 77221
39835 54696
31796 36209
60808 40544
48271 24979
77555 5388
64666 75959
25615 44994
71639 16117
32130 56815
19736 59642
836 74274
53745 45482
3134 37803
70982 14443
45407 1093
1258 65396
43912 19285
192 61122
49320 19691
13625 68576
26896 37983
69444 73157
31218 21314
55027 39800
64492 63810
7851 37783
18662 38631
36678 2044
12194 59489
5755 5368
30340 28486
68126 37096
54141 77736
48824 16179
60092 6973
11129 64012
76123 40085
12528 668
66248 56404
17500 85
51689 6541
9809 32956
74426 18052
57015 45904
17133 37129
31035 65798
38231 73499
34209 20322
41289 11273
42763 35478
41689 18697
59344 25786
35646 56630
30620 76707
9790 10580
26570 38117
17841 28687
76639 4213
14284 62021
20370 46483
13849 32602
21545 50626
58926 55387
61087 52313
41161 12864
53283 34244
15826 39587
70245 40729
46962 22716
27216 73913
40411 57124
60732 42269
34736 75782
15718 18243
11852 26150
20659 32771
39875 17786
5287 54567
42965 72652
19442 26152
11956 39461
32535 39977
46628 11220
51937 38973
67301 60445
6417 71544
39170 24035
34101 49279
22790 57265
4074 12589
53005 18168
59271 69019
72870 57921
72106 41060
32749 46866
12416 61392
60561 46425
13358 56056
18323 61152
15920 55117
1568 53774
8084 60462
29136 3628
17134 73258
25970 3464
48791 55171
11016 11591
76327 18427
76824 39635
33925 31805
9829 76065
2858 67136
8451 48905
25920 16683
58122 71208
16881 74131
12056 38450
43457 7018
5597 51467
60424 16507
6638 52815
22019 781
75221 60662
56775 67897
51774 60323
65029 7124
3865 11097
50166 7169
55924 35413
22651 14032
46393 43711
28144 77902
24531 12767
36043 74114
36682 63107
58460 43426
19482 7978
4542 15918
32216 76627
65391 66955
54001 6950
72180 26879
62788 67668
7993 18895
11498 73669
36671 64921
50203 17879
54950 29301
68920 20287
32657 39439
71259 40750
2560 846
50135 63565
47070 26307
62874 15036
71372 8801
63528 5
45094 20057
74142 15865
65850 68135
42154 12697
50906 32402
35447 26778
23569 13580
3417 62095
41796 3232
28708 66297
3841 58172
36823 51212
7680 7295
61825 15967
69394 39312
46850 63403
76545 24124
30509 30793
20923 71660
13125 34115
32488 57558
31609 16148
34935 56670
69952 19169
7329 2839
28759 24224
75458 18572
50912 31547
46505 22384
22769 67046
23082 71655
31006 26261
77663 62412
41682 62976
47027 38016
77538 37939
3698 13110
46096 77171
74404 64614
73874 48148
18626 36069
73808 51274
64518 50571
71058 14069
40509 60813
23011 54644
64283 55684
4976 19421
11831 3667
30491 37149
28680 59911
2613 15746
69003 73953
62651 51044
90 1445
43482 76093
26407 39684
17104 4468
44664 58259
23261 5588
42414 46495
7807 18259
2873 61330
19361 60077
76889 36295
18567 1196
14539 20751
68983 65620
47827 65957
9507 27628
48968 45723
51852 68821
76811 67246
13243 8227
44114 22872
42285 19845
17885 46120
57262 73813
63859 44472
41587 60226
22834 18356
73660 36483
46770 39706
29261 51634
77195 8941
22984 63406
49596 49352
40216 61834
38603 23643
23293 75503
236 66451
75083 68870
51328 33978
74382 16964
23866 42478
41710 77183
28954 76117
74128 45626
13646 76611
65036 52924
18435 8857
43407 5889
10199 3870
31195 20864
45458 30370
41880 12654
22006 13923
11630 65462
44008 62445
58541 42423
1494 30348
34762 31014
27484 13820
32708 22807
8886 50343
45939 55058
33641 8438
14161 8117
168 32832
6311 15005
50586 4905
57439 9553
55005 57873
54267 49064
64630 3862
49639 22816
46037 42095
71569 14112
49198 58919
13295 49497
62848 17461
75767 75207
29568 72938
59152 26180
9662 25654
4380 33096
38655 64370
2632 57346
41775 37499
34227 29557
13727 26371
9726 21246
44802 56894
22297 69276
49213 25205
21091 11275
9831 76299
71703 3178
12204 12610
44296 26679
77861 4357
63274 18424
4063 687
56535 47129
21627 53481
56912 74488
20592 9433
7020 24289
13273 69227
43398 65035
26942 24922
24902 27195
53646 74760
72629 62094
70796 65648
34769 46152
36900 46726
38981 73230
31136 18072
12572 8803
6506 57525
51499 56035
74944 49299
72046 9289
64350 74600
20132 10243
7145 16672
47295 67797
501 39090
56048 13227
11486 15457
38608 65368
62958 30222
26172 6748
12713 70850
3374 43375
27126 2955
22392 37998
38249 32950
10740 51174
62072 46912
15140 8907
40417 20692
52097 37758
61728 9802
64107 70048
34735 75414
11946 31641
71320 67864
50794 65543
24233 40926
48631 52327
49997 7425
48419 71558
24456 14533
58429 76386
5849 61733
34511 34479
60957 3930
34525 4231
29655 44309
35201 55235
73957 34195
8080 26282
19809 43849
12676 7785
11234 18257
45062 26770
70969 71708
54263 43203
77297 8170
29821 30883
72562 64692
7994 73906
50739 4635
68496 45331
54871 9276
70191 54558
62237 10564
30887 72277
62425 62754
39172 16970
10349 35457
51748 5472
4552 13640
65812 4667
74871 65090
67741 66533
74906 29524
19327 45909
15766 56560
58857 62600
22660 39770
21911 29853
27773 2811
25261 7256
16540 3455
5594 25713
55493 70017
10272 49728
57068 2372
26466 72417
19383 63200
77995 6835
33802 50742
41911 49445
8784 16416
11407 56325
50869 55946
72924 72030
52083 18058
72359 15150
42747 57404
36203 15466
68117 48197
60052 46110
1621 25382
68494 44975
54998 57217
14749 7593
19614 31218
19425 30414
74265 12058
77062 77152
76373 1318
13846 29770
73753 54142
13238 70284
37499 74456
45072 6001
53857 1953
34621 32758
50207 7456
63647 10042
74977 7426
62004 16609
22571 57483
36100 23671
52819 37041
18856 5731
52655 41174
5084 45832
51878 32014
43450 38328
31140 17003
6461 52143
62288 62745
35204 16041
48817 10067
2652 10012
44285 32795
39723 71257
40757 26983
36746 64872
64438 46788
12874 28874
29879 58136
17615 48095
39385 72274
42057 38363
35314 32009
54628 69055
11704 35067
24634 41794
57897 70965
27708 65988
53369 13682
63500 7078
67699 45435
7368 53849
67538 63729
20837 36672
8601 10283
40780 26681
66427 17975
52873 68288
17780 30217
68720 39969
74538 72479
22773 27626
25266 16089
26310 48810
7554 18608
32702 4702
4335 30816
59828 57709
6627 59476
47236 14974
26098 2791
35911 65393
48281 35429
60847 36434
66208 50355
52029 39376
16237 11075
4006 7828
48820 36582
64067 50324
77863 64928
58472 2471
23277 50147
62205 58199
76924 5822
45844 29419
45122 26966
21433 49720
33904 24174
11848 56504
37365 69795
3598 6850
6508 39997
21353 4104
75008 70982
28092 45588
29013 3407
29506 44069
27097 34411
35270 77459
53675 28383
67277 3585
2629 44689
1167 56896
62141 56040
22702 7487
1110 14315
29330 72522
33082 50871
40038 37673
36095 70093
55550 60753
49346 75053
45707 74489
28602 68015
61172 34092
39603 21306
68242 49977
52056 61255
76610 31225
13411 17285
964 1991
67046 36792
49052 35966
73592 32760
77827 71147
37052 38775
39122 44242
14170 74853
63143 51722
8368 5061
44078 35950
36240 47409
42617 35226
36292 32836
34230 16294
39164 40226
24689 74507
19652 42073
67803 34671
31497 23434
7442 58171
52966 60651
41889 2264
18341 57660
3337 1163
38746 61138
34004 47019
54863 62942
53032 72956
50892 28554
4630 53558
76419 7679
74979 75966
24893 10427
44980 36235
29146 72280
70076 41161
62356 8395
46989 57730
39348 33818
73171 36195
23742 34019
38507 16676
12794 29809
61707 19255
16770 6499
33903 30497
73274 15001
23996 5047
43993 24151
11705 66417
29132 57713
46568 76008
29273 41594
40251 5500
55113 72537
43427 29879
48718 7971
34153 33955
76752 33744
38542 2113
60787 46313
15438 30763
61675 45840
7036 14309
76491 10156
76063 66446
9335 14836
25500 66983
65599 10152
15705 31062
50027 26745
69447 42702
39107 74759
54147 48675
7087 54522
19763 9358
18005 55899
26254 37105
44915 3237
53634 42801
74633 47224
59975 43908
18773 53496
41470 49115
23640 61694
10593 38544
63909 4084
43599 48275
23177 5848
41080 38126
7604 19670
618 77494
59252 3347
35852 13925
27445 27720
22100 41040
75535 66952
20767 66609
64170 76217
11540 45096
16962 28164
56848 49656
56284 76374
52874 4273
56234 19671
62574 49951
50243 10282
612 10134
4945 29437
69964 74109
26138 65995
48904 75293
1846 71858
42234 54799
69604 70644
24980 15892
2349 69175
541 6742
32614 61910
29658 68741
45135 68202
40907 57806
16900 41542
13463 35283
50273 25563
65974 75399
77159 38413
40124 31986
21892 43082
8558 31861
39086 47444
38120 30264
59760 59746
68196 41264
68698 15128
44281 31595
56842 58329
17537 53730
44923 47433
64249 10446
47088 46136
24698 73461
21612 66276
2507 10020
29940 47487
29403 63460
17198 30193
27682 58848
77293 54900
66144 30116
22150 74625
16144 16421
48050 70467
4898 32106
49178 53428
33527 76646
70089 18107
6369 34116
77847 37603
6287 44771
14171 41137
2588 15462
6323 10684
15177 53544
58238 55185
49841 66195
71734 19451
33127 75500
62181 64776
20071 25966
26935 23582
1220 59516
39468 2034
55165 21860
13236 15833
68198 54871
35387 34522
17979 72690
54897 61586
13752 13238
67055 16568
15432 4467
37055 56548
14944 3137
13929 9571
65240 17352
26038 67489
26182 69378
34472 55360
68570 46448
26434 16706
46914 52733
53708 73000
38713 31646
21021 38456
5165 15602
71846 44147
65059 44125
27223 77527
63002 14126
43333 5930
30738 9667
359 46526
1672 58838
11666 53593
14475 58951
75256 57107
64764 37918
19549 62536
11808 17644
67071 24046
9837 77275
13277 66765
33541 10983
30299 19957
59868 1021
38801 77799
34620 77733
60854 48481
6565 59445
13083 49726
22899 42001
5171 57487
38086 23164
47215 66673
40988 77081
55837 36609
15192 12701
12452 30444
6015 38975
18140 64657
43079 44711
46862 6330
57373 73942
35168 68839
12184 76000
48841 66615
44922 55928
23970 37390
14921 42311
52531 50341
52462 41757
59840 23386
35630 18770
50557 5497
62685 27615
55279 56432
21861 68045
14819 36472
17369 75385
7687 41205
20893 13038
13594 45528
54530 37329
77431 21705
63266 15539
74573 37729
57431 35894
23759 63785
49775 57530
47003 29313
3778 22194
17126 37812
63319 34004
63980 13910
14803 30367
53908 36521
57762 18482
6026 12580
8302 27112
34291 72374
41188 66677
68789 22132
74058 5210
29359 70757
44342 70506
68040 25577
68565 874
12484 3379
56735 48437
32582 26627
63168 36942
45319 74864
50447 55903
19485 58305
73184 68275
1527 16539
20569 59487
66266 38659
61511 14368
64991 15721
21680 58250
9813 56658
64442 64652
42027 34480
31575 11386
43372 17934
6600 15265
66445 46363
29191 10364
72155 29156
49629 9746
52859 20543
30802 66462
10333 43954
60175 36191
58221 59437
75109 67220
58734 9711
11537 41263
65334 5028
58599 56804
41427 13165
15560 68328
2330 41619
13454 24956
52880 73161
54047 4671
4697 1045
73025 32233
71972 17941
23 76854
11914 49311
39925 28864
66629 25648
73707 34772
27113 61619
59797 19849
44677 63506
47625 24525
7114 65107
29219 17275
59567 26028
43513 11628
73421 67674
62015 28075
47618 420
59315 56928
12772 8817
29065 64316
288 73104
44743 27335
46549 23346
38271 5088
71787 54809
68418 34482
49007 49846
13936 76533
6001 30765
21517 45706
64543 63470
18409 69529
53637 23602
14020 39335
33331 30395
25680 38289
24582 63578
15827 64255
51498 51408
28258 46810
59906 71227
44294 63041
14126 38721
54326 12653
6095 28696
77177 14729
16151 37654
59951 54998
77243 58612
66087 42651
17648 32427
65383 55688
569 15181
69516 23095
6367 60914
56730 41800
76693 14882
23227 45558
75833 52179
22761 16785
16828 63405
13574 64118
50779 54003
42185 30784
66075 3797
50419 38133
54876 35118
32538 66518
35861 28195
52150 53610
44940 7970
38558 73697
59356 42362
17482 34290
18112 41631
54100 53901
67148 51299
39180 57928
71803 55732
41145 52256
72560 34171
28488 7161
26331 35169
27488 63637
38087 44544
45259 5981
17390 40438
23307 58673
71106 29008
42256 75040
15127 21829
46169 70257
73700 27028
62964 14460
76390 43213
74795 16937
54720 70749
69980 2611
37478 2768
55364 49701
1674 11830
68516 43685
13956 46230
3313 72469
49922 8319
19049 6451
6956 67981
7420 27586
26202 47461
21095 70186
37568 26010
32842 20578
19193 70216
8131 51843
26739 30060
70933 38036
4235 21156
47014 43451
59323 54185
13433 28262
73648 72477
29401 32599
73567 1788
50973 4729
31143 2626
66968 69017
37702 13438
6158 65733
50015 52159
50798 63557
40981 5543
72369 20572
7052 37106
1700 39514
32944 30148
26620 32416
58074 4428
29564 35712
48201 16207
77121 49527
71646 52528
25752 17196
25363 35390
38559 11131
58828 10031
23256 9685
9761 54445
24508 2642
22780 1933
67351 71002
15644 19903
49441 12525
5327 77096
56166 51266
36584 25466
72955 40920
34635 42432
17049 55726
21094 67156
33426 3072
740 39604
43328 35921
61123 60150
20291 26564
5236 13066
20147 34639
42288 75524
6666 61788
64298 49360
75062 38174
72111 56300
46935 12198
9553 29132
41663 53259
68865 73531
28831 36512
24101 63354
68237 37280
8937 69889
66210 66401
20890 32063
54517 50124
71183 2257
70391 65148
52877 51596
12052 48856
45797 14196
28993 59280
27965 29369
43501 3263
43394 52082
47291 30424
38480 58601
28633 48474
69534 62496
62241 73814
73576 14281
1154 40713
15037 43573
45352 10963
58415 12503
31503 73517
31959 22185
5227 27222
42066 64201
49988 77780
14861 32764
50578 10996
33632 18525
70810 52848
37071 62065
3239 68604
67747 74271
49147 30466
67412 7725
66681 64674
58401 33034
63807 53984
5748 40824
38855 44286
25233 19742
41985 4786
67358 42133
10794 74097
12578 53286
21941 731
70514 35147
69889 27424
961 73717
8582 64059
27628 71512
27942 65512
55602 41028
13622 30899
26946 42184
70485 60473
57048 63308
9453 67428
20153 72720
3114 10674
60192 13769
43479 55798
4966 10159
11472 49242
9601 16684
23330 1786
33019 68150
9233 15923
75362 21784
29838 25870
33902 57358
53430 14899
50861 5120
59130 55599
53012 64905
56758 22377
41472 68759
2214 63858
51053 18333
15507 54808
70102 52351
774 1214
8289 38896
76757 15412
9515 57080
46885 38565
65908 35535
13912 68483
37990 42256
39499 48711
11339 73900
57368 21751
49993 18549
51789 38037
4040 68584
62127 26800
20490 48661
69923 68077
28819 32931
17876 61881
51249 60671
71530 43277
38664 17740
18885 21528
39067 68732
48907 1288
1462 41641
72552 54566
72755 23492
18531 19707
16153 61669
5476 8789
660 735
75068 40874
51654 24599
70406 26119
71766 12301
11158 70482
39937 60109
27533 43390
45070 12415
27753 8010
54088 61433
67182 77917
18672 20507
21097 8752
24117 45935
28940 73290
33128 29627
25471 45215
15024 1852
23771 25250
74357 35990
7129 37250
71940 55859
60459 76608
9588 40076
38097 48140
8830 52858
32859 33391
12872 73547
25876 70913
63858 26554
43366 10155
46811 77679
16806 19979
30741 13498
13114 28370
37374 36699
9150 23374
41653 34464
63683 73881
59068 13412
43037 16608
40066 68462
76569 76981
19975 50194
74129 43275
74300 75453
47775 77617
41463 36339
56140 27435
634 22034
41054 351
32267 30387
29036 11972
57164 19201
36265 18787
47119 62321
17604 33
43459 42381
62909 10196
60667 6841
58374 17954
47021 67071
40039 57631
63829 55759
72309 61826
14265 42873
23039 39657
10745 65586
36781 15375
18351 31559
70598 73420
25747 51544
34503 50533
10023 62191
9883 46530
2442 40864
66477 68418
4089 41547
76270 69559
75878 10250
53102 28037
77338 21774
27887 36404
4805 18729
72299 57311
34160 73465
71234 57888
70737 64238
61880 32839
47949 15761
51446 73126
29270 57071
77281 45637
38142 23333
17549 3316
60910 47932
65684 61090
66901 45350
11870 55585
52008 73374
47693 25033
65821 50130
1389 49048
31311 23463
21738 1399
67389 25669
18399 57945
58488 47316
20870 68945
23481 25545
74234 736
74163 76833
19163 40684
63374 43051
47029 12335
5298 48349
28682 33261
63917 65903
30376 1704
8240 35787
34650 4395
48423 36039
30674 62749
5611 52206
27103 5757
67881 33167
47350 35937
61562 7501
59592 74997
6087 3989
5231 61710
42477 59570
13530 64265
68338 22777
35848 62056
34514 13617
75843 5007
71350 48436
74733 3780
22787 20080
49370 23188
49614 17256
47881 10856
77029 54995
10203 15654
67721 7347
32976 58115
49327 41188
29216 12777
67682 71315
53195 36370
46256 25452
45225 2186
63814 43604
63192 41482
865 22180
65777 48006
18215 67678
57659 1858
21707 52845
30146 54576
10105 8059
67442 8514
36807 25290
27724 65736
19693 19335
24499 34949
20626 11006
47478 22622
15510 58118
30192 5834
54345 36114
43284 26042
14856 66253
63114 53642
62760 22672
62787 423
27618 40785
77437 35883
21135 73474
53858 45965
2943 15430
31939 44755
5656 61113
16763 74472
75169 11285
77641 74212
21120 60688
17659 11556
67194 15239
5137 11871
75009 23921
19250 11327
33851 24335
23598 41616
67718 77484
53144 2636
73873 22196
2441 1369
37153 28512
11240 49091
28390 60339
58878 10653
61790 32340
63134 40342
22357 25047
28753 17398
53841 40697
18706 6991
76369 49717
23840 37628
21984 23332
59438 36565
77411 18406
9024 74061
30123 41359
49573 54262
50524 29618
17330 24674
14231 35757
2171 26113
26523 23215
68513 38658
66108 33995
55024 57620
19604 34675
12623 12113
62374 64211
5117 46551
69656 75851
65973 47660
15404 45726
12215 68557
63209 58940
17083 50552
70686 20409
158 70511
56558 74543
68426 27612
55140 56867
48547 45472
5694 37840
69445 27191
56225 44851
30080 66030
63193 72301
49970 35252
45944 11896
77208 67276
75514 27620
12808 33845
55770 28608
33361 61301
62540 34190
30476 4122
10987 15113
37129 67769
71268 24436
53563 62287
33792 18326
24776 61243
717 76916
933 42336
75758 48796
68491 73895
15445 49534
68127 77122
49156 4437
26925 42254
41406 13712
53589 47040
47484 1036
20288 20808
55847 43872
76726 44129
33245 13135
34250 24526
70269 46925
55518 40145
74013 21332
47926 61190
36119 71668
52096 2851
26699 57542
54163 59828
72366 77802
73081 75493
63239 57013
23426 52342
48525 31928
73282 33106
63408 48919
33264 44287
40194 63250
75714 52580
45136 39345
52184 5260
18097 30711
15609 66449
30117 14137
58537 55180
21207 55823
13144 35306
28110 75693
66630 3743
52503 21500
44360 21809
72166 39398
6823 68693
21069 26013
51001 74448
694 18291
11940 17026
61823 43667
57066 7052
11553 11849
8400 40538
34484 18542
29068 45365
48607 60125
10491 51904
4949 21672
50375 60371
52514 111
68290 26268
37549 22554
7532 39490
22974 40309
64798 10535
57537 24196
1404 30958
26439 26650
67916 57220
37488 11819
25526 32078
4406 20204
66919 72791
67609 649
30366 62567
22215 20884
4727 45183
47152 13096
31360 61709
38 72068
20637 51649
11383 27852
36168 61907
52355 49322
46286 60750
51793 31817
76819 12560
26256 50801
2015 16844
11819 41728
72037 17502
37290 52414
73285 37119
76407 55653
45626 51623
45545 70008
36243 9393
29662 45465
25497 76865
59607 3526
52948 29058
75355 23352
610 30823
34224 48383
22943 47485
53364 44545
66354 65727
13955 209
73221 52191
9488 10128
65952 30157
38569 18099
44561 65530
15337 24638
67278 5800
33777 27687
70505 39576
75353 57069
32787 12171
58035 44511
49425 23577
73816 55799
63391 19759
31887 37351
44521 40776
60388 50701
76917 63001
3585 4565
63173 34213
15240 55278
33793 23530
8855 21436
50158 52195
28886 67810
30138 13951
41384 60939
54058 45389
46282 13292
67700 53016
70209 1603
1275 21088
34518 41816
32540 16875
37656 75325
12191 66450
52289 59598
44826 1519
9966 63720
72687 52653
23395 55373
62464 7145
41140 39709
46339 55704
28648 33902
75198 15199
35269 59018
23958 65807
24926 48867
65405 62069
26171 43918
30784 70127
31727 47824
34788 14638
30043 23441
26578 55584
32729 69693
46666 50263
20447 10487
13984 19712
15713 912
10288 77353
64575 33796
869 25902
70973 59637
5540 57002
63215 6363
48654 60918
41343 36925
64533 5223
75304 15932
36010 60326
64331 48118
66996 6564
36736 33073
52151 44232
29111 38817
75585 3085
16810 71140
7098 35028
68910 23427
55467 38436
62695 46778
70880 54665
4269 2297
65861 58560
45520 39018
51606 4669
22912 14639
59926 46825
15777 4799
67923 69635
60303 51933
41374 32589
1104 22969
1550 11017
27624 70122
49733 12396
76154 16523
13206 18959
42656 64678
47396 56506
34040 36005
71902 45271
34453 60036
31083 31995
35312 68624
61781 74589
44971 60086
47963 5327
24106 42807
65375 48864
55568 5019
27595 19235
54932 13255
48800 50059
47852 67192
52507 10324
36652 44273
59078 39582
23579 55382
74896 52526
17189 2934
75484 24109
29959 33667
13091 10392
30908 56812
72790 15261
56652 25120
49924 74829
25699 34207
19117 39742
19602 67377
61996 70669
1277 31950
23149 6401
55250 49052
65484 75149
17626 61987
67766 28208
69991 57272
63783 36017
39327 24342
32896 36288
73681 65741
74428 5996
6254 52255
52220 23759
12973 37345
21410 35741
7870 663
28242 53371
62461 27150
58964 2454
43865 54307
34049 17009
47313 36015
47227 35004
73447 60614
73072 41702
33780 12734
45108 29010
2600 29469
53971 2369
15891 42548
46019 28975
26078 8353
75610 37727
70575 60378
22878 77060
37305 55151
46545 43091
42611 70970
66905 50993
63897 62339
58581 73094
10278 1648
49948 44952
37556 44643
60785 45399
18986 58247
21965 19894
44223 60549
55289 65402
74926 27609
53055 69762
9352 22284
10370 51127
21234 33515
45040 52814
29913 4230
41089 74884
41534 10304
38189 63772
51834 73575
35554 45260
58314 10892
47601 27205
76929 69415
68281 48391
59021 39851
21931 38250
24103 41332
3028 59179
16390 61261
30754 3876
32984 20435
27601 76669
21878 21855
52042 46089
13502 74042
12525 56562
8362 54447
71885 3069
7056 37210
3456 72934
52038 64325
68680 30766
10912 49190
13623 70464
34401 17262
20353 49602
11051 16187
51098 12712
40550 51872
30063 28614
32427 27697
37248 14501
58086 74809
16570 37926
17207 23413
69042 20856
22362 52576
3745 72099
4608 53546
46772 46141
42625 28542
62411 54812
61236 36554
35706 41865
71899 47603
58307 13847
17710 41652
23205 65839
77442 70206
59841 69797
73923 51403
57014 29505
68611 52949
69965 64859
40588 60807
45505 37524
63132 58912
70736 20575
29771 23282
11739 52436
57916 438
40353 69818
54029 60821
34054 22580
20411 12888
39790 50247
1384 76043
13 54802
68593 54824
17866 53779
45074 24757
37587 3807
61499 29386
70137 18163
1091 10553
64479 74788
62531 53579
39271 2993
1198 42602
56419 32761
38394 21819
30306 74621
947 61855
71856 11924
48975 48536
24717 2978
53968 51032
73473 72360
57293 67022
51741 25302
32755 21153
21401 60001
51082 48374
49593 31368
28914 22966
34470 61889
10383 26187
55344 42301
31400 17387
67714 38402
35634 8496
37314 4049
69723 27133
35236 75708
54121 60448
24642 60188
8974 58151
23909 31705
17908 23184
37958 60478
14465 14570
59346 43419
35670 20876
64487 32095
24614 60584
42028 903
2543 4237
19943 53261
70120 68127
2901 61632
24372 50505
13406 9223
36978 54669
35284 34083
57465 70431
1076 15858
30515 70015
11823 3110
19751 57478
1931 63021
64695 7837
28468 38400
44816 52219
55083 5231
40839 47629
65326 52355
48680 67052
60777 57678
43287 56176
10516 13583
19149 19135
7346 34407
34932 75998
51436 14652
9357 22146
61624 48034
23804 54119
25192 44543
32779 18606
1654 31860
15986 63255
32632 27537
50437 34670
58060 12731
32397 43258
4393 9709
26107 60063
60403 64432
12316 34079
68307 44885
27322 38705
61975 58285
51004 43341
40909 59032
42345 33807
20790 74480
5530 36084
72035 77913
68279 4686
16010 18353
63076 19402
39167 68391
26048 37806
47242 3401
6828 28970
28546 48609
14802 73865
30929 47543
56907 38171
42535 40195
1975 20750
21937 74402
36189 39944
76638 62297
15683 57654
31863 38651
1171 20243
5505 16850
76163 19206
62295 38317
20316 50362
11729 33726
32601 29874
20670 3671
65526 27743
11981 76446
44358 39710
7872 19447
7835 76577
46599 1582
20175 34003
70301 47732
14077 66663
16493 67741
63943 53195
30498 62518
41516 22336
73185 45117
45524 76958
57504 65680
25293 68595
2799 49069
49515 49543
46946 63603
17660 22168
32860 68844
5176 63184
63610 22989
57345 63439
73273 49791
38629 1866
71138 8488
64238 44875
24875 40542
74279 27058
24462 29401
71254 19673
45570 36480
42426 15676
61394 25814
36088 46728
72683 65378
21017 60205
9028 74634
69618 1600
20320 68698
58902 29934
38755 26547
70990 4305
48119 52232
59518 12956
95 43191
66317 66509
49682 8808
24319 35583
2454 72521
47721 70092
31299 10414
42035 7337
8303 58542
70643 74279
50790 68544
24887 32503
65215 32073
72282 33564
20203 23945
37111 32125
42284 29929
53714 23257
42209 5274
14479 34835
12617 72349
68577 11975
8740 24906
5738 8346
23415 17374
4100 68493
26487 27228
14032 29831
63619 31974
25116 76766
12944 76189
4171 62559
74844 12881
50935 70377
64214 6696
68921 9576
77372 25746
33547 62692
6434 15258
48019 10930
28931 62395
9290 25874
1716 13091
27360 77251
64410 28180
10481 63863
61350 39317
7957 74624
47308 1259
73141 76247
54520 56329
7642 14618
34841 58018
69340 25533
5329 77194
9226 59803
39834 65
28299 32998
68090 53369
12730 35487
13268 23139
30280 43076
69686 66492
50507 63345
24833 67398
25313 37193
68970 34630
32606 69756
74715 32640
23449 44715
73194 36083
73157 73567
54420 65938
13830 40476
75572 14611
46919 63909
60126 855
55978 41840
13645 66788
21865 61671
23645 64984
72086 21382
52633 23436
66152 8594
44239 56626
20733 39930
58067 58091
41308 44884
72101 70595
42554 23942
48723 25375
56439 14250
42396 30383
31552 27947
73813 40266
28040 65770
49161 40028
72121 41946
33304 69521
47188 61850
59298 39330
58655 74844
52048 20264
26 42437
4544 20499
37288 25154
2137 51936
67845 22516
17706 20702
39563 20596
861 42688
39366 67695
29084 62099
28158 54646
41276 35309
2845 29980
72570 34453
67014 61864
72919 39796
74923 48601
20279 19004
12359 40139
4947 46391
60342 41334
46617 58945
20462 40373
18142 55745
34733 73832
48115 51583
76305 54674
32750 744
39362 52964
12047 7250
74775 46349
52403 18341
74589 59886
28500 35941
10119 2554
42559 26505
63247 27343
22663 33546
64000 38640
75528 48953
39374 3104
4899 42185
50011 56034
10287 42689
7330 73148
43830 73397
56926 26143
54595 28178
15800 65922
29717 57686
50134 35909
7095 14004
39949 9756
68732 31869
5398 21027
70770 42662
74045 62873
19606 77718
42839 61588
65851 6030
28941 63838
20080 32748
6622 36719
51496 76824
58408 49155
75400 7775
66156 13296
29110 7356
56615 44918
37983 36182
51685 70504
19401 48425
17327 57426
44063 37256
10820 14554
62372 61846
74900 17601
6464 9698
71848 42539
52323 54235
34414 19716
11152 77308
52236 39172
56950 75247
17089 26214
17678 73642
63036 11536
73309 57444
25967 32143
51816 42971
74886 75070
25704 71643
73554 34173
68715 72965
32276 69603
31761 38197
9391 2865
34899 18412
56370 8914
42391 41152
75500 47348
11744 58438
14750 28156
54210 24136
55515 42110
47877 61385
45654 29843
24968 60399
42040 47475
45158 43649
77841 26082
3173 33952
39954 33471
22185 3033
45839 18386
19113 15623
57733 53842
5883 56012
30604 51945
26174 63748
48998 6296
11248 69259
14729 7902
7149 2124
31857 74150
19357 57306
37708 4206
1801 66089
44994 42870
14586 70623
39993 64489
58991 37048
61760 75343
2982 43746
43500 8797
27396 9903
70518 74096
27771 12078
26713 73177
71621 14724
68586 69700
63312 20739
18527 67306
2411 11499
49363 75226
76416 61401
69049 25021
5700 9580
33484 36290
22325 61043
7879 59152
37227 19950
26306 43311
35558 9572
6958 23813
60944 75396
1093 44540
8730 59513
35562 69169
14142 56676
2501 2816
38338 52621
50663 75333
30300 38511
49900 833
66656 51112
13056 2474
63526 1120
69673 29522
11538 55988
24435 19726
26067 33929
65622 29215
60030 76596
73491 42811
2817 69779
5211 59999
39968 26258
43722 46485
64217 20003
51564 24753
20579 19436
2409 27020
45454 40434
46126 23801
46581 13225
39627 3438
30960 69917
65701 5172
36160 16689
8128 70789
33775 45682
50748 9079
3863 42921
72738 30161
36726 27369
19885 21403
44799 55612
51492 35531
17992 30538
11508 28474
50097 46576
68252 3578
29810 17998
54701 57625
31505 16137
75091 49167
20022 3333
55898 58190
40945 27340
43161 49862
58874 58565
71072 57482
17272 52322
27101 26036
18164 26953
76157 49874
70957 77361
26518 16339
18103 22951
40502 66415
68657 75800
17728 67699
19026 15952
74036 21350
20716 27478
41615 64109
8889 46975
73052 41535
69857 54412
15518 27569
24135 11901
41629 66442
19074 47168
41772 62650
54270 33461
53904 66681
39761 14680
58066 59894
35888 2117
19918 49812
24633 55053
13995 13116
17242 46489
24216 47238
3434 40630
34979 8560
74324 56905
30267 39413
30433 30063
3419 11070
47090 51077
10418 61783
62470 2078
65841 36008
61442 42372
24115 5947
50786 18447
64415 32637
62109 23247
18025 74001
21468 1216
25331 16771
29659 20416
53555 18379
1968 61580
35371 5111
54139 8020
29171 27503
26586 38416
26813 48720
8669 54379
23210 20642
57578 54951
64218 22600
42585 22891
59972 67974
32347 19842
56041 23805
53067 47851
41013 14339
51663 21283
74965 65216
70276 26749
68844 40117
5048 52908
68243 48914
14329 34758
59194 42084
59887 3733
5560 3386
32208 43462
67988 3736
70500 61670
51854 4486
5145 53433
73099 6095
50778 70711
67650 49419
6462 68840
24885 22249
38166 20732
57614 13123
39919 45701
37476 29190
60470 12075
21822 55035
55373 8694
38591 62350
7150 60875
67761 54405
60763 70350
59205 57727
11855 17617
65623 95
14834 40820
23563 62423
76736 61537
71619 33668
17735 16804
51521 42321
42397 70778
59099 47918
3266 12636
23446 62625
59465 64593
77374 74874
26468 25728
59597 16494
11821 28746
42478 67468
21496 17015
16194 18691
11953 29564
14964 10773
58904 12425
47572 52932
11182 37002
68658 32740
50344 29652
67066 32856
20959 24200
49635 39467
72135 43074
49887 60575
22399 77436
43935 68147
74121 67752
19673 75651
21250 34961
18954 17264
23445 42985
6726 55316
54996 49122
40379 19035
40570 75939
58492 50467
37852 6294
23685 25939
15409 23878
17246 1878
26589 18738
464 4472
33176 31173
1601 21219
60116 52005
65226 42275
65359 1536
71238 74985
754 63017
64680 63419
31180 45076
28427 24609
77184 75655
62353 53171
59473 59259
53760 28160
57918 59401
10408 71550
862 15443
32076 36610
71742 67436
36453 44218
73080 44205
6412 24422
24228 44694
19433 63879
7218 71946
45747 59811
4814 12649
19055 44876
4251 68036
75772 34455
43400 8273
11496 47897
6427 55905
14273 3332
54652 71214
23364 16545
21147 12398
37275 59957
77984 14567
75011 72151
73686 38760
23255 16555
75887 45564
47211 40244
4698 59319
12207 57169
39230 66156
42313 23936
48310 52109
49669 66966
8870 18575
56011 29080
72152 2192
8510 46392
38383 68889
61711 19893
17636 73779
15994 69542
35969 68819
43151 6160
69082 69882
54233 47535
68767 70708
27505 30203
27401 69583
7627 21857
14327 49083
74891 13126
69331 21711
11492 29657
63395 19930
37643 70887
55975 26503
41483 36494
34035 6412
75386 52544
46381 38863
17002 51089
73746 55216
65064 62462
68119 61343
64554 42195
23581 17842
30504 39321
38075 47
25370 9814
208 32943
15494 72845
3144 40843
60934 27362
15457 77855
27176 8758
54347 7763
5963 53789
43751 18390
45830 18848
73455 63037
27832 21005
1481 31781
26371 51281
36914 20899
33348 54921
8892 51250
40341 77519
39359 25346
66413 32581
72089 45929
42458 9245
804 29663
43685 36205
51911 18408
74570 52618
3817 16184
23021 76799
43322 18666
44295 36107
62798 42923
62194 1412
4661 15374
17794 68239
63111 68714
20367 13450
60375 61750
43924 30433
60617 57446
54258 39168
7343 16367
68299 70944
39236 59555
74049 9228
41354 44745
70240 35666
27298 5371
75681 50005
43480 33483
8679 14790
19570 61149
36761 55825
4086 76675
44454 63872
49184 29444
70029 68530
21754 13507
74840 11610
51062 47521
24561 31627
15316 64820
40408 56686
4146 55270
35586 13788
54247 36727
11377 36159
65150 32987
31149 66562
48705 43101
59233 55004
39667 32932
28330 46749
68826 1695
39626 13256
22940 63642
14711 76780
49050 64878
4902 29018
26490 77475
12138 56855
58167 34833
66322 13627
3269 63946
63264 73489
65544 74137
20196 68023
44580 5519
63370 14130
68633 77378
40680 12921
42905 75449
18782 12441
12879 15398
67653 31276
17396 47278
26895 76038
4792 55291
60211 51609
50802 5226
68465 45522
15183 57704
539 75150
5772 68520
77895 4886
11414 52258
61195 56597
6048 74309
13514 23690
68234 3165
40958 43118
2947 12951
75702 38310
40914 54021
42059 3720
26288 59851
25238 33229
37561 47001
36262 46187
69767 32598
41832 36259
57818 58460
15421 6266
35738 42535
19572 60058
20644 34495
35867 21050
15003 27444
2000 73201
73352 71733
67379 42190
13419 52602
27077 45684
71111 22552
45917 43748
72007 46112
41745 70548
35528 29829
18555 41489
75247 40087
32090 13278
22450 11854
9338 53224
40813 41016
44400 65169
70855 24405
58150 50161
6649 26497
17050 34693
3801 63628
61701 45954
6614 44172
13885 57380
50280 47378
11288 20869
51370 22092
23460 42305
77694 2088
58437 14612
46613 24877
40953 76264
43560 40702
25972 66339
10296 73464
61040 38825
74422 73390
17275 70551
12179 23319
61378 9953
12749 26034
59715 12238
40684 11868
61676 53037
30369 34521
29334 19106
18838 44586
33824 69839
47639 46374
51391 52004
24033 17437
43297 50495
42568 38524
59413 74726
63899 10776
3967 42446
8568 58005
62304 5345
14797 71826
46065 20318
62738 35886
60456 64815
22388 29422
36997 28702
45694 32159
75325 57719
16698 28308
66578 19055
13492 1628
53175 38902
14023 31940
42713 2723
72896 63344
9297 57535
69829 54333
60421 72919
52536 72251
77403 74461
54191 25198
31942 54045
71821 24387
20844 67971
63226 76140
50308 52379
8659 75427
44659 50739
27295 34275
77460 47707
56512 34545
57063 56534
74346 48527
44853 47778
71373 30764
30954 41964
22687 70828
10210 46803
75261 10098
14985 17629
77617 42161
60675 32362
42648 70553
72757 75886
12800 16878
58356 12665
23092 66513
40375 62356
53189 70171
9124 41090
14254 13738
49665 29862
42915 45658
64789 29356
8059 60987
11867 35276
28523 75270
18209 6974
25 60325
19232 57393
59373 65161
69633 77472
38208 57172
51116 8475
58611 22459
25647 2899
26957 73395
41498 58782
39287 73269
39918 7543
56981 45562
45124 62473
76380 19383
1065 8360
66903 46454
52979 8574
16719 36188
38560 74679
8181 33032
48395 3615
71944 64332
6964 56470
111 17480
73405 51937
47087 59260
14379 40610
36990 70569
4088 39933
30834 43324
56586 30483
77354 74693
51678 66579
41698 53365
50174 18905
53220 70729
50013 41217
57042 889
71450 6944
27685 46970
22730 76998
62243 15688
18229 9308
24672 8340
72801 69439
50410 54226
47224 21130
54688 25510
20221 32611
37811 23507
16456 23756
17601 3865
1521 15664
9404 43489
2059 11680
18874 12342
63793 52895
57244 75236
17797 50784
11098 53422
17986 62182
54508 18155
59773 44997
55798 23985
23567 12565
59559 40790
66771 46552
55591 23254
58989 56409
50426 65495
46571 11893
29589 24192
24353 34145
55676 52616
974 26294
75752 29707
65295 46033
31032 10692
65763 44528
35292 59209
53850 12325
71588 68665
75544 33787
48100 2674
4386 7983
4964 73024
74469 7753
63343 48910
48311 12517
14833 22088
76057 227
63116 69353
18624 1649
68998 611
36625 42843
60941 50431
67758 40143
10255 3625
68598 74460
11593 73842
32143 49131
10235 9095
70674 22596
75974 24705
40960 65301
6918 23828
45030 70152
70128 28623
1414 12710
61456 20274
59512 49043
67196 75234
61504 23191
75231 57764
43453 23265
55184 66497
46258 19511
38617 58341
37908 3977
21956 5083
4631 70463
39856 38199
73887 14127
34137 45752
8051 23648
62019 77347
75779 67960
22162 13071
75086 65229
6766 25318
38241 20350
3579 44224
37594 59595
63539 71825
10815 50967
16623 58712
66270 15255
10075 72675
36419 8581
33037 44348
17373 32273
36828 47933
36074 18532
33680 31386
1862 64326
22887 24687
77565 52991
19810 5452
58544 46966
48467 7684
22990 77482
34243 12948
30959 68137
63560 11922
23700 42016
69126 69120
4338 73794
44938 69721
11063 68377
19015 51667
20205 71616
65005 26337
54126 37036
50223 41985
31189 17758
57696 58708
21927 25958
27638 38399
75728 55879
45230 52985
7121 57035
34655 49423
15204 10799
6885 64287
21968 3124
60820 64388
52265 13674
62421 42142
39501 73565
62426 63453
69799 50962
30627 40095
49782 65224
51128 37644
34423 7225
69527 69148
56982 5457
1555 11690
37853 40255
50071 74879
41378 71145
69502 22723
12762 41112
69638 6286
46377 70031
56596 3666
35729 6188
43905 39708
35433 50450
35008 24673
12882 46107
33469 70486
51270 6873
60439 56860
31693 66634
77166 68680
25550 23369
68152 66683
44225 48605
23583 5862
41061 28115
71777 12931
1387 59931
8907 24341
12806 29042
68848 41984
13620 9564
58451 26688
46074 64917
28760 27098
37133 74862
33017 5929
25308 27005
4462 15248
3107 38069
12051 622
77875 31509
28420 43353
15964 23208
15726 51108
17028 48731
49278 52686
74196 5867
24218 20438
14529 32267
24152 33841
33206 55423
38610 74782
61205 40599
9925 26854
59434 35733
36227 53636
55966 1341
42390 54512
33730 54217
9699 49432
36345 36450
8178 24838
50175 63992
50934 33217
43602 1368
7873 5479
33848 58869
34691 16894
23322 29226
57748 9244
9097 14993
64451 15110
51464 20831
23389 64034
64495 8717
14213 24034
18858 70378
70862 42911
56526 21938
28625 33620
13927 52194
57879 37331
33948 70289
4570 37545
9558 37317
9230 34276
74888 14221
32847 15651
58443 51762
2460 26494
65235 11339
19511 72713
114 65270
4960 26318
51182 16662
34923 67925
19872 4679
43232 61468
51293 62760
75320 14332
486 14603
64315 29969
62671 4985
52942 50865
9189 24180
29603 10959
434 8835
50388 31687
63186 57141
15887 48615
70164 57424
47045 18712
43705 57937
52510 5381
7235 66011
11884 24769
47888 27582
70075 41671
44573 5736
10546 74554
60246 1863
38006 20017
26624 44742
23150 32874
72677 45891
5156 60560
50354 26300
25036 7397
39174 51291
51132 20067
63767 38248
11124 66270
57408 8343
24834 29523
18343 24113
4680 25473
25310 44026
3325 57524
77719 3318
31259 57742
64125 32215
50957 69279
8257 37724
70852 72988
40335 21116
65495 18791
69985 71713
58892 41623
2152 7434
4856 14597
44471 8537
7348 67902
44266 70029
5612 2289
53151 22272
15492 48546
27746 5038
68567 18808
60080 13605
19524 30627
75937 774
30538 49967
9442 449
4834 73756
18559 7657
64081 50794
2499 74312
61764 15682
6004 4614
31809 71511
17110 9690
1883 2595
22578 62447
6549 74907
40284 50601
12753 37024
59794 50695
22373 31152
77470 64299
8384 32774
13938 45240
14966 59636
65162 62801
77985 20073
28911 59536
8272 70315
26561 47204
55865 29340
44217 18928
52693 37600
42499 22853
15834 50916
75494 33714
71551 21014
18001 48245
42152 2745
27949 56589
5976 39303
77737 18873
22735 5578
43976 60285
8287 70976
35900 29752
18513 52722
54416 16388
22027 46261
48488 27277
72537 53189
21628 55200
57497 54753
31935 60370
76283 59286
5335 58182
13103 50914
49301 60755
20678 44277
2049 42731
63828 52283
10581 17448
833 69460
23517 26990
11684 32245
77822 25031
37190 74500
54556 25507
62392 47634
16633 60736
27022 71855
18755 53505
35514 49128
68563 27986
59038 61635
54006 14241
22879 71150
4932 59287
23594 39364
65522 54018
39479 6670
45594 26138
54892 28466
600 44261
73101 20542
30886 50370
25154 67830
15402 56595
69495 23635
12542 58063
47436 3125
70743 27061
66525 50590
28741 74370
60846 22590
27278 35825
36232 20429
25392 52675
14770 75376
62183 25928
65211 19751
23112 53909
20941 41484
5652 61418
7082 32205
47736 17113
27472 63791
32950 41447
43817 69546
59395 4628
5678 12723
13687 11240
6876 2814
70433 1137
3810 6915
63578 43452
67490 11790
15213 41065
30842 46753
58304 26609
77688 19740
75991 27920
42726 40313
54928 8654
26051 47572
42689 41354
30155 76474
14436 58539
29856 62271
12854 44384
31080 22967
54080 37977
26209 39747
49222 13304
28923 73648
61734 20947
76690 19926
63493 21399
7123 54420
57130 15525
18998 69771
28334 53698
59637 20747
23339 73619
50769 72394
48954 61548
17879 36862
59997 32689
25449 14859
47002 19222
35350 58315
26505 12724
44026 5162
16674 17774
4207 49932
74537 61973
7819 49725
36780 62506
17892 22343
14564 2616
61019 76832
60107 47499
54818 57795
45034 76663
28817 74962
38688 23834
20551 58633
22274 2603
75776 64457
72451 74290
30108 45067
11335 44536
53962 11143
68390 48493
64123 9030
28370 17688
77540 39336
62062 19594
60656 14546
36592 25839
1902 42035
56114 38319
32330 10889
32484 46493
56918 64848
75952 2092
29152 77375
19526 54754
75197 22160
666 47870
54759 33124
5797 25169
5251 67296
61690 36733
4407 68215
62819 3073
12845 64175
59303 41756
64919 21874
31525 6818
10891 31301
73203 40192
1629 34487
53297 58843
28575 56748
17395 44240
46977 5303
38770 35762
31335 60043
11893 10518
2088 43637
62887 72257
39956 4113
21208 17125
60200 1400
74761 75190
76502 2519
3200 39677
59617 49896
18170 61620
53132 49810
24242 50908
48552 4717
60857 35427
179 49171
9267 43993
43635 48077
4288 67186
38875 55642
55824 53372
35362 44844
71099 17347
75397 45383
27152 34287
10612 72402
44001 25285
7185 64072
67468 36916
47709 34954
6759 10920
14545 58966
50195 11115
47919 41762
60995 66689
5358 14880
47917 3016
48030 16847
22973 31846
73242 9754
8783 23214
73500 48941
26833 8515
43900 20186
70731 31057
14885 11454
62718 9885
76038 1265
27499 1763
29549 44714
42004 9226
46231 20480
35044 76383
66004 60394
55435 43372
36326 13872
7139 15988
8306 7362
48866 18182
45250 10638
59299 24324
63731 12020
65727 12005
69034 504
16084 56751
61626 30550
69718 27554
69843 6554
38308 10409
59242 50712
48254 41997
8602 69381
24688 62397
60015 25861
11444 24388
10509 61501
51208 77570
23438 8031
37798 58002
10086 24239
21597 66531
36169 828
14684 10428
19393 23050
65055 25916
19727 34507
68248 18861
2975 71041
38427 75424
70967 24818
17306 16255
62116 9933
45443 24668
55068 24517
58178 42128
2816 29848
38210 21290
24781 51730
8251 38892
2889 54039
30452 66409
68108 37409
44025 55906
75852 32893
44931 45189
42770 69541
63721 916
77773 36891
69490 21138
71889 8077
58361 8230
60032 64740
39857 45119
74351 7918
17296 56374
40173 10480
22510 58450
34080 1573
29725 11565
63471 41734
48746 77089
37768 47380
6203 8635
19444 34399
46285 41821
21076 59086
70166 46939
37388 62974
22985 48555
20118 65497
21136 39354
31183 64106
15325 41088
5394 71555
41501 24942
75305 29900
16578 76970
57789 22355
34133 5597
48454 46255
24183 53705
26891 60942
73727 60509
4547 42516
41543 52854
45069 60769
19392 60869
48879 59268
58777 20013
70762 18624
21312 50537
69946 3209
39527 18276
15924 41514
3267 19581
53027 52353
65460 47935
19056 1829
41972 56936
20455 22647
563 19797
71585 24106
43422 28442
38740 12432
62117 2149
37989 51288
75200 61904
19279 19648
74087 35507
57948 44213
44393 25921
14722 2842
5254 65186
18275 51411
72216 39784
15320 72002
40381 36395
3251 24897
52643 56736
28884 57031
58455 20949
46845 63877
12122 7833
42778 13896
7214 8770
25579 42374
76472 62483
69001 37922
29117 18544
36429 30822
25653 67996
2956 64780
10957 28365
70571 54572
58388 64292
11453 1700
67082 40372
51698 20789
25487 44379
64287 56230
41650 15971
67051 16965
7347 69421
47326 36949
52109 44709
56052 48937
48449 16795
50609 48440
48868 74099
1598 62066
37310 8274
45210 2322
46053 58600
40382 48498
58403 54658
73536 32259
11482 27454
28272 42756
58225 30598
54475 40965
58000 62415
37832 36770
21469 72745
55553 44664
54290 75658
18294 43393
76963 25478
11283 16664
18828 75010
27235 30006
39746 77705
62209 31067
68853 32650
43964 64041
77422 73833
49254 61572
11594 2543
868 41086
53669 66973
54332 12529
22924 50351
72852 19446
60571 42160
74438 10658
17948 69368
26118 64349
24381 60646
50040 34867
37941 8773
72597 58915
64303 51063
5536 25321
39583 36204
76705 18755
64763 47682
73307 7737
60746 32321
29429 29273
3518 401
321 42889
20189 46684
34430 73647
39344 19153
61937 35751
16277 41948
54678 63531
23511 41179
64473 70296
32080 26223
3729 15777
15645 38748
36336 7939
64626 25552
8746 68617
47417 66078
76162 32536
62979 49285
74131 55443
57157 1431
33805 39083
62396 34209
15675 26771
67178 18883
75401 38811
2300 3314
34019 3778
21345 55237
76239 10317
7670 48318
19155 60941
41902 19349
60430 58548
17760 50073
46844 72780
21406 20576
6933 77837
35740 58215
47339 41169
54987 14123
46660 35856
6386 59762
37993 36170
38229 25924
69418 59420
10070 37325
67354 21352
25404 76872
24019 16848
21907 2223
71266 16242
41447 6872
39463 42800
35581 72428
12562 62535
70048 48343
76028 18580
46089 41323
1691 49156
17951 72107
67918 3338
36886 56920
48892 42453
63557 51844
44606 23331
21369 42810
13425 4527
28558 37082
65980 42470
28982 74519
24697 7322
73225 65101
68899 8373
69743 8900
72236 18339
14938 19867
54703 13403
60358 21415
10014 30804
15279 12041
17201 46804
2278 44324
62852 54086
45641 45033
47523 9120
18221 64548
57926 52503
44833 71449
22572 8147
39936 68771
3770 54573
15545 20315
29145 71841
16871 11728
18660 27166
29698 58786
40296 20849
16430 15106
17068 34178
10303 29806
55681 31361
14644 7408
10189 73097
2465 3176
63473 6880
56525 29560
5573 62744
25737 5557
14132 5529
4299 28705
67303 30496
77749 20006
7769 65613
61484 41873
15588 42330
33163 2524
5673 66880
8684 37964
1347 64518
12649 3082
16226 72094
77019 8908
26218 26231
3836 77290
11899 4720
19079 27373
36357 30082
75990 76381
45592 64418
46164 938
21045 45795
65620 10568
31697 76230
66180 48250
74742 66736
8958 21520
12990 52060
75778 27890
1833 70285
69316 964
28443 36886
25107 34819
36944 72911
22515 49061
70403 66963
568 50911
12935 20954
28052 26423
66086 33591
62222 43842
48034 25661
77252 42869
24265 34124
57628 51464
14068 15620
23705 37406
49757 59199
55587 58399
28086 67084
67404 53175
29826 26817
53423 24227
41194 14771
16203 5461
61067 50785
14460 13990
68122 26947
17815 26234
64988 74739
37785 39140
5323 28095
10781 77760
43007 39764
64712 47309
15168 60789
50435 7127
37174 30122
59893 74298
40896 33074
58191 28418
29606 66991
72603 3122
53384 40620
38089 1621
56094 28368
24745 23714
62348 43770
48162 27048
23501 65483
1676 42908
13786 60016
51953 51217
57418 21661
68507 64446
11142 62938
15627 73510
18792 37401
51749 32574
52511 10181
77406 14059
13333 36
22115 4090
8482 6558
47673 35945
26095 2
44386 39774
26249 58335
77983 74464
52991 20905
16091 12745
30523 48242
55667 28221
65420 25007
36506 55466
76274 9975
77811 36698
35780 54721
52460 2936
46675 38990
62368 4587
63509 15739
67033 39591
36555 18592
19317 34436
59590 59891
16016 26826
64139 15772
65179 3981
30255 62457
17644 22883
3896 1881
6928 14757
8943 30777
65292 59670
3507 75993
23475 73066
50153 35801
42855 35399
20020 2957
39683 73824
12627 62879
10030 8295
68151 20093
64513 28243
61083 8541
38478 52107
65261 49470
64259 3919
66165 4871
34297 65199
45039 56688
70849 61041
71647 54058
2317 22941
4142 1740
56415 75598
15616 5772
50284 8259
58998 36809
41230 36906
49328 62806
58007 26569
60249 35034
4717 3200
4307 35647
23183 24651
72964 30779
39721 58719
21515 256
64420 5784
17628 73822
40955 57062
50998 73262
63892 64033
14337 30346
74561 6199
72586 37555
70700 47715
75001 11589
61581 48143
62379 61929
73696 71381
20488 21483
7306 48925
51300 48664
34524 72224
64841 70880
49519 19097
46238 42037
37282 45455
42007 53347
3690 22802
77394 76050
5914 52663
16804 48774
48027 61275
45728 45540
76542 38332
3526 19351
44730 64817
49883 71077
12760 53455
56119 47230
45239 56586
46841 11331
53993 33188
46042 18041
32012 43622
32456 47012
30753 61153
40908 59084
77665 70676
11134 21533
8586 5605
39966 45018
15004 66369
44250 19013
22254 44781
2584 70807
70572 20897
42745 75196
4900 18288
60413 51951
55375 10715
74456 54917
67471 14665
55204 65718
34947 71303
2675 5503
61565 68101
77069 13608
2915 75428
41487 530
49511 33387
74758 72149
51158 21588
42261 29725
75044 43896
12810 15326
64011 42663
13115 48933
26989 71887
44036 51769
65899 68567
44505 51486
21841 28715
39259 75632
47623 46024
57147 53478
26445 13950
65137 29598
9873 59462
70233 24685
28060 79
37665 64908
34755 18921
6231 9465
38971 53231
75173 39697
52695 27427
29608 71037
12054 12660
75785 25036
12417 3081
77577 2126
44151 4077
35831 38770
8818 15870
74243 27144
69608 9351
55982 8785
27491 33219
10049 59324
39564 15592
66145 55302
39310 46861
56743 52823
70773 1386
26225 39350
54305 44980
52731 50823
32934 49141
67551 27322
59406 39818
71771 56168
23672 77292
2439 62711
67663 77770
24451 5489
75609 64401
65432 4132
27913 65536
61250 41895
35119 46072
69825 4069
56850 33526
74203 62076
7849 50300
68455 70651
26300 12846
47747 55405
60620 76956
19366 46014
31507 64266
19723 3582
39358 49804
53774 5069
41767 63891
8445 11381
54060 62243
34988 33051
37624 71269
21049 12066
30951 32164
53198 12322
19656 59597
25155 49788
3632 44222
32190 31638
40704 61510
60839 42320
63621 40608
73378 72434
57165 59140
55315 28385
4851 53820
26476 12446
20888 1350
35745 16828
17883 77782
3820 3701
33869 66362
36409 58253
72183 9058
23067 65808
63681 23755
2610 60710
7252 36011
11001 74063
39057 50880
8334 70211
53348 6386
47637 76764
52022 15424
18424 67730
30939 22796
14672 5219
74839 38049
65569 43440
15813 55933
68415 14376
76077 20290
68847 10070
33005 63196
65071 63734
11830 32643
31206 747
16028 50765
76589 23152
51112 49378
30925 5751
55427 39621
18911 23944
14001 29285
22958 44574
28064 76490
35986 64665
57603 29981
53527 58284
33333 15217
77265 13309
7331 21553
64273 18246
49114 17302
14807 73764
71532 57423
55546 65031
32290 48061
36404 56358
18994 2692
47579 68836
62289 48273
2763 71236
4563 13937
7167 54870
31415 62084
33159 4396
72448 36557
40537 57186
47561 73045
15998 55346
70112 8774
30984 8543
57987 11436
50918 34443
1032 46877
51509 62211
33494 52603
39439 66469
30863 31881
38984 18026
27576 15862
21002 3161
57521 21234
41574 11322
53254 74767
4441 24484
35919 25758
10499 58472
64448 48932
61747 73056
43611 34473
55361 62637
13160 8759
34206 24316
66367 76300
8699 54167
46119 15185
71792 73357
42831 5211
59410 30442
6829 26536
24084 19319
58118 39367
17838 1468
404 48741
52516 7864
40049 66873
41121 1595
75473 14779
10779 68756
14527 34851
20687 76753
32717 69537
17052 1161
77859 39760
53781 17965
41865 41882
62701 62966
34168 27992
22739 24729
77729 62228
42937 62689
36936 28066
26040 12983
54329 50838
48183 72488
23841 70963
51577 9296
49457 19152
74763 16641
29424 66830
2718 19059
3011 8913
73208 62612
29978 67291
11663 9515
60611 74208
25988 21592
34313 32384
22120 54200
6526 47412
52565 29537
56218 34403
19563 53267
11674 7822
48225 56607
22299 5625
15382 42007
1851 51725
68923 3627
57038 25246
59469 51220
64770 58960
15534 29455
26627 62832
24976 53285
34892 20616
37744 68323
64772 37700
50080 9838
17066 56721
56533 4052
27081 54699
28255 8695
37090 73622
24821 11121
54832 19080
23642 5237
53547 48434
19130 36358
3772 51547
38037 36810
34315 60884
30866 44759
59111 39780
32548 70162
48450 40389
76403 61593
60053 67036
11238 63936
1353 50607
61458 73425
17460 17992
42369 61516
27816 44182
50266 11926
55482 64183
33585 44881
9576 69828
12489 67764
73008 8249
7701 32977
6831 35156
43629 35554
30782 37873
61727 77914
46440 67308
703 29864
33248 41033
66132 42489
49931 31381
39651 74189
51734 25070
48615 45681
17333 40154
73343 25146
5391 43909
76086 67853
22265 53942
66028 36507
64598 34592
44457 55555
61353 24688
11751 18256
41592 38669
69524 24900
56745 47381
18586 71143
34132 42093
15315 76252
5789 68173
16761 22730
65433 15364
36832 38203
47264 32379
56373 44221
37084 65137
34501 49152
34572 32196
41027 51332
57118 63484
21625 60173
41359 70440
64393 44748
19827 19182
72834 33388
57671 33101
6976 16310
24763 49357
19481 72180
30129 51522
24005 429
4701 8723
61637 24764
34109 33399
21438 64888
61229 59607
57204 72175
15208 76492
64869 36319
5347 66994
57871 74378
46730 55115
73513 26109
63597 34826
60000 6684
64617 56061
14745 64168
19406 14167
16208 62439
45824 57302
12266 50710
26704 41045
37240 15656
23679 18315
22059 23738
66682 16111
73826 47361
76766 7144
27840 5379
76487 9212
68946 36354
74815 14086
23668 71892
54581 70153
10071 35182
32265 16702
65289 12569
12361 55479
43078 26856
3403 5235
37262 74262
15990 7849
51665 1292
48964 14606
77377 44251
13903 36330
42407 56336
20156 30211
3785 28894
10626 74792
60324 34962
62896 46341
59514 30981
35301 19885
77884 3009
761 72576
43179 76562
59389 41513
42588 28820
74601 22524
16951 50237
27705 71004
37088 2286
42359 21024
7280 11951
9270 35354
71717 63735
49990 16327
12131 12542
52280 32270
33445 53268
23333 28964
31468 31723
52287 60229
11691 21712
2689 22747
27293 28881
21357 14076
50922 416
52743 31297
37348 40435
15808 57042
39132 75975
64337 50686
56671 27970
40646 13156
17209 10748
47061 53548
12598 58214
48164 58003
67195 50394
26198 49829
64176 70945
58386 35616
50868 26887
62448 64425
35191 57233
73802 68674
55453 44865
11826 42216
55383 65410
48266 66527
24427 50843
56900 26932
55839 48885
12183 18942
5301 10140
67285 22071
44794 52954
60756 28565
29391 41185
20326 46304
64923 35933
69112 32607
68771 38100
11007 49735
38104 61567
61371 3182
57326 73835
10379 31992
62602 8480
19479 59277
16750 50970
39376 74929
56064 45244
38730 47124
74520 49935
6256 2687
72220 58370
10032 55593
5911 11726
67295 57326
14108 33414
66933 45644
55695 29958
54136 35275
12385 48051
60904 34061
74512 62722
33212 20723
46591 28723
33406 76742
10718 67787
65988 69591
2133 4758
14934 49997
60671 47786
23535 6289
23883 29961
5933 20809
10918 12109
54559 6563
39014 32820
41150 10389
76967 68847
59638 33443
58976 59389
34744 19534
44740 38425
24536 57134
27666 36506
24260 24383
10253 30028
33990 53670
13937 40842
56859 21841
70042 68225
767 8753
51765 30385
15294 12095
1744 23062
62538 37781
60315 61637
53097 22011
63796 30966
39689 2253
47282 25610
39670 10099
11487 8832
16396 35265
1819 69987
25009 16271
14669 60626
2083 72541
24671 48357
3515 23452
27425 20018
63061 69948
31691 24486
57120 32198
70594 1147
25024 22518
11285 35696
39442 67273
60743 65656
19421 7452
2860 51617
15265 17689
21772 21890
19979 6337
58362 61482
63577 20436
61800 17340
2573 31710
58919 48129
76707 75218
31802 36606
26390 60609
38645 32217
74637 59631
51346 22957
6675 14402
43759 32535
1033 5541
13457 8792
54485 17814
64973 76
75847 37645
72654 60395
38113 69324
4852 64220
63898 51776
63715 72131
77469 70972
63951 52940
30397 68820
69247 61161
2493 68113
55313 75691
75551 53111
41400 68613
72517 53436
8325 21876
35108 65950
54676 65501
62042 16547
15328 4774
64853 27118
45452 9623
58763 48170
57178 15144
2728 54056
37751 50145
25193 49276
61505 39259
30423 48972
66537 3130
28797 41229
77026 63862
61403 26045
17192 28256
38456 57087
51167 19290
54639 58975
47220 77389
61909 18330
21238 39581
27160 51952
37023 32047
11298 18654
63294 2147
16921 29763
22714 57545
26147 63803
20489 52330
64512 61126
13226 60976
54524 48703
64714 26830
39801 60726
30766 17094
27451 54500
72985 6731
6167 32161
2377 19076
34185 13276
46799 38722
20789 49026
22901 6963
65992 45948
4191 60961
8345 50667
44268 56805
56443 10240
14939 38529
29713 46501
15819 67183
73661 5312
29373 62844
63749 8881
33794 46201
44607 43445
46563 25360
6118 40678
73011 1450
35061 19129
19816 73609
13651 35339
6609 7850
57387 3236
59918 66783
14540 28665
13880 68301
13353 48663
73725 58768
5502 52877
66494 43784
13817 60332
21896 45473
15475 37346
26921 48231
20583 6674
38290 76759
66309 16161
13015 57462
20224 63900
47676 56808
43858 67368
18059 4740
16120 71827
26463 74233
57555 66316
54494 8820
864 20098
32155 49536
62085 43274
44738 35011
37586 18869
66195 18640
22448 25734
11172 12215
34868 50318
48816 36145
54397 51695
47271 28867
32172 5491
69423 39704
55276 1588
29909 17425
18088 25493
56207 54838
54187 74619
53649 25384
60130 54735
67654 19877
47419 55957
3902 71704
58010 75
19083 8681
1304 21417
67810 4911
11113 34801
44343 63264
41263 8663
52646 28718
21539 61382
56895 21707
8057 64682
51547 10482
4862 60242
19786 44924
75309 48775
7578 61464
68129 33828
38762 75635
54960 73213
52692 71818
72563 43333
39889 69037
45110 20395
1036 77304
36672 68164
69179 77838
52945 32152
