79 118
948 371
218 317
148 398
310 930
715 222
921 656
243 181
508 264
24 808
737 197
39 44
102 835
332 406
521 810
338 900
863 659
58 850
535 834
707 5
967 212
902 756
480 498
379 916
615 890
0 928
555 741
773 256
800 395
129 547
537 397
9 865
497 885
748 249
791 702
983 891
207 188
856 104
294 347
947 199
206 252
456 877
83 360
342 573
123 465
36 539
538 26
114 895
745 9
163 15
449 751
20 448
441 140
50 12
943 467
988 876
568 983
361 354
232 349
167 160
479 209
317 297
951 893
504 502
171 826
547 938
833 515
832 794
756 686
306 687
582 915
589 585
928 496
84 342
788 851
33 388
601 965
297 241
234 372
295 361
337 879
80 81
249 979
678 815
410 960
861 305
296 738
436 22
713 384
71 939
812 701
488 833
968 602
932 458
184 204
958 667
166 54
719 95
93 407
884 734
63 570
135 512
677 618
266 131
49 293
565 787
309 906
149 856
393 165
57 553
198 442
603 25
37 239
501 840
6 246
516 563
969 208
705 976
335 356
369 878
503 217
490 830
255 742
632 700
330 351
883 816
584 825
520 486
238 304
230 632
392 238
385 628
594 812
740 614
976 801
199 582
848 625
522 159
131 240
618 510
700 374
841 193
359 278
661 362
865 529
141 783
636 436
253 287
1 509
511 595
28 327
110 823
851 842
607 462
170 962
799 480
323 162
796 457
426 513
231 892
467 992
915 481
85 20
326 148
444 518
845 283
374 223
995 577
926 401
730 732
514 112
844 511
215 83
132 424
798 921
708 958
598 636
268 78
494 2
696 7
375 762
386 905
95 605
785 320
35 849
622 259
186 804
3 433
895 805
612 4
738 763
202 189
691 932
542 967
784 845
329 142
818 285
225 373
117 453
409 507
325 161
195 404
670 621
159 479
235 229
634 690
452 574
59 695
461 603
820 508
26 175
5 237
475 276
259 598
16 684
562 382
70 27
826 466
356 172
86 90
744 124
955 390
829 6
227 536
694 288
346 348
770 76
654 910
76 730
312 948
888 973
185 450
237 231
515 192
67 129
103 980
189 379
19 473
17 818
252 72
836 1
373 575
732 226
962 30
519 267
357 909
763 375
630 499
907 489
635 340
980 706
758 460
11 870
22 766
574 653
862 447
789 387
182 298
964 565
89 269
697 250
772 889
840 74
868 662
581 637
484 600
54 357
651 120
658 215
532 606
914 484
458 896
281 126
721 47
211 524
201 678
311 583
90 64
673 781
400 571
224 295
944 972
804 441
904 485
566 985
275 405
665 84
157 506
585 336
219 170
485 608
893 472
934 610
126 191
27 280
543 604
855 416
455 107
854 14
261 393
930 419
303 795
992 994
2 620
728 530
156 527
152 423
811 475
236 934
431 622
917 358
87 337
624 339
4 633
814 566
735 91
771 968
288 137
898 544
308 147
384 759
536 93
886 410
372 966
483 324
684 924
18 321
577 848
936 125
402 776
859 260
151 873
354 173
754 211
874 957
107 693
781 291
388 459
616 855
808 872
96 359
644 755
975 119
29 737
676 920
588 79
593 121
15 867
559 727
590 29
282 714
286 218
74 341
795 638
627 522
457 990
289 543
428 316
761 817
640 677
124 138
407 989
377 163
899 186
81 445
564 412
631 922
816 216
663 951
858 699
724 23
177 675
639 440
78 987
545 322
903 718
413 869
750 100
164 236
570 233
935 847
181 871
782 8
418 346
731 760
805 650
757 144
394 247
187 52
190 213
292 37
154 887
451 908
620 813
990 691
121 669
742 49
274 180
956 837
122 106
911 194
147 482
353 127
496 911
701 533
945 903
439 455
94 308
367 101
420 234
104 723
226 689
144 576
787 432
776 658
473 343
645 779
573 827
660 899
290 854
586 178
827 345
351 353
245 380
257 478
41 230
239 579
417 366
875 858
780 862
530 224
873 964
82 929
695 561
194 428
901 784
30 792
727 634
365 86
931 381
764 745
912 242
872 923
220 970
65 715
482 775
47 102
391 251
460 99
642 452
43 786
959 311
319 713
940 451
986 108
466 386
137 150
498 427
551 672
714 599
368 471
831 753
304 679
937 525
265 400
61 902
850 284
153 838
592 282
971 205
213 314
222 414
44 884
824 726
946 520
657 503
352 746
999 739
925 46
66 302
853 438
894 771
518 71
491 926
626 740
69 724
276 761
722 128
168 219
197 866
99 758
793 154
119 24
786 894
324 476
870 799
753 68
939 998
106 275
336 683
885 942
443 956
411 69
437 682
233 546
709 521
712 626
363 696
8 661
221 164
830 716
546 43
105 564
509 548
389 403
802 206
223 376
214 526
347 657
977 643
711 383
987 333
540 592
666 273
819 425
933 523
493 946
919 782
322 569
314 28
340 824
21 591
954 136
75 87
531 557
981 880
752 263
680 947
762 434
716 863
797 839
794 243
741 464
305 874
544 559
867 169
396 875
301 155
985 558
414 456
961 532
527 272
815 554
699 55
116 944
432 844
92 581
549 728
777 562
52 846
809 831
843 151
489 329
539 664
821 820
846 408
879 945
929 111
316 800
406 647
397 270
683 105
629 651
600 116
686 711
172 389
690 642
807 35
602 769
710 912
216 85
541 703
146 88
299 344
453 262
246 790
614 463
115 641
287 519
619 572
395 16
13 971
405 255
495 446
747 757
878 67
401 685
583 300
399 286
419 210
662 265
111 334
746 63
454 993
597 299
203 53
652 444
941 940
534 982
733 785
533 556
150 474
668 487
430 974
923 733
510 370
434 318
271 38
447 743
909 377
648 39
450 629
852 936
285 969
334 660
575 616
517 822
241 500
512 654
792 490
313 363
978 369
125 413
339 681
139 174
595 396
260 335
749 978
866 705
605 861
398 593
558 611
7 528
625 11
343 692
897 495
145 135
693 927
561 279
344 156
647 330
416 721
127 589
88 959
376 130
100 75
355 829
210 806
291 310
659 132
876 477
864 418
101 443
563 648
813 73
822 864
263 996
608 82
345 51
966 601
689 34
526 48
892 367
140 789
646 623
823 364
262 323
760 117
476 613
960 888
913 185
62 426
256 294
920 470
284 312
650 421
459 644
687 624
810 772
46 196
838 61
979 552
31 901
993 141
130 190
183 925
267 149
424 567
240 953
702 66
427 809
667 550
433 254
507 429
464 832
142 935
779 56
360 98
637 245
446 710
318 802
269 301
349 668
358 19
970 537
277 722
412 631
803 883
591 325
908 619
706 898
448 268
704 764
599 750
641 96
165 707
554 31
445 109
55 555
350 394
725 917
857 586
806 3
633 609
656 257
72 235
606 981
726 725
997 514
242 615
675 540
500 261
528 338
328 612
244 89
628 41
910 177
938 417
158 468
611 65
113 266
48 531
387 666
378 42
767 289
847 281
571 517
736 409
825 454
963 590
889 40
196 736
922 649
382 203
188 997
755 778
191 991
12 201
302 168
471 697
136 709
300 881
270 674
580 97
415 819
248 607
604 988
348 729
739 355
133 694
552 315
91 0
32 171
173 319
835 868
860 115
775 13
250 931
918 542
617 36
25 698
380 673
472 57
927 843
478 665
383 277
989 752
523 399
609 941
965 754
370 244
161 157
200 811
180 187
723 860
56 411
408 332
321 731
890 504
778 501
524 350
14 549
10 352
134 663
828 392
674 123
208 791
462 708
51 365
729 18
653 94
994 92
212 461
264 368
567 655
53 688
529 836
440 747
258 770
839 882
569 765
718 646
950 584
108 220
465 950
138 913
596 133
474 77
655 999
209 415
179 328
333 680
887 45
341 122
404 146
298 904
698 545
109 535
996 176
613 841
422 10
64 798
468 385
672 719
556 541
155 422
283 886
766 857
621 717
279 995
381 587
273 670
423 977
768 768
905 933
128 60
669 859
916 21
254 158
280 828
327 494
682 307
882 271
703 437
924 952
896 534
429 153
881 949
717 907
205 114
692 449
550 145
40 914
751 253
982 963
610 183
169 195
891 80
906 296
506 797
973 326
579 303
247 505
487 516
204 744
783 955
953 214
42 33
671 943
160 207
871 200
578 32
842 852
877 378
442 492
272 58
817 274
499 59
174 617
403 182
77 918
481 227
492 814
849 735
435 807
68 313
557 70
952 594
769 551
900 676
320 331
942 221
192 720
229 627
34 493
438 568
486 580
390 640
73 652
193 139
23 596
560 712
477 671
834 439
765 179
112 431
679 497
97 62
366 232
251 50
228 704
649 491
880 897
98 469
505 777
315 780
685 748
688 954
470 202
162 184
553 166
572 749
176 248
421 984
307 402
331 435
664 228
463 17
790 483
801 420
576 774
623 639
998 986
720 961
643 793
837 110
869 560
949 788
743 134
974 391
991 113
38 538
278 143
759 290
371 773
217 578
178 225
143 309
364 198
120 645
175 588
502 937
513 306
774 292
972 630
362 821
984 103
118 803
469 152
293 853
425 430
681 635
587 597
525 167
548 488
734 975
45 796
638 258
60 919
957 767
