83811 39889
14593 41117
3279 45110
36049 1036
32099 36672
29257 69179
18290 80007
13435 19250
71483 52945
11396 58483
77398 26888
55303 71359
4166 81837
3906 81028
12281 57953
28658 45253
30496 53020
66238 25860
78908 39523
3479 11047
73564 4846
26063 70443
71427 43843
54988 51118
28894 16516
58879 68220
77237 70883
36464 37215
852 28015
20927 12167
55393 67066
44598 72324
36422 40928
20380 68333
28222 44658
44119 83321
13397 20976
12157 3070
49798 3656
12677 70771
47053 77661
45083 33908
79132 31633
34672 39839
5696 55411
60218 66228
70285 14476
16362 7858
49616 48888
10329 34047
72358 82181
38428 66519
82398 46462
81071 16229
47401 6257
75675 16352
25204 58817
9117 39055
6007 75031
29872 684
37931 59395
10459 44431
30513 30946
13239 76231
49824 74134
36435 82280
59430 69900
83321 78060
47820 30650
21320 45920
48521 39217
46567 37295
27461 75074
34994 18347
9359 49502
79841 68114
83228 32458
22432 13793
70011 42972
32088 67693
21418 76333
60590 25239
49736 47353
35383 59548
83887 12844
73001 19210
28786 55797
42505 54009
7332 10741
30022 12092
4208 8152
41348 55691
52582 17048
35094 62424
8676 28153
27654 58480
74342 10234
41246 48405
27870 68978
65436 52790
51857 77102
60143 73266
18727 68020
34719 51745
18302 34563
32326 76586
73580 65383
70645 83423
34439 55499
76623 57683
56156 64166
76485 54647
52351 21345
47448 18920
28747 66295
18132 16663
66785 63540
64687 59994
11916 16959
6176 67265
14372 69356
20034 15475
82241 27872
20970 59695
55334 62044
78173 4274
8327 20558
50433 73273
50020 48410
78105 15567
61349 78853
69353 53559
32954 14462
72513 15843
1505 48443
15015 74943
70382 37958
34974 5280
44588 68522
14622 20094
38470 15433
56986 48689
20731 39968
59471 49082
426 39749
34523 38533
65613 63692
23417 3668
66543 18727
13948 18631
81960 77284
39118 55281
83749 6377
66541 39999
79819 37157
26072 28257
20033 23997
49010 64068
21175 274
70698 16034
69515 71767
75 45699
78505 8856
42488 5857
64043 54733
2553 63069
14663 75113
47577 40594
40307 74156
31386 59294
7593 44280
31572 49455
74365 62290
10323 79392
11227 17408
63700 18157
9072 66161
69823 60416
16484 58974
16829 58862
62297 19528
72064 42627
21644 11707
34742 81890
69164 81736
79508 53691
55462 50756
27761 30517
70687 51826
26366 44434
40858 70910
52297 6006
48945 58078
57423 36357
67840 11604
59178 21708
15861 3252
32494 74973
29452 82590
8393 40482
44314 73538
2758 16225
77111 73316
72604 11162
30162 25222
77129 81095
28865 71020
943 75610
9306 6931
82720 74744
7717 68388
30008 24825
8835 62369
4118 65882
43310 2447
9288 15766
67392 69712
31196 23560
36501 2487
63625 36040
28081 26976
70679 32151
17343 75964
74848 58227
75526 11095
61954 69933
31851 79542
61994 42000
53355 52665
24958 77188
12364 5897
12705 64419
56499 3050
46439 44559
55520 57281
53884 23660
61214 54387
7101 3154
12900 69194
7945 41600
52773 50071
44474 33709
14323 11931
32592 15027
25113 13020
24932 71013
70293 22041
58801 37402
18374 18879
55297 23943
24051 33497
36510 11748
60638 20215
32743 40213
9881 53383
58083 22177
72133 7722
12834 80541
6631 42637
70856 23785
1935 3562
12225 7668
30983 39063
21799 51111
53270 12943
63654 41949
63093 18673
28017 54110
52566 42496
7686 33808
21580 49220
49673 15856
283 6800
51174 26550
34761 31408
59639 78251
37389 76813
55445 30998
72846 64616
63789 66667
20290 66116
24891 50470
38891 15084
28535 35297
7666 7948
75915 41725
71067 60926
7990 72499
41105 53357
7493 8580
6573 63462
76570 3789
62494 53412
65910 83040
69616 30637
20636 2441
7456 35280
66563 72624
10501 76831
24357 13306
8982 32286
77993 72707
8908 16459
30829 39927
52924 74482
15714 53314
74669 58456
32272 10999
75881 83336
77925 65593
5210 26668
81184 18661
10746 48930
54949 70837
76504 22045
74086 32134
68523 70456
41468 55543
34180 72765
26773 59211
41181 5478
31286 132
34815 60903
51877 81361
17155 37913
39322 21940
59930 72
41442 7888
9509 63202
1221 35823
60069 78364
81417 32885
73793 49828
13105 46062
9603 82865
70469 27887
27939 76698
66308 66890
17362 36873
45746 5962
9017 21158
32019 70005
48435 73805
37354 9167
20677 39406
57434 11760
71201 51814
39652 16119
80174 18305
69330 72939
1026 36630
72693 56619
39241 27637
13578 80013
17602 66168
34665 41721
15130 44910
14030 83253
20375 34258
35698 59339
36931 35785
79277 32235
27608 42158
44943 44779
26686 27607
83131 60267
34601 78580
66245 43052
64033 2081
32915 17528
6659 269
12098 79795
83137 62460
55519 561
36266 1256
5779 22746
465 54155
43720 72849
17147 64092
83508 51484
34336 70534
21179 10637
57913 10162
72310 70602
56058 4057
73520 58351
1268 16177
14664 46268
9863 49333
19537 78816
71512 46920
4723 50693
48394 23225
76351 1106
72421 16354
19411 60647
56334 48560
16705 25296
5483 58272
40405 1228
47796 29036
5230 2593
46899 36849
27536 46901
32707 25102
13474 11793
46358 80406
73386 81952
53265 39739
81352 28987
20258 30705
31030 64725
21300 47580
23207 4823
54041 36800
3249 64598
23510 79434
43541 27406
53965 936
32528 25702
34971 83682
20867 51916
14169 14542
50141 36353
5076 74594
61695 65579
29155 64752
26159 22345
60333 25398
45831 74149
40002 79033
29832 74075
29220 23007
3102 8567
25314 77092
52228 16810
43026 8527
36518 16703
9100 34030
36586 74699
46026 29880
66769 68562
52387 35957
70283 25147
43405 3031
3618 69854
15119 80539
34238 33151
23406 73416
76100 59498
34796 257
5015 55983
14209 6798
78194 42337
56960 56695
45310 53331
41115 35919
57200 15954
79458 67934
67034 61157
15158 64956
50489 47379
75575 67798
24915 5698
33387 29432
5818 6156
57155 36430
222 55059
68147 69785
70576 58834
25826 41451
47740 677
56532 51362
9172 25508
43280 43871
81679 10723
41146 74950
16335 3326
39364 29574
66470 55551
40539 9758
53529 32766
42754 25806
52744 21559
38753 43153
72668 40738
16684 8238
25145 82051
55109 81959
49696 12679
22811 3654
80677 62911
74594 56617
39447 3149
53226 77665
71820 82091
54 43818
39830 32822
37607 32395
27550 14135
56347 62073
76020 31243
79517 44670
42238 7135
60947 43725
57906 68115
57955 31031
28011 9557
67001 78639
62022 81208
22242 57479
11115 12540
37197 81966
67562 58518
82961 75883
81168 16362
43934 11212
12241 7955
30785 4371
40688 49466
29445 41063
26101 8524
19314 16717
3202 8127
6058 57924
32093 7182
62278 39515
80121 80051
9546 82076
59693 56603
54322 8624
82545 13347
75455 7313
25486 73304
50329 6843
64800 38656
52384 49999
31980 52650
19343 12561
727 80912
13971 53885
55725 30555
28684 78588
23054 81790
67890 1391
60890 59430
6583 50322
73061 60845
32663 56113
15907 81293
59830 81164
17478 13275
60902 44515
69617 3405
73260 59517
78048 67793
41589 43018
58009 77046
80302 25229
66163 14157
55934 13460
71811 1611
58447 78011
20862 8854
62217 77711
58992 25378
33973 75133
32407 16513
83580 83541
36348 66703
68328 33592
63518 46582
82150 55183
31359 63098
35993 81377
57655 58278
10156 24370
37451 31871
30736 18046
35615 5777
44021 7929
41905 16736
70799 40851
10562 76615
18137 57128
19770 67257
30312 46891
50206 40789
20029 76503
28044 70929
8419 19088
54378 19322
53425 61542
43370 40459
71122 79080
61070 44945
54497 38151
8162 48344
27111 1060
55070 67854
51050 76866
76557 18954
2561 7513
75457 31115
49858 66468
62519 73329
773 7158
46106 55321
39140 45065
51117 25613
54922 26264
70546 83959
71583 26380
79070 8966
28907 44768
63994 24820
28761 62355
35775 61264
57126 78613
63655 43404
3805 75814
50969 74200
44058 43996
52995 80754
21633 39274
61262 54880
16729 43073
81561 21271
70009 13743
3535 59547
51646 5531
77581 65003
73976 28758
3553 485
11004 83725
56180 29233
17787 30183
60516 61150
23820 81779
6591 27937
34100 31329
49690 63013
42907 43453
27743 49272
59599 26912
42841 52470
44237 24150
49693 882
36472 47556
55256 1297
33066 9665
10736 46909
61645 3935
2541 72705
70703 15099
6827 18665
45871 38087
29390 57726
8994 25481
5277 82751
4068 76768
32412 47175
26131 5755
2672 3891
81440 26100
19974 25930
31267 37238
16545 22826
62071 28698
14994 34341
73921 22844
28570 44541
60953 72681
33587 32240
48352 23402
21993 25689
79416 2818
79594 23079
15013 34314
21466 13264
40769 2752
75850 17989
3366 49667
40889 14545
75471 44353
49193 27557
51991 39987
25996 59796
9962 31477
77608 48450
82214 48805
31831 22461
13357 69066
39530 81685
78698 56849
15867 8570
74178 15532
5384 18932
45509 17144
69828 24857
56149 25125
48572 69804
9039 49571
66318 49055
44726 41675
1659 78585
55058 56301
64252 83381
13834 32054
56823 6055
47473 80745
83308 76982
60259 24786
20053 70185
57081 38560
23087 19473
68387 42950
35401 32398
80729 6981
70540 82505
63373 36710
60932 16576
57092 66620
77657 76557
35180 64093
42246 27426
32178 10671
11360 61692
36560 80595
59088 8504
31964 21946
60911 66666
74692 50872
79998 66737
49675 49056
44093 65351
3762 68013
64790 60853
42601 23462
23835 42183
63905 49006
27803 68876
46508 63347
33863 64854
44609 62097
36656 35172
78140 76178
36212 52553
72849 83638
1331 76544
67716 4798
25043 27159
11222 28774
31636 26608
53272 59256
64039 30722
72769 51892
31500 28652
62403 40108
64333 55709
58744 49426
2261 74891
12197 20606
38567 49035
29046 33362
53006 72162
31891 11110
40136 17607
76226 11014
48369 38673
62032 58263
72545 68003
69589 46082
45057 30170
55772 76542
72141 5393
43358 60982
46113 67144
59474 81413
35510 44090
40190 55851
32952 59134
30218 61283
15815 56690
25243 53603
41360 48171
15671 65214
70237 41553
24268 35786
25106 50119
28362 3240
63465 23537
36242 57893
77279 30644
68766 34816
78223 9947
37094 47068
13177 10803
25444 38604
38830 65768
29817 67213
47302 71651
23520 10245
39619 36232
1855 29851
16592 12899
35955 15544
5966 9352
7147 47217
72530 5018
38291 71569
16552 26255
83607 43747
64341 25775
13447 43155
1608 32772
75244 39678
37269 35975
61525 24988
62747 79172
57734 18071
44658 71189
24165 34228
6735 1119
33093 39253
62617 36943
14954 45434
8565 52929
52522 53184
64455 76016
9711 1559
75632 61867
82503 67194
7027 19567
19888 52102
19556 29830
73773 29744
39825 27509
11165 62186
32531 30635
15526 67611
73148 76940
54549 72433
79472 61439
78136 60477
81058 44651
29582 11256
68495 41036
49857 24622
59050 56203
58029 54748
38975 27471
77140 57499
56208 58979
40027 73197
74532 3946
81400 49113
7895 18213
79906 75696
13007 16823
27236 40052
81988 1269
27660 65510
34688 46487
10642 44542
20586 29556
31440 54939
22783 55800
72351 52871
9839 70465
20518 39275
351 42740
53546 76934
59049 3047
77833 74394
61593 4222
38176 18237
4279 20145
30341 43287
37763 74474
37057 82555
59511 79037
9330 79671
30596 75220
34676 51235
81928 49981
77305 26766
25929 51202
55724 8351
15044 70057
71377 50651
29467 24686
19529 62231
34817 14240
18644 43102
9360 74648
7817 59184
21748 83756
40320 39931
77994 12222
74608 22469
37829 13673
57561 72471
16300 23284
61434 4203
39858 79085
52758 64044
35684 3518
65598 24471
70777 26084
64723 9109
57378 50580
10544 37201
78386 26987
5225 30545
56627 38156
42248 68734
79130 9173
32817 59594
3391 7531
11971 48320
30006 67965
75393 1448
76956 22522
2720 42831
35326 53853
75530 51263
5274 20583
22963 14516
61670 16927
68022 70314
57964 54843
36459 62686
23789 9013
76721 50987
57133 27064
83203 17031
64452 26959
11960 40601
61606 56650
45608 20812
53524 79130
43688 75379
42082 40674
13711 77004
21080 26605
43229 65861
53956 60157
64943 36103
37778 26438
52489 976
72103 18703
4810 58423
59615 8385
11543 52329
41225 79279
33083 32354
42373 68926
15195 43109
52977 74610
67450 64351
151 60320
71119 75515
60553 5123
54166 11942
7105 37738
24587 59810
67953 45454
47420 38988
81610 51261
65339 80351
81974 22955
57940 54402
6765 32655
26681 23538
35004 80968
71988 56634
17173 60009
37753 50419
57425 24045
63533 74530
15916 12522
3784 51584
82579 5724
79807 31418
31366 20701
20759 35885
40731 82325
72200 70483
1793 38259
72385 8749
53477 28477
12218 64683
14872 53908
60483 72460
15397 15890
20182 48331
65324 10032
38255 13792
66699 66113
35839 42732
54460 53753
63243 59106
61895 21606
31947 33131
59872 27181
72256 66331
18959 5851
50278 60578
24984 3502
78562 9594
66617 83738
17893 60543
9151 49959
36209 45044
54388 52343
44549 51993
66551 4952
35019 1408
337 32848
37073 15032
39133 17889
76932 42876
76012 60850
64179 63539
19477 60471
58530 8944
70593 10820
63484 71884
45237 31758
43574 57374
72341 18384
71229 61708
49442 36588
59683 21151
42177 22360
24728 2368
31301 79560
74947 13175
50197 23231
30614 38555
53842 16273
5721 70079
41705 51230
49969 22080
50605 10170
19937 1470
64924 35816
4853 20120
16548 57758
65837 46936
77357 23323
43516 28400
13155 4515
57712 69770
13070 28334
68938 57942
59891 6260
2012 83204
18895 68535
53737 13474
20233 51200
9808 40413
61538 58195
34738 6871
44376 78408
81692 612
52099 6379
10528 26443
43066 32729
69943 49106
49809 31266
41506 26213
82156 11979
63957 2103
70913 55271
4706 3663
80932 1909
8969 44187
30772 25186
82728 8281
37668 28911
29818 12662
11847 22005
56882 21896
12904 5769
83067 54485
13174 67175
58154 14115
21806 42880
39252 42295
3795 73670
6029 82155
42517 24845
7356 81878
38453 27148
46985 71003
49132 51782
56451 56084
19081 15835
32008 30463
69622 28021
54009 13879
23601 46738
22281 42385
22947 22757
10351 1966
79888 52710
81227 1571
31567 51012
65231 27888
76436 60133
18759 28849
30434 8653
60444 36498
83612 81778
33290 48363
60237 5760
33467 8826
1232 28648
60982 53884
37701 78495
71644 65481
20707 13345
9682 70279
57899 74607
45294 22474
77015 33023
39211 12419
83747 78626
55616 42514
32781 82690
59879 50931
39600 17424
26112 43523
50423 22981
63336 83278
13980 41677
31092 63194
49987 8850
74964 43923
47050 2314
75342 79762
38781 76682
38697 58840
2876 66982
51880 83964
35977 30465
1062 65985
6429 77001
79483 1743
65108 30489
37513 2781
30163 80787
79570 16261
46180 30985
28706 56165
83443 31923
24921 81234
81382 10406
32851 7855
17928 18030
82346 49090
12736 65370
82243 38878
5168 26479
40493 19880
57780 49251
4374 26790
75966 4969
47824 31204
17225 78391
11814 58161
38681 43083
42824 17599
54461 36455
23022 41621
26319 5192
17323 68272
70702 54381
47954 37809
69580 3106
65772 30017
35721 43421
21568 44923
33682 31753
63157 26977
38685 70689
44397 7088
15096 32551
61386 29157
9870 79701
18450 50003
29572 68351
52090 24058
73049 57982
47943 82547
11837 793
51718 8470
1825 64441
34664 9174
70330 25227
16200 6830
59610 83148
48312 18551
34363 26768
76620 16458
49942 12028
83696 22765
48690 77678
14202 71939
30648 26788
61798 30974
3281 66510
81206 10246
73585 55869
42993 61221
79965 40825
29016 21517
8286 25892
83284 32103
60853 55577
39609 23126
53517 79411
15293 32633
18321 39729
5944 75553
4878 58756
39894 83310
64570 26399
15221 35634
12740 10488
30776 47132
70458 52199
17782 49509
50941 21990
59460 61698
48630 57853
70805 55404
54936 66230
76984 79875
20254 56811
54380 20432
12979 63177
64140 2597
80695 49994
53493 56020
36667 10910
4289 39352
48567 78012
28478 70412
58116 20028
58288 72464
30948 23030
47538 33724
13023 49867
48148 60772
71365 40089
47013 59455
7937 37123
52185 49172
36161 73682
24879 79433
16012 63026
59601 9430
12016 43678
27802 17912
83820 61507
78270 25653
2800 20281
6630 24855
43714 548
31926 1683
16506 65628
74001 64416
26897 53026
8993 54503
72642 51728
27153 48909
76859 50337
28306 64167
30540 40346
43065 77111
19341 9337
78117 53581
372 5090
36343 16316
18965 50440
17039 74136
70808 21282
32854 25458
22872 57187
14409 33458
3380 45689
17276 66796
1948 64045
46956 83229
31187 48259
77183 7564
42438 50507
2069 55580
22839 32348
34783 31766
6869 62617
16615 4523
55177 47372
68956 82701
14897 3704
8331 19384
62423 34254
58757 79356
47454 59700
67272 19316
77813 33331
14294 32430
59246 78925
66040 75805
29039 21159
80624 1618
5684 15301
68348 12099
39536 50378
60037 52123
4083 76830
7973 10532
62782 67966
52641 24750
55873 55437
14151 21735
64261 55951
58139 33145
9633 39613
10590 65621
42220 69888
79731 50173
19443 76819
8610 40368
16541 53951
36047 11649
81831 14323
82979 83386
76725 75054
71875 45141
42623 18706
49926 35262
78302 27463
69542 52163
38653 40384
59470 842
66264 22073
79355 64452
56388 207
13000 12698
14997 9155
72265 54768
28184 68808
56371 54637
59187 37794
29950 56486
54240 22366
44425 23122
59442 49107
52263 24432
54525 17608
12464 25955
40967 63763
55937 23854
40964 65879
33409 14450
49061 59070
20007 74330
62164 27863
8800 24332
11958 26338
11189 7731
12220 23951
56607 25151
12657 33994
48844 53582
17055 57768
72925 82161
7862 81845
76870 14313
73609 83419
73621 21775
43208 10461
16022 38421
53846 11234
46347 49510
55436 16343
6744 36276
78697 8424
40954 44847
46091 3889
13580 76762
75749 30774
66508 62639
27885 63596
20281 13214
63202 1247
29393 8003
14185 34876
45891 948
72911 76343
48177 5487
15059 12694
36513 27666
75249 68464
29644 952
56245 49240
73527 79035
81491 68168
80423 34844
72973 62028
3442 44176
79823 79217
35055 56290
23648 44113
35819 48600
40500 44968
44542 41318
46010 31405
801 47345
23778 52229
18777 49603
74229 80060
52532 7503
9121 46666
18596 43288
82992 13131
4019 405
12027 59890
69532 52666
28198 18202
49309 3366
55029 78894
59461 16109
44682 69551
20632 36631
48504 32577
40847 48291
42518 59234
74396 81049
78149 62286
11136 67491
6896 54150
20393 24634
20633 411
80982 83634
6523 42230
10694 2180
35666 83071
58080 47213
55577 5998
63657 42668
79571 58237
54288 30613
35805 79530
28256 63510
67155 52451
14919 80294
45243 10666
56350 45657
14535 56088
37126 62407
77744 13167
63784 50445
69067 38518
40426 79584
5953 25570
28904 18765
51808 68165
78555 74960
7181 66144
1008 4161
26795 16760
39508 65265
27687 11416
17988 39499
33492 71926
37939 61185
43008 22028
15727 58496
1014 15163
65194 63199
56447 70867
23029 31576
16933 31898
49835 27741
69807 22339
65571 11723
73234 13825
46422 57003
9448 3831
52045 21003
5545 42796
57177 50265
2457 36748
60261 28886
10206 33768
41034 62430
75466 16135
56268 17794
75157 70064
53009 83041
83905 64483
54748 11855
37948 43621
15097 29335
53089 75494
2734 78733
42569 8477
22528 44988
81019 49416
60306 50024
47429 73650
11552 57274
57241 30588
13876 29302
31892 33960
57105 15164
77185 38139
52488 11493
68677 14600
10309 11684
51874 44596
40669 77621
44501 24663
29042 15219
43656 75084
22038 48201
10012 16701
66911 41075
82999 49833
14946 75618
69548 221
66841 8112
25416 77341
45794 70203
46020 24886
19359 50876
30969 55536
13475 41897
19195 47845
33551 16556
25857 68125
22741 78856
78958 77435
20037 29117
9877 13971
23219 51815
82307 1205
64765 70556
60812 60373
73890 41410
75953 18967
58839 38906
73990 28693
83270 65515
81858 59741
42364 19324
82211 78836
41437 37145
19787 19120
57641 4502
8951 78497
61463 41962
57962 40488
82757 65848
39692 16183
36003 35842
77519 75232
7363 62690
46130 82717
66498 28273
9725 64884
40686 38207
60522 49376
59234 7709
4930 43666
7457 20015
48332 27606
37628 29501
10058 6890
11836 23465
80611 63899
77868 51356
66463 39204
50395 20866
60649 2827
76065 71820
72656 51418
5377 44226
58948 55370
74929 62053
24673 45654
42144 51297
79300 51258
62342 9415
65716 69186
19774 37099
8110 37011
59051 25572
13567 71829
45016 51613
11054 12756
66133 17158
22618 42392
5131 76073
32473 7095
57596 39856
68691 59970
68518 21456
79929 75650
20808 18031
47697 57919
48871 63235
37080 38153
50780 18983
53579 27495
44351 28592
78367 25645
6864 1198
82692 47478
43864 75456
8640 13363
43214 19347
12388 49356
73134 22050
50668 7384
37244 12590
33030 46608
78998 62112
19710 23545
43695 6878
10683 15381
76381 67560
18538 44367
45852 77778
40663 56862
51375 19474
16902 82179
11105 52953
40578 32113
49373 4456
43055 15572
16751 31570
68996 51990
12250 64046
55497 39675
66649 78140
47426 22609
2390 49201
47527 11746
40484 60775
23628 50083
28075 36074
44792 82882
63737 58343
25167 48146
29694 1521
18031 15729
20309 15287
10115 10832
38771 15998
13257 64123
66544 66814
70749 29483
69014 3019
4948 76920
44141 75102
81007 75056
17177 62849
78283 35878
49378 12394
20219 77710
21267 23737
23704 50327
81886 63464
21698 56841
57367 39108
5727 74898
53853 16415
47750 13034
31134 42629
58223 8323
80032 70453
37347 24234
58842 53128
30672 2589
69994 51616
31349 72884
40563 70310
61475 69480
25431 64037
48214 8380
74767 68014
57750 76641
60514 70646
36933 16265
50053 27193
65917 15379
69136 23681
54875 78526
21242 23585
26175 698
79255 72709
18141 58620
32769 41196
6840 16128
62992 5131
48656 16885
72685 75378
67622 27031
16342 21131
37364 11511
10994 73728
21013 33655
35756 4589
58894 11091
67287 16347
57341 66342
12022 39136
29103 47653
59131 71360
45821 22493
3496 55451
54382 12
6981 39401
51965 6052
65800 68085
49016 38457
30904 70006
50616 58317
10697 18332
49141 75638
29431 64284
3695 41018
41771 68507
12988 46153
43948 79453
19143 70545
18036 66925
5021 27505
37602 12978
61926 5864
18192 31078
61488 4815
58800 24652
80655 18569
689 39284
10385 28209
2491 17591
33545 72362
28267 28317
19598 77567
71933 47064
79808 36359
69177 16842
55477 81568
14574 55315
31148 9747
39473 72070
15971 33420
6259 34168
31253 50041
55028 21407
81634 52437
59915 59778
8233 10913
14531 33316
65514 55751
78216 18776
70262 70243
2155 26708
82832 9249
67552 82519
75373 35311
31712 82985
18819 25249
38178 48778
56262 73878
206 67034
80585 79292
46245 21502
31532 55010
74799 20119
54601 41466
24552 56837
68615 49669
47266 3397
8871 79117
68952 32441
71314 35406
66497 16335
66536 69661
72634 14417
2666 71876
51178 53318
61622 8646
5707 43170
83319 83910
50710 11663
48930 43715
33247 19180
2129 29592
46806 35868
8856 1293
45194 12839
31605 49435
82347 29128
13588 49629
76272 13763
43584 16188
17487 23034
5812 69007
46177 40181
71568 77179
44375 64176
22950 12523
60900 69332
62723 45732
82803 74994
23892 36962
17676 72292
8271 35528
59989 79622
4848 12985
38463 6287
26423 22381
5742 41681
26145 51061
5493 23682
41366 45243
40643 69689
67553 72309
52197 77938
71177 52777
62050 62504
33203 77636
4800 16722
25049 33956
37502 1245
46790 67315
6266 20381
43507 16564
35812 18701
16316 49651
48238 74392
57273 35045
52432 6930
57638 83781
50679 48517
44439 32652
24487 79784
65039 54821
65212 60004
48149 24000
68063 57536
34960 46400
10829 61429
55641 65829
10346 37595
56441 36153
78965 56069
23653 68236
71497 29985
38505 40002
42102 83314
13448 11396
10495 40064
42982 53283
38751 40992
40174 11815
58448 83189
78987 10417
55852 10053
21843 31463
58184 12273
46078 21642
58607 75408
5552 7526
46211 11087
80590 37468
57009 72635
35987 64599
83817 1402
7519 55573
9836 66675
83561 17882
53243 62870
47620 65249
67252 67504
4082 69784
18715 16344
79636 53146
57433 1822
4562 80778
16546 24928
8813 956
30933 55703
48016 70036
47468 45228
50182 32012
74350 69221
4245 79849
79311 5552
20112 79610
58973 58806
48624 22090
48761 68619
58189 22914
10078 9847
75226 48111
18048 17475
69398 67330
48097 46307
52172 6673
41208 55408
36529 64948
32718 49689
14870 22346
3397 48928
24386 14842
65411 44297
67862 32738
50724 70664
73620 15449
15436 38020
34312 39214
34117 63325
58494 38476
28125 34702
80200 27927
37432 293
64383 82730
26238 74560
16075 51593
17791 28504
9707 39954
59251 67572
22631 4644
58342 60694
11507 80970
41890 63999
45538 7537
8512 46629
72090 773
71064 80679
38059 60340
39316 43064
20645 39106
83585 46386
22819 14047
47382 676
66684 45839
29392 24401
15908 52700
26343 46470
18203 1162
64753 13283
3446 56467
47304 64494
72617 25893
75010 11108
48354 69350
61264 67413
72306 20148
17010 53834
80210 16233
11301 63887
8618 906
40540 20399
52188 32786
62740 29635
68904 61696
53844 51821
53666 49062
75354 39228
9667 47776
16427 56144
41554 23879
9721 70311
58980 35322
61058 14247
67812 57485
45157 57588
16822 21212
72261 18334
83860 46366
77043 56881
23851 762
16913 47086
56705 26014
65912 14506
7264 24847
16275 37343
67909 5277
20057 17522
39863 51714
21582 55189
21230 43413
42292 4143
29553 21013
45354 26083
68013 62823
37231 34839
10337 15571
32848 55194
25730 64104
83239 72106
35973 16704
16407 42584
81923 52413
80535 65780
69925 50968
12246 17226
65874 14383
22104 14140
77570 2773
76107 16532
20211 20388
22440 45105
81852 65537
79317 1789
44253 31000
73875 6821
5400 44846
3719 56318
10647 78262
5959 1053
75599 56929
34689 62940
27632 37941
74992 36992
54603 10829
81017 56224
83754 32473
3970 80952
65279 19988
82204 67010
71510 24493
37968 32699
39597 36850
63301 15076
32097 34542
53228 32422
38986 56251
59447 26007
9565 62115
7853 13509
20720 65842
57620 80099
54477 23749
63472 24730
60876 77490
26742 82433
44590 83163
18831 19494
40971 30066
41854 15790
45269 17341
52261 52597
17140 5029
48568 35896
67500 25190
73617 19164
13918 55877
41828 2315
31686 80802
61142 26168
16060 11920
35059 6679
58930 49854
32496 53386
18466 68810
12690 40167
6633 83010
38039 30334
50352 29069
80659 44064
54806 55847
32542 62810
20933 8042
42918 66829
75719 55978
40989 6771
24882 39884
20886 14426
65309 35291
67467 47655
61187 36774
65374 46010
40442 54798
65192 32371
3038 41923
11803 6234
51544 23823
66250 5360
59931 71
31553 6833
28200 27785
76461 37398
46255 61874
6378 36722
6625 79499
36878 13208
64867 56480
78318 24228
61681 33065
37454 64394
70346 47656
1072 43816
14090 39893
56483 14619
17556 12700
47944 1791
52856 72322
47965 17080
5931 47261
52506 47368
6706 77190
74748 69320
73639 79262
25514 48706
47517 31229
37828 36169
9638 27530
50640 76589
66094 50339
59029 11434
72071 13942
36664 17103
81690 82518
80091 78884
15573 15776
16865 5380
12673 76882
51630 24961
48916 25288
44445 58428
73117 12929
47921 9815
18910 71642
26091 81135
78967 39516
66732 62155
52611 26477
65547 69935
5939 20143
5101 5743
17962 16756
43653 25128
62095 54816
68070 72155
59899 33100
19522 73446
79464 45527
67569 47974
18322 58784
42988 82558
80357 15392
41751 57164
51506 8875
80806 63285
39222 54920
77821 68651
44090 66044
66495 2868
66810 21881
69775 78533
64206 35934
73784 16900
39295 37966
62246 5957
2181 74210
48282 7969
43417 24929
14367 52101
54597 64885
76508 69792
40328 67304
82479 9829
3493 21695
78239 57377
62206 66753
34804 50352
75822 51151
75712 52541
29825 79590
6732 35586
76484 27123
62974 24126
22350 472
68713 20972
82448 28549
81231 77610
49833 67214
19370 59696
31746 66037
4139 68823
75048 33926
14405 39769
25007 28880
2483 38845
57808 35195
41117 72372
54891 15612
19849 22428
54128 29351
26725 5979
53789 69936
65775 31224
80148 38253
61815 5124
8164 83836
18099 19417
67985 36407
27177 17429
73517 35447
42605 6753
62702 32638
68876 27522
49392 70071
41125 15229
22700 184
60250 45543
69879 82928
44870 79320
71602 48381
46438 42541
34651 10912
79964 71995
63463 34609
25201 17513
32312 53523
36570 80149
73150 38653
39125 42551
29474 7506
39009 82046
37881 1365
27169 46594
64095 28742
41556 36660
62889 23166
45719 33553
73465 2050
35843 70437
37722 76450
15975 13952
75167 50068
71198 33731
49768 82082
51713 83140
45238 79213
19199 72205
38071 27022
5514 57959
10359 28920
45399 42502
57984 35232
33613 26729
62794 76240
28048 82550
26486 51835
35538 20401
73665 58466
35602 30373
17993 56873
14317 48319
80699 19443
76918 62785
31364 12281
31780 65007
6654 23792
69605 60214
29580 24252
83617 23084
30519 24755
6881 74667
13134 64294
54173 23647
43293 36969
61919 2759
13179 40654
18019 21355
680 23296
72136 51669
20702 79669
53335 9104
62351 18812
62581 9444
26144 55889
37650 32146
42097 59641
37410 52758
7755 13138
11726 69046
75253 17996
30438 1546
70144 79075
4889 13072
54774 49529
23041 50331
4764 2716
52035 14423
64931 1777
24421 5734
37942 17325
4911 10958
1215 35083
39111 18696
74444 82233
79008 78596
14065 1770
43915 1232
37299 13939
59553 71090
71212 44354
68724 11137
64739 26519
17590 18250
66089 62971
61345 73775
35762 58239
25273 21384
14765 40290
43344 43484
21299 62772
60151 20253
33721 31957
24406 7324
1847 71242
44186 35057
38670 82246
74421 71253
25319 16132
23003 2780
80080 5837
83720 13477
53149 71388
56060 38895
67539 13444
42983 67049
11369 54433
52539 18591
12503 159
24220 29402
18431 3146
42416 29711
32513 55986
896 50513
34182 19317
50276 46310
30871 37598
58555 29608
34996 50430
43205 14734
39577 64464
76345 22225
75089 14436
1499 29429
34283 13335
47128 36938
30973 46834
8143 10000
15496 80701
61001 43742
40214 15513
20935 47251
53139 11116
65867 5682
40761 79234
15390 19806
83718 23340
38672 56182
48175 69532
80561 43889
28948 78593
28722 23772
17508 55738
62677 19690
20079 39527
59635 81889
79396 37619
48972 45664
54506 13622
71990 35533
61713 65438
70454 34787
28628 10010
32436 286
78095 19483
10731 19214
68880 41977
58557 19370
69229 51197
10238 58550
73947 62710
14708 8823
8095 14833
71782 75740
66256 56028
26498 36501
75066 18962
70342 11856
19642 42344
21567 23839
68203 50466
15236 46218
26923 41854
76435 64777
64072 55553
11920 63084
66896 54257
58391 78872
7293 83441
59433 43708
17295 18117
67273 32232
54451 50225
59874 54875
73913 72003
7568 65157
73243 70615
60605 69963
40393 64567
2854 69793
51898 70283
33353 30162
396 50414
28561 10960
75801 76149
9573 55292
5937 69068
55535 75744
45159 28749
8358 11437
70932 30828
7898 47410
9047 376
61876 26645
4160 2249
37630 47501
53592 73188
23591 62119
17751 17511
55098 14439
49082 7809
50133 45790
58791 47299
49480 18265
49237 38627
10519 60345
70688 18893
17432 72287
45583 55192
15550 31785
23393 27622
70420 29438
51519 7323
69317 18062
16692 15367
29189 18754
456 49475
2980 3454
39108 55668
60687 48718
71362 7089
55592 13895
69722 76233
49713 9670
30103 62499
32442 77848
60376 20733
45372 3957
20333 19253
36130 47874
24705 18518
14791 10354
4223 32119
54951 10102
80600 1636
2051 74604
31545 54591
27012 19624
8820 23911
13225 61574
77850 18365
4401 69134
58516 39258
78353 61629
6381 53940
32078 44216
5799 58193
52726 1732
57536 37588
30716 14584
70748 20433
7399 7865
18368 4210
66047 79191
37915 22752
30693 65968
75512 21018
41800 1425
75691 51956
78371 55525
42031 59546
31052 33824
39553 74982
18778 65782
68322 40113
28973 29795
54207 55532
39388 20553
36065 35629
72971 12051
77551 68355
22956 49488
82051 16402
55995 27770
72857 52482
64963 81140
6146 7340
45144 51419
49959 24078
68743 73308
41778 79310
54569 10120
53512 61399
19559 62576
39307 41051
49344 53098
24102 49869
70508 21604
62066 7166
31585 48691
29537 55604
39419 25524
18921 35379
60690 14209
7553 13684
73714 10199
54091 47541
54593 79062
73045 43971
69468 3677
17576 31396
50911 36990
31832 21334
33423 70985
26652 13955
43289 8562
10364 27776
58955 78265
48638 1439
12120 40517
70207 24608
24967 72312
6756 26441
35188 83675
49437 4243
79295 31502
79027 35281
5184 11147
9540 74728
24663 74030
77016 5882
73250 73891
28445 63414
62836 5988
27380 6298
43643 41233
39740 12218
2010 40450
27763 1112
24907 46747
15377 37016
62774 52185
31798 65565
79221 25544
26806 41219
51988 51203
31370 46641
72363 16977
42155 12764
37102 43427
49895 53384
61113 66006
69947 13239
47089 65822
34284 19686
47140 3105
67216 76963
65180 50085
61081 62516
12925 76856
41974 4904
26625 38027
48590 21132
41016 19863
54255 60701
5993 10323
73732 82045
29003 12228
19127 30353
2126 28266
34181 18464
72524 21109
76551 65749
75910 67673
54733 79789
38692 68589
19977 44750
25716 58653
43237 17197
30150 44437
49787 38122
74684 47228
32209 81720
65445 5245
72174 50808
44246 31341
33729 27371
64045 80005
64304 79545
60402 9831
22051 19976
46161 74305
22186 82286
18345 65212
71637 12768
64005 1959
24124 18694
71059 40573
7699 71715
68675 11426
4434 65394
9743 12336
6359 59613
837 41120
54054 22246
18022 38746
82668 21165
30335 8935
8909 36716
19796 75565
1199 47623
28669 46317
66288 11696
59771 9324
48917 23487
7924 60391
80981 33810
83589 62032
80809 33558
63335 57940
63945 18409
2062 16249
867 74546
69759 63998
53915 5190
1554 47642
2193 37569
69392 52552
36011 53613
70221 81224
37577 16907
2247 57781
65827 48069
56437 67172
23497 81872
14027 41111
12625 48980
68733 10944
19517 54159
25157 66315
81236 58995
69004 34450
33085 5594
46458 81346
35039 7479
52023 32089
10358 73506
48897 1042
53219 20259
60162 13802
74056 38098
31878 49260
29604 20737
39319 74729
10567 52335
4153 9566
12256 29236
53121 50886
49711 60592
72444 12256
62391 45736
83460 61064
1239 61406
22464 70139
10838 60930
65518 14303
56874 11249
43421 23629
74168 14202
12500 52029
69227 56770
5578 26146
30116 52629
27711 43087
74290 8451
62325 41588
35533 44883
6103 79216
9745 63740
36750 27871
73861 62420
4313 14985
23509 36488
41221 59583
2053 71445
76944 20414
18900 61600
52206 19073
10085 83915
39227 27980
21293 41968
73920 74476
31520 4106
74278 78785
51008 49845
70853 8179
43481 47382
50312 56376
18344 62051
10280 27974
65640 27721
45333 3008
7039 55434
12804 35370
57291 33040
30428 23083
9964 10957
44643 18578
79321 9078
80461 35902
78068 53094
51997 10710
42779 39104
3884 59169
83116 55014
35826 68784
59055 28064
64305 34007
29903 24128
46637 7045
72488 12117
49208 56169
56604 44830
24346 38916
76792 21566
49817 26032
11233 45781
81084 54933
38716 63128
32303 62325
9635 70190
10753 21062
35124 57251
20215 46491
49808 74753
83087 51006
20222 1302
51069 73520
41508 78267
47278 26026
13966 75824
11996 80808
681 18956
40406 42433
58293 41487
47176 1860
35359 19728
13400 60118
17368 19332
11443 65464
24562 41473
56490 14891
58831 53266
73006 34447
72711 68249
67167 482
53484 59056
13539 16479
3443 83139
11747 58895
46389 83745
72643 75810
12199 12773
78241 4783
78387 28656
42524 24597
50494 55074
1618 71577
38254 21772
54239 78767
50830 28330
11102 45625
73340 25056
31817 75608
74968 1884
68303 48531
22228 47684
49904 2123
22217 39577
18199 40235
35248 65810
39470 16351
35181 65423
64635 59769
19128 54271
8293 53791
21917 46102
56974 46166
36171 71103
55195 55817
39290 68573
63470 44018
10083 14861
47334 23045
32991 60139
32322 56150
81925 48906
64986 23187
77832 72451
80829 77974
25631 21320
60013 71142
14022 57132
17759 50013
39933 37360
888 57344
51865 83114
43545 37126
81290 81314
49793 13006
43194 11485
57701 13607
43875 11750
56442 2154
77909 80775
17843 13589
39379 65065
79065 81767
26327 71400
62785 13069
23284 83038
52199 58210
41831 65977
38201 76184
82956 4278
64358 37999
75482 55135
31776 27771
42715 29214
49291 59590
36740 72298
51503 49949
47844 15008
14928 25633
73906 61549
26189 16311
77625 45956
71517 60811
23584 54125
3528 51880
60506 997
27480 29352
57470 66528
38186 37173
9065 35077
53628 34669
18243 40292
83013 54358
39693 31662
31723 545
33120 54337
20204 4283
55461 2036
49413 3441
9695 20104
58861 49075
78373 68022
62815 78637
76316 41612
52535 43921
70041 22337
66403 74998
54828 56364
71257 31698
4819 72842
47125 25253
70374 80776
77834 51553
83648 6761
11139 75741
14336 56244
32537 16892
46532 83398
21803 51173
80305 22770
5807 52838
73823 41698
52379 67801
43464 20768
56421 57332
13887 30274
1383 13052
33914 16559
29099 66094
66936 15516
68000 82765
73138 75620
76090 51382
75398 82224
28972 34109
58430 20848
49037 42259
51267 12224
60695 12225
77148 3361
19759 57334
45216 1513
3220 82431
63278 77764
13704 20061
38723 3647
54523 81016
11254 71261
15214 10325
18570 74947
45657 50123
40881 3315
44967 17112
59682 59469
27115 83161
68304 82773
63299 46940
45653 24453
62412 31421
12796 29066
57432 38919
59304 25406
41801 70179
8805 49560
39357 34142
5857 6783
15085 36041
2961 10875
44968 18845
14335 82240
21543 3034
31971 75938
67633 13556
22866 14541
72340 60179
20990 78106
43384 16081
73381 14035
55886 37023
60563 23676
30390 12161
53091 10143
82544 64782
24177 47370
24431 27260
83949 51223
56641 13196
51850 64362
3827 2878
80493 54231
25864 9644
58927 63769
77622 82010
56303 10003
50966 27564
584 55039
28154 49186
26973 41103
36484 59098
8201 21117
13337 23568
70372 39159
24506 1330
47946 23420
42728 74357
25831 82735
59973 79516
14937 4123
34388 15363
64158 44933
69169 63428
83770 80479
41079 78643
78247 71629
50940 658
80126 20761
51452 68387
76940 33358
14973 15938
45604 25277
46136 79445
80919 3874
22614 70249
38987 3020
80542 67895
77355 67076
11109 19969
17557 28352
41050 47827
15449 15046
31271 28438
15329 3867
23993 42932
18529 18162
66955 28805
50917 10938
54820 16592
78175 35074
18071 35871
75341 63121
50294 26115
55449 12055
24348 45686
83297 72286
70436 38578
22707 61217
72734 64986
21872 57156
37859 67195
18389 52422
24524 25305
41233 32781
59114 22671
81188 25937
47060 36843
1257 51489
63519 13487
17896 76500
25576 77016
50325 40841
73608 21713
66249 26979
64877 63942
53627 56816
54478 58479
58177 55541
64055 78163
21923 35609
10836 41780
74108 81647
4045 14098
28906 79600
38285 50207
4286 56271
36026 26178
29471 74337
70466 46258
37837 49016
22048 82930
59943 58905
74141 21922
64922 4425
72054 67025
66953 33170
14839 76923
75067 53715
14970 38467
35113 79153
71187 69534
48086 46171
71047 52207
5454 3925
57851 15028
71612 23581
28645 56281
55726 24369
13424 32155
32445 9522
39022 28205
4225 48715
34448 48755
45689 19011
11402 41216
57550 16031
15387 1263
31057 41759
27510 1429
77061 43106
45958 28020
79989 60998
82939 74380
56121 42148
21756 30494
80761 73616
18250 8682
27083 50541
27125 37174
7781 78880
74721 27811
45983 69110
69768 13490
36843 73526
78232 36445
70618 79680
22070 9808
42422 75229
38357 55280
37924 57044
75070 41653
35042 41959
67426 25972
12482 25838
17772 6510
53949 64741
7771 65360
36350 6134
16632 35969
17393 55213
32726 15632
19169 16266
42218 59348
32448 22432
51473 78831
64155 42845
18635 77486
75685 50182
82891 30989
35222 75552
82289 2788
54294 37361
49175 2338
59244 75466
9899 610
83051 60526
12203 37273
52803 17179
67583 52798
36468 4851
48375 69923
59598 69143
63969 5128
42899 44223
76279 2133
325 61590
12209 12468
60090 54406
83210 39453
46953 36003
8301 41575
70049 45328
52130 52474
28552 10456
56315 72936
27768 41049
64844 64726
35198 80259
42319 6170
37172 51555
44271 39118
71738 64663
75751 15914
17118 49009
74206 81000
63615 13467
45055 3839
6346 29363
6022 6270
13052 1363
82075 18185
60239 13781
2135 42318
16285 57106
20708 29668
57841 22308
59837 11537
89 48350
56073 70459
26519 648
17291 6881
39567 34038
20838 5647
35917 14524
12235 6292
47243 9836
32820 34568
10804 43166
48739 80315
21696 49750
6788 35378
51950 22327
82000 18057
40044 76475
30690 60385
56261 15716
11954 16553
12476 41856
143 19399
27974 76564
62497 54172
10216 83481
17394 58561
77815 16040
29648 68389
68085 69153
58336 31526
1218 75745
1057 62643
45033 64239
15807 36772
55354 42194
17325 63270
62614 29601
9284 12033
30009 34579
50210 38829
11709 10853
13426 46270
13527 73206
41072 31769
48178 10226
39224 9850
17974 64829
50165 7900
17452 27850
18725 1721
8967 61362
69535 50471
73832 24631
1111 63917
79996 13702
21512 44624
57685 27350
46031 77402
27926 69160
82324 67362
19841 41073
53964 40872
80751 59510
57985 20185
28475 66128
11363 13850
13169 28677
18352 47664
16143 50539
77277 59302
50336 81328
46077 67301
56281 26611
41223 52456
18328 24636
32478 8997
36303 36417
11043 55456
72535 21522
78775 40259
78645 75661
79639 13378
37346 19306
3516 60419
39538 14048
26929 14445
67863 31532
79552 2175
24727 60405
51348 24515
38738 34965
7153 3747
31371 62422
64866 69585
50579 59329
14778 46132
31600 34810
65482 15510
83635 72130
77848 11019
9308 46456
69244 56555
1582 27796
47330 19743
41481 52027
17300 65824
50704 56473
74499 66575
55164 43744
47896 6968
71613 57848
22646 35729
61737 48468
9568 12821
2188 6441
76987 50138
8852 55390
1808 25420
34366 38536
28278 24832
5221 52782
7926 23154
52164 77864
37551 36167
82389 69411
65674 79620
54452 64700
52728 67977
83957 56829
70329 14312
70472 6537
80747 32630
20013 14560
36369 28781
10958 15098
40621 6965
67018 4678
26634 75397
20366 34889
70306 31296
42828 8631
51214 69748
76866 13243
83139 36106
8666 29684
40655 81294
57343 53027
31279 51369
7590 51497
32045 13279
56949 28822
15203 35163
59425 64904
80255 26963
79801 22418
7213 26684
23023 45565
15656 83480
1661 37748
17985 78160
1488 37746
21474 408
65066 12353
45444 24259
68552 65961
67794 81543
33981 62490
21885 40020
48742 31277
16638 22313
35228 41303
15474 21843
3848 24556
43911 43537
56273 59667
35650 1670
68663 62207
8372 56089
34466 43786
75583 2730
82252 23268
10102 34582
65032 10090
59664 22378
66950 1276
47203 77858
7267 46157
65485 62106
74303 76436
21874 64004
48194 32442
20619 61941
33439 14338
13488 5922
75224 2280
15118 74353
29938 29923
66693 68849
5773 65949
1611 21929
32054 19213
6027 12309
61836 13107
47708 39925
50198 43998
19672 59326
23457 64313
4636 45978
72466 71528
54968 63766
29428 33232
42180 47749
32541 60130
54560 1778
41935 46220
35555 39471
10209 67874
74913 78086
48865 63486
15651 14780
65804 35382
6904 68067
23508 83860
29254 2717
67604 19386
6020 53782
52551 28870
9035 18565
60961 46819
37003 65252
40724 4051
42900 32030
11323 75706
72495 56456
59867 47110
1045 27042
48355 11702
26303 25408
38220 49517
73900 83721
39835 14147
81621 35904
31796 82168
60808 71424
48271 58887
77555 69063
64666 22932
25615 34775
71639 45724
32130 43411
19736 51253
836 77221
53745 54696
3134 36209
70982 40544
45407 24979
83355 5388
1258 75959
43912 44994
192 80265
49320 16117
13625 56815
26896 59642
69444 74274
31218 45482
55027 37803
64492 14443
7851 1093
18662 65396
36678 19285
12194 61122
5755 19691
30340 68576
68126 37983
54141 81763
48824 73157
60092 21314
11129 39800
76123 63810
12528 37783
66248 38631
17500 2044
83522 59489
51689 5368
9809 28486
74426 37096
57015 77736
17133 16179
31035 6973
38231 64012
34209 40085
41289 668
42763 56404
41689 85
59344 6541
35646 32956
30620 18052
9790 45904
26570 37129
17841 65798
76639 73499
14284 20322
20370 11273
13849 35478
21545 18697
58926 25786
61087 56630
41161 76707
53283 10580
15826 38117
70245 28687
46962 4213
27216 62021
40411 46483
60732 32602
34736 83499
15718 50626
11852 55387
20659 52313
39875 12864
79077 34244
5287 39587
42965 78256
19442 40729
11956 22716
32535 73913
46628 57124
51937 42269
67301 75782
6417 18243
39170 26150
34101 32771
22790 17786
4074 54567
53005 72652
59271 26152
72870 39461
72106 39977
32749 11220
12416 38973
60561 82356
13358 60445
18323 71544
15920 24035
1568 49279
8084 57265
29136 12589
17134 18168
25970 69019
48791 57921
82615 41060
11016 46866
76327 61392
76824 46425
33925 56056
9829 61152
2858 55117
8451 53774
25920 60462
58122 3628
16881 73258
12056 3464
43457 55171
5597 11591
60424 18427
6638 80637
22019 39635
75221 31805
56775 76065
51774 67136
65029 48905
3865 16683
50166 81382
55924 71208
22651 74131
46393 38450
28144 7018
24531 51467
36043 16507
36682 52815
58460 781
19482 60662
4542 67897
81157 60323
80869 7124
32216 11097
65391 7169
54001 35413
72180 14032
62788 43711
7993 77902
11498 12767
36671 74114
50203 63107
54950 43426
68920 7978
32657 15918
82675 76627
71259 66955
2560 6950
50135 26879
47070 67668
62874 18895
71372 73669
63528 64921
45094 17879
74142 29301
65850 83843
42154 20287
50906 39439
35447 82345
23569 40750
3417 846
41796 63565
78266 81745
28708 26307
3841 15036
36823 8801
7680 5
61825 20057
69394 79141
46850 15865
76545 68135
30509 12697
20923 32402
13125 26778
32488 13580
31609 62095
34935 3232
69952 66297
7329 58172
28759 51212
75458 7295
50912 15967
46505 39312
22769 63403
23082 24124
31006 30793
77663 71660
41682 34115
47027 80316
77538 57558
3698 80893
46096 16148
74404 56670
73874 19169
18626 83388
73808 2839
64518 24224
71058 18572
40509 31547
23011 22384
64283 67046
4976 71655
11831 26261
30491 62412
78862 62976
28680 38016
2613 37939
69003 13110
62651 77171
90 64614
43482 48148
80496 36069
26407 51274
17104 50571
44664 14069
23261 60813
42414 54644
7807 55684
2873 19421
19361 3667
76889 37149
18567 59911
14539 15746
68983 73953
47827 51044
9507 1445
48968 76093
51852 39684
76811 4468
13243 81249
44114 58259
42285 5588
17885 46495
57262 18259
83790 61330
63859 60077
41587 36295
22834 1196
73660 20751
80441 65620
46770 65957
29261 27628
77195 45723
22984 68821
49596 67246
40216 8227
38603 22872
23293 19845
236 46120
75083 73813
51328 44472
74382 60226
23866 18356
78957 36483
41710 39706
80135 51634
28954 8941
83840 63406
74128 49352
13646 61834
65036 79409
18435 23643
43407 75503
10199 66451
31195 68870
45458 33978
41880 16964
22006 42478
83387 77183
11630 76117
83769 45626
44008 76611
58541 80934
1494 52924
34762 8857
27484 5889
32708 3870
8886 20864
45939 30370
33641 12654
14161 13923
168 65462
6311 62445
50586 42423
57439 30348
55005 31014
54267 13820
64630 22807
49639 50343
46037 55058
71569 8438
49198 8117
13295 80204
62848 32832
75767 15005
29568 4905
59152 9553
9662 57873
4380 49064
38655 79500
2632 82745
41775 3862
34227 22816
13727 42095
9726 14112
44802 58919
22297 49497
49213 17461
21091 83545
9831 75207
71703 72938
12204 26180
44296 25654
77861 33096
80432 64370
63274 57346
4063 37499
56535 29557
21627 26371
79603 21246
56912 56894
20592 69276
7020 25205
13273 11275
43398 76299
26942 3178
24902 82460
53646 12610
72629 26679
70796 4357
34769 18424
36900 687
38981 47129
31136 53481
12572 74488
6506 9433
51499 24289
74944 69227
72046 65035
64350 24922
20132 27195
7145 74760
47295 62094
501 65648
56048 46152
11486 46726
38608 81066
81932 73230
78672 18072
62958 8803
26172 57525
12713 56035
3374 81982
27126 49299
22392 9289
83649 74600
38249 10243
10740 16672
62072 67797
15140 39090
40417 13227
52097 15457
61728 65368
64107 30222
34735 6748
11946 78839
71320 70850
50794 43375
24233 2955
48631 37998
49997 32950
48419 51174
24456 46912
58429 8907
5849 20692
34511 37758
60957 9802
34525 70048
29655 75414
35201 31641
73957 67864
8080 80118
19809 65543
12676 40926
11234 52327
45062 81088
70969 7425
54263 71558
77297 14533
29821 76386
72562 61733
7994 34479
50739 3930
68496 4231
54871 44309
70191 55235
62237 34195
30887 26282
62425 43849
39172 7785
10349 18257
51748 26770
4552 71708
65812 43203
74871 8170
67741 30883
74906 64692
81301 73906
19327 79955
15766 4635
58857 45331
22660 9276
21911 54558
27773 78401
25261 80273
16540 10564
5594 72277
55493 62754
10272 16970
57068 35457
26466 5472
82212 13640
19383 4667
77995 65090
33802 66533
41911 29524
8784 45909
11407 56560
50869 62600
72924 39770
52083 29853
72359 2811
42747 7256
36203 3455
68117 25713
60052 70017
1621 79710
81666 49728
68494 2372
54998 72417
14749 63200
19614 6835
19425 50742
74265 49445
77062 16416
76373 56325
13846 55946
73753 72030
13238 18058
37499 15150
45072 57404
53857 15466
34621 80695
50207 48197
63647 46110
74977 25382
79818 44975
62004 57217
22571 7593
36100 31218
52819 30414
18856 12058
81035 77152
79778 1318
52655 29770
5084 54142
51878 70284
43450 74456
31140 6001
6461 1953
62288 32758
35204 7456
48817 10042
2652 7426
44285 16609
39723 57483
40757 23671
36746 37041
64438 5731
12874 41174
29879 45832
17615 78960
39385 32014
42057 38328
35314 17003
54628 79446
79296 52143
11704 62745
24634 16041
57897 10067
27708 10012
53369 32795
63500 71257
67699 26983
7368 64872
67538 46788
20837 28874
8601 58136
40780 48095
66427 72274
52873 38363
17780 32009
68720 69055
74538 35067
22773 41794
25266 70965
26310 65988
7554 13682
32702 7078
4335 45435
59828 53849
6627 81510
47236 63729
26098 10283
35911 26681
48281 17975
60847 68288
66208 30217
52029 39969
83285 72479
16237 27626
4006 16089
48820 48810
64067 18608
77863 4702
58472 30816
23277 57709
62205 59476
76924 14974
45844 2791
45122 65393
21433 35429
33904 36434
11848 50355
37365 39376
3598 11075
6508 7828
21353 36582
75008 79921
28092 50324
29013 64928
29506 2471
27097 50147
35270 58199
53675 5822
67277 29419
2629 26966
1167 49720
62141 24174
22702 56504
78793 69795
1110 6850
29330 39997
33082 4104
79737 70982
40038 45588
36095 3407
55550 44069
49346 34411
45707 77459
28602 28383
61172 3585
39603 44689
68242 81466
81738 56896
52056 56040
76610 7487
13411 14315
964 72522
67046 50871
49052 37673
73592 70093
77827 60753
79830 75053
37052 74489
39122 68015
14170 34092
63143 21306
8368 49977
44078 61255
36240 31225
83965 17285
42617 1991
36292 36792
34230 35966
39164 32760
24689 71147
19652 38775
67803 44242
31497 74853
7442 51722
78648 5061
52966 80682
41889 35950
18341 47409
3337 35226
38746 32836
34004 79692
54863 16294
53032 40226
50892 74507
4630 42073
76419 34671
74979 23434
24893 58171
44980 60651
29146 2264
70076 57660
83666 1163
62356 61138
46989 47019
39348 62942
73171 83591
23742 72956
38507 28554
12794 53558
61707 7679
16770 75966
33903 10427
73274 36235
23996 79997
43993 72280
11705 41161
29132 8395
46568 57730
29273 33818
40251 36195
55113 34019
43427 16676
48718 29809
34153 82620
76752 19255
38542 80996
60787 6499
15438 30497
61675 15001
7036 5047
83152 24151
76491 66417
76063 57713
81351 76008
9335 41594
25500 5500
65599 72537
15705 29879
50027 7971
69447 33955
39107 33744
54147 2113
7087 46313
19763 78720
18005 30763
26254 45840
44915 14309
53634 10156
74633 66446
59975 14836
18773 66983
41470 10152
23640 31062
10593 26745
63909 42702
43599 74759
82711 48675
23177 54522
41080 9358
83166 55899
7604 37105
618 3237
59252 42801
35852 79557
27445 47224
22100 43908
75535 53496
20767 49115
64170 61694
11540 38544
16962 81516
56848 4084
83033 48275
56284 5848
52874 38126
56234 19670
62574 77494
50243 3347
612 13925
4945 79828
69964 27720
26138 41040
48904 66952
1846 66609
42234 76217
69604 45096
24980 28164
2349 49656
541 76374
82142 4273
32614 19671
29658 49951
45135 10282
40907 10134
16900 29437
13463 74109
50273 65995
65974 75293
77159 82618
40124 71858
21892 54799
8558 70644
39086 15892
38120 69175
59760 6742
68196 79575
78168 61910
68698 68741
44281 68202
56842 57806
17537 41542
44923 35283
64249 25563
47088 75399
24698 38413
21612 31986
2507 43082
29940 31861
29403 47444
17198 30264
27682 59746
77293 41264
66144 15128
22150 31595
16144 58329
48050 53730
4898 47433
49178 10446
83929 46136
33527 73461
70089 66276
81676 10020
6369 47487
77847 63460
6287 79328
14171 30193
2588 58848
6323 54900
15177 30116
58238 74625
49841 16421
71734 70467
33127 32106
62181 53428
20071 76646
26935 18107
82617 79371
1220 34116
39468 37603
55165 44771
13236 41137
68198 15462
35387 10684
81632 53544
79382 55185
17979 66195
54897 19451
13752 75500
67055 64776
80963 82921
15432 25966
37055 23582
14944 59516
13929 2034
65240 21860
26038 15833
79824 54871
26182 34522
34472 72690
68570 61586
26434 13238
46914 16568
53708 4467
38713 56548
21021 3137
5165 9571
71846 17352
65059 67489
27223 69378
63002 55360
43333 46448
30738 16706
359 52733
1672 73000
11666 31646
14475 38456
75256 15602
64764 44147
19549 44125
11808 77527
67071 79792
9837 80823
13277 14126
33541 5930
30299 9667
59868 46526
38801 58838
34620 53593
60854 82685
6565 58951
13083 57107
22899 37918
5171 62536
38086 17644
47215 24046
40988 77275
55837 66765
15192 10983
12452 19957
6015 1021
18140 77799
43079 77733
46862 48481
57373 59445
81502 49726
35168 42001
12184 57487
48841 23164
44922 66673
23970 77081
14921 36609
52531 12701
52462 30444
59840 38975
35630 64657
50557 44711
62685 6330
55279 73942
21861 68839
14819 76000
17369 66615
7687 55928
20893 37390
13594 42311
54530 50341
77431 41757
63266 23386
74573 18770
57431 5497
23759 27615
80128 56432
49775 68045
47003 36472
80132 75385
3778 80672
17126 41205
63319 13038
63980 45528
14803 37329
53908 21705
57762 15539
6026 37729
8302 35894
34291 63785
41188 57530
68789 29313
74058 22194
29359 37812
44342 34004
68040 79452
68565 13910
81034 30367
12484 36521
56735 18482
32582 12580
63168 27112
45319 72374
50447 66677
19485 22132
73184 78433
80336 5210
1527 70757
20569 70506
66266 25577
61511 874
64991 3379
21680 48437
9813 26627
64442 36942
42027 74864
31575 55903
43372 58305
6600 68275
66445 16539
29191 59487
72155 38659
49629 14368
52859 15721
30802 58250
10333 56658
60175 64652
58221 34480
75109 11386
58734 17934
11537 15265
65334 46363
58599 10364
41427 29156
15560 9746
2330 20543
13454 66462
52880 43954
54047 36191
4697 59437
73025 82658
71972 67220
23 9711
11914 41263
79195 5028
81143 56804
83564 13165
39925 68328
66629 41619
73707 24956
27113 73161
59797 82062
44677 4671
47625 83165
7114 82220
29219 1045
59567 32233
43513 17941
73421 76854
81233 49311
78637 28864
62015 25648
47618 34772
59315 61619
12772 19849
29065 63506
288 24525
44743 65107
46549 17275
83056 26028
38271 83201
71787 11628
68418 67674
49007 28075
13936 420
6001 56928
21517 8817
64543 64316
18409 73104
53637 80114
14020 27335
33331 23346
80066 5088
25680 54809
24582 34482
15827 80397
51498 49846
28258 82710
59906 76533
44294 30765
14126 83587
54326 45706
6095 63470
83001 69529
77177 23602
16151 39335
59951 30395
77243 38289
66087 63578
17648 64255
65383 82579
569 51408
69516 78361
6367 46810
56730 71227
76693 63041
23227 38721
75833 12653
22761 28696
16828 14729
13574 37654
50779 54998
78715 58612
79451 42651
42185 32427
66075 55688
50419 15181
54876 23095
32538 60914
35861 41800
52150 14882
44940 45558
38558 52179
59356 16785
17482 63405
18112 64118
54100 78782
78975 54003
67148 30784
39180 3797
71803 38133
41145 35118
72560 66518
82914 28195
28488 53610
26331 7970
27488 73697
81811 42362
38087 34290
45259 41631
17390 53901
23307 51299
71106 57928
83477 55732
42256 52256
15127 34171
46169 7161
73700 35169
62964 63637
76390 44544
74795 83397
54720 5981
69980 40438
37478 58673
55364 29008
1674 75040
68516 21829
13956 70257
3313 27028
49922 81958
19049 14460
6956 80387
7420 80053
26202 43213
21095 16937
37568 79294
32842 70749
19193 2611
8131 2768
26739 49701
70933 11830
4235 43685
47014 46230
59323 72469
13433 8319
80755 6451
73648 67981
29401 27586
73567 47461
50973 70186
31143 26010
66968 20578
37702 70216
6158 51843
50015 30060
50798 38036
40981 21156
72369 43451
7052 54185
1700 28262
32944 72477
26620 32599
81339 1788
58074 4729
29564 2626
83072 69017
48201 13438
77121 65733
71646 52159
79088 63557
25752 5543
25363 20572
38559 37106
58828 39514
23256 30148
9761 82780
24508 32416
22780 4428
67351 35712
15644 16207
49441 49527
5327 52528
56166 17196
36584 35390
72955 11131
34635 10031
17049 9685
21094 54445
33426 2642
740 1933
43328 71002
61123 79282
20291 19903
5236 12525
20147 77096
42288 51266
78235 25466
6666 79390
81969 40920
80690 42432
64298 55726
75062 67156
72111 3072
46935 39604
9553 35921
41663 60150
68865 26564
28831 13066
24101 34639
68237 75524
8937 61788
66210 49360
20890 38174
54517 56300
71183 12198
70391 29132
52877 53259
12052 73531
45797 36512
28993 63354
27965 37280
43501 69889
43394 66401
47291 32063
38480 50124
28633 2257
81040 65148
69534 51596
62241 48856
73576 14196
1154 59280
15037 29369
45352 3263
58415 52082
31503 30424
80440 58601
81413 48474
31959 62496
5227 73814
42066 14281
49988 40713
14861 43573
50578 82565
33632 10963
70810 12503
37071 73517
3239 22185
67747 27222
49147 64201
67412 77780
66681 32764
58401 10996
63807 18525
5748 52848
38855 80805
25233 62065
41985 68604
67358 74271
10794 30466
12578 7725
21941 64674
70514 33034
69889 53984
961 40824
82174 44286
8582 19742
27628 4786
82512 42133
27942 74097
55602 78477
13622 53286
26946 731
70485 35147
57048 27424
9453 73717
20153 64059
3114 71512
60192 65512
43479 41028
4966 30899
11472 42184
9601 60473
23330 63308
33019 67428
9233 72720
75362 10674
29838 13769
33902 55798
53430 10159
50861 49242
59130 16684
82604 1786
53012 68150
56758 15923
41472 21784
2214 25870
51053 57358
15507 14899
70102 5120
774 55599
81049 64905
8289 22377
76757 82073
9515 68759
46885 63858
65908 18333
13912 54808
37990 52351
39499 1214
79504 38896
11339 15412
57368 57080
49993 38565
51789 35535
4040 68483
62127 42256
20490 80623
69923 48711
28819 73900
17876 21751
51249 18549
71530 38037
38664 68584
83106 26800
18885 48661
39067 68077
48907 79236
1462 32931
72552 61881
72755 60671
18531 43277
16153 17740
5476 21528
660 68732
75068 1288
78205 41641
51654 54566
70406 23492
71766 19707
11158 61669
39937 8789
27533 735
45070 40874
27753 24599
54088 26119
67182 12301
18672 70482
21097 60109
24117 43390
28940 12415
80857 8010
33128 81917
25471 61433
15024 77917
23771 20507
74357 8752
7129 45935
71940 83407
60459 73290
9588 29627
38097 45215
8830 82421
32859 1852
12872 25250
25876 35990
63858 37250
43366 55859
46811 76608
16806 40076
30741 48140
13114 81855
37374 52858
81202 33391
9150 73547
41653 70913
63683 26554
59068 10155
43037 77679
80786 19979
40066 13498
76569 28370
19975 36699
74129 23374
74300 34464
47775 73881
41463 13412
56140 16608
634 68462
41054 76981
32267 50194
29036 43275
83996 75453
57164 77617
36265 79270
47119 36339
17604 80726
43459 27435
62909 22034
60667 351
58374 30387
47021 11972
40039 80600
63829 19201
72309 18787
14265 62321
23039 33
79512 42381
10745 10196
36781 6841
18351 17954
70598 67071
25747 57631
34503 55759
82133 61826
10023 42873
9883 39657
2442 65586
66477 15375
82789 31559
4089 73420
76270 51544
75878 50533
53102 62191
77338 46530
27887 40864
4805 68418
72299 41547
34160 69559
71234 10250
70737 79349
61880 28037
47949 21774
51446 83070
29270 36404
77281 18729
38142 57311
17549 73465
60910 57888
65684 64238
66901 32839
11870 15761
52008 73126
47693 57071
65821 45637
1389 23333
31311 3316
80483 47932
21738 61090
67389 45350
18399 55585
58488 80869
20870 73374
23481 25033
74234 50130
74163 49048
19163 23463
63374 1399
47029 25669
5298 57945
28682 47316
63917 68945
30376 25545
8240 736
34650 76833
48423 40684
30674 43051
5611 12335
27103 48349
67881 33261
47350 65903
61562 1704
59592 79532
6087 35787
5231 4395
42477 36039
13530 62749
68338 52206
83043 5757
35848 33167
34514 35937
75843 81956
71350 7501
74733 74997
22787 3989
49370 61710
49614 79633
47881 82869
77029 59570
10203 64265
67721 22777
32976 62056
49327 13617
29216 5007
67682 48436
53195 3780
46256 80337
45225 20080
63814 23188
63192 17256
79196 10856
865 54995
65777 15654
18215 7347
57659 58115
21707 83556
30146 41188
10105 12777
67442 71315
36807 36370
27724 25452
19693 2186
24499 43604
20626 41482
47478 22180
78909 48006
15510 67678
30192 1858
54345 52845
43284 54576
14856 8059
63114 8514
62760 25290
62787 65736
27618 19335
77437 34949
21135 11006
53858 22622
2943 58118
31939 5834
5656 36114
16763 26042
75169 66253
77641 53642
21120 22672
17659 83271
82516 423
67194 40785
5137 35883
75009 73474
19250 45965
33851 15430
23598 44755
67718 61113
53144 74472
78559 11285
73873 74212
83575 60688
2441 11556
37153 15239
11240 11871
28390 23921
58878 11327
79499 24335
61790 41616
63134 77484
22357 82133
28753 2636
53841 22196
78754 1369
18706 28512
76369 83617
23840 49091
81686 60339
21984 10653
59438 32340
78189 40342
77411 25047
9024 17398
30123 40697
49573 6991
50524 49717
17330 37628
14231 23332
2171 36565
26523 18406
68513 74061
66108 41359
55024 54262
19604 29618
79366 24674
12623 35757
62374 26113
80577 23215
78619 38658
5117 33995
69656 57620
65973 34675
15404 12113
12215 64211
63209 46551
17083 75851
79099 47660
70686 45726
158 68557
56558 58940
68426 50552
55140 20409
48547 70511
5694 74543
69445 27612
56225 56867
30080 45472
63193 37840
49970 27191
45944 44851
77208 66030
75514 72301
12808 35252
55770 11896
33361 67276
62540 27620
30476 33845
10987 28608
37129 61301
78420 34190
71268 4122
53563 15113
33792 67769
24776 82722
717 24436
933 62287
75758 18326
68491 61243
15445 76916
68127 42336
49156 48796
26925 73895
41406 49534
53589 77122
47484 4437
20288 42254
55847 13712
76726 82507
33245 47040
34250 20808
70269 43872
55518 44129
74013 13135
47926 24526
80201 46925
36119 40145
52096 21332
26699 61190
54163 71668
72366 2851
73081 57542
63239 80821
23426 59828
48525 77802
73282 75493
63408 57013
33264 52342
40194 31928
75714 33106
45136 48919
52184 44287
18097 63250
15609 52580
30117 39345
58537 5260
21207 30711
13144 66449
28110 14137
66630 55180
52503 55823
44360 35306
72166 75693
80482 3743
6823 21500
21069 21809
51001 39398
83346 78231
694 68693
11940 26013
61823 74448
78676 18291
57066 17026
11553 43667
8400 7052
34484 11849
29068 40538
48607 18542
10491 45365
79827 60125
4949 51904
50375 21672
52514 60371
80474 111
68290 26268
37549 22554
78312 39490
7532 40309
22974 10535
83925 24196
64798 30958
57537 26650
1404 57220
26439 11819
67916 32078
37488 20204
25526 72791
4406 649
78580 62567
66919 20884
67609 45183
30366 13096
80635 61709
22215 72068
4727 51649
47152 27852
31360 61907
38 49322
20637 60750
11383 31817
36168 12560
52355 50801
46286 16844
51793 41728
76819 17502
26256 52414
2015 37119
11819 55653
72037 78242
37290 51623
73285 70008
76407 9393
45626 45465
45545 76865
36243 3526
29662 29058
79478 79761
25497 23352
59607 30823
52948 48383
75355 47485
610 44545
34224 65727
22943 209
53364 80029
66354 78535
13955 52191
73221 10128
9488 30157
65952 18099
38569 65530
44561 24638
15337 5800
67278 27687
33777 39576
70505 57069
75353 12171
32787 44511
58035 23577
49425 55799
73816 19759
63391 37351
31887 40776
44521 50701
60388 63001
76917 4565
3585 34213
63173 55278
15240 23530
33793 21436
8855 52195
50158 67810
28886 13951
30138 60939
41384 45389
54058 13292
46282 53016
67700 1603
70209 21088
1275 41816
34518 16875
32540 75325
37656 66450
12191 59598
52289 1519
44826 63720
9966 52653
72687 55373
23395 7145
62464 39709
41140 55704
46339 33902
28648 83116
75198 15199
35269 79120
23958 59018
24926 65807
65405 48867
26171 62069
30784 43918
31727 70127
34788 47824
30043 14638
26578 23441
32729 55584
81081 69693
46666 50263
20447 10487
13984 19712
15713 912
10288 77353
64575 33796
80456 25902
869 80547
70973 59637
5540 57002
63215 6363
48654 60918
81353 36925
41343 5223
64533 15932
75304 60326
36010 48118
64331 6564
66996 78556
36736 33073
52151 44232
29111 38817
75585 3085
16810 71140
7098 35028
68910 23427
55467 38436
62695 46778
70880 54665
4269 2297
65861 58560
45520 39018
51606 83360
22912 4669
59926 78090
15777 14639
67923 46825
60303 4799
41374 69635
1104 51933
1550 32589
27624 22969
49733 11017
76154 70122
13206 12396
42656 16523
47396 18959
80319 82959
34040 64678
71902 56506
34453 36005
31083 45271
35312 60036
61781 80904
80359 31995
44971 68624
47963 74589
24106 60086
65375 5327
55568 42807
27595 48864
54932 5019
48800 19235
47852 79870
52507 83600
36652 13255
59078 50059
23579 67192
74896 10324
17189 44273
75484 83459
29959 39582
13091 55382
30908 52526
72790 2934
56652 24109
49924 33667
25699 10392
19117 56812
19602 15261
61996 25120
1277 74829
23149 34207
55250 39742
65484 80686
17626 67377
82661 70669
67766 31950
69991 6401
63783 49052
39327 75149
32896 61987
73681 28208
74428 57272
6254 36017
52220 24342
12973 36288
21410 65741
7870 5996
28242 79250
62461 52255
82558 23759
58964 37345
43865 35741
34049 663
47313 53371
47227 27150
73447 2454
73072 54307
33780 17009
45108 36015
2600 35004
53971 60614
15891 78523
46019 83212
79375 41702
26078 12734
75610 29010
70575 29469
22878 2369
37305 42548
46545 28975
42611 8353
66905 80136
63897 37727
58581 79865
10278 60378
49948 77060
80435 55151
37556 78019
60785 43091
82800 70970
18986 50993
21965 62339
83963 73094
44223 1648
55289 44952
82743 44643
80257 45399
74926 58247
53055 19894
9352 60549
10370 65402
21234 27609
45040 69762
29913 22284
41089 51127
41534 33515
38189 52814
79350 4230
51834 74884
35554 10304
58314 82757
47601 63772
76929 73575
68281 45260
59021 10892
21931 27205
24103 69415
3028 48391
16390 39851
30754 38250
32984 41332
27601 59179
21878 61261
52042 3876
13502 20435
12525 81903
8362 76669
71885 21855
7056 81824
3456 46089
52038 74042
68680 56562
10912 54447
13623 3069
34401 37210
81016 72934
20353 64325
11051 30766
51098 49190
40550 70464
30063 17262
32427 49602
37248 79577
58086 16187
82115 12712
16570 51872
17207 28614
69042 27697
22362 14501
3745 74809
4608 37926
46772 23413
42625 20856
62411 52576
61236 72099
35706 53546
71899 46141
58307 28542
17710 54812
23205 78545
77442 36554
78327 41865
59841 47603
82713 82612
83343 13847
73923 83390
57014 41652
68611 65839
83859 70206
83825 69797
69965 51403
40588 29505
45505 52949
63132 64859
70736 60807
29771 37524
11739 58912
57916 20575
40353 23282
54029 52436
34054 438
20411 69818
39790 60821
1384 22580
13 12888
68593 50247
17866 76043
45074 54802
37587 54824
61499 53779
70137 24757
1091 83417
64479 3807
62531 81118
39271 29386
1198 18163
56419 79916
38394 81255
78251 10553
30306 78587
947 74788
71856 53579
48975 2993
24717 42602
53968 79930
73473 32761
57293 21819
51741 74621
32755 81985
21401 61855
51082 11924
49593 48536
28914 2978
34470 78820
10383 51032
55344 72360
81963 67022
31400 25302
67714 21153
80376 60001
35634 48374
37314 31368
69723 22966
35236 61889
54121 26187
24642 42301
8974 17387
23909 38402
17908 8496
37958 4049
14465 27133
83479 75708
80968 60448
59346 60188
35670 79070
81626 58151
64487 31705
24614 23184
42028 60478
2543 14570
19943 79169
70120 43419
2901 20876
24372 32095
13406 60584
36978 903
35284 4237
57465 53261
1076 68127
30515 61632
11823 50505
19751 9223
1931 54669
64695 34083
28468 70431
44816 15858
55083 79558
40839 70015
65326 3110
48680 57478
60777 63021
43287 7837
10516 38400
19149 52219
7346 5231
34932 47629
51436 52355
9357 67052
61624 82480
23804 57678
25192 56176
32779 13583
1654 19135
15986 34407
32632 75998
50437 14652
58060 22146
32397 48034
4393 54119
26107 44543
60403 18606
12316 31860
68307 63255
27322 27537
61975 34670
51004 12731
40909 43258
42345 9709
20790 60063
82466 64432
5530 34079
72035 44885
68279 38705
16010 58285
63076 43341
83693 59032
39167 33807
26048 74480
47242 36084
6828 77913
28546 4686
14802 18353
30929 19402
82957 68391
56907 37806
42535 3401
1975 28970
21937 48609
36189 73865
76638 47543
15683 38171
31863 40195
1171 20750
5505 74402
76163 83086
62295 39944
78147 62297
20316 57654
11729 38651
32601 20243
20670 16850
65526 19206
11981 38317
81088 50362
44358 33726
81938 83462
7872 29874
7835 3671
46599 27743
20175 76446
70301 39710
14077 19447
16493 76577
63943 1582
30498 34003
41516 47732
73185 66663
45524 67741
57504 53195
25293 62518
2799 81063
49515 22336
46946 45117
17660 76958
32860 65680
5176 68595
63610 49069
57345 49543
73273 63603
38629 22168
71138 68844
64238 63184
24875 22989
74279 63439
24462 49791
71254 1866
45570 8488
42426 44875
61394 40542
36088 27058
78471 29401
72683 19673
21017 36480
9028 79776
69618 15676
20320 25814
58902 46728
38755 65378
70990 60205
48119 74634
59518 83708
95 1600
83628 68698
66317 29934
49682 26547
24319 4305
2454 52232
81230 82104
47721 12956
81291 43191
31299 66509
42035 8808
8303 35583
70643 72521
50790 70092
24887 10414
65215 7337
72282 58542
20203 74279
80353 68544
37111 32503
42284 32073
53714 33564
42209 23945
14479 32125
12617 29929
68577 23257
8740 5274
5738 79841
23415 34835
4100 72349
26487 11975
14032 24906
63619 8346
25116 17374
12944 68493
4171 27228
74844 29831
50935 31974
64214 76766
68921 76189
81786 62559
77372 12881
33547 70377
6434 6696
48019 83088
28931 9576
79424 25746
9290 62692
1716 15258
27360 10930
64410 62395
10481 25874
61350 13091
83745 77251
7957 28180
47308 78420
73141 63863
54520 39317
7642 74624
80863 1259
34841 76247
69340 56329
5329 14618
9226 58018
39834 25533
28299 77194
68090 83222
12730 80533
13268 59803
30280 65
69686 32998
50507 53369
24833 78821
25313 35487
68970 82724
32606 23139
74715 43076
23449 66492
73194 63345
73157 67398
54420 37193
13830 34630
83706 69756
75572 32640
46919 44715
60126 36083
55978 73567
13645 65938
21865 40476
23645 82041
72086 14611
52633 63909
66152 855
44239 41840
20733 66788
78633 61671
58067 64984
41308 21382
72101 23436
42554 8594
48723 56626
56439 39930
42396 58091
79746 44884
31552 83609
73813 70595
28040 23942
49161 25375
72121 14250
33304 30383
47188 27947
59298 40266
58655 65770
52048 40028
26 41946
4544 69521
37288 61850
78088 39330
2137 79892
67845 74844
17706 20264
39563 42437
861 20499
39366 25154
29084 51936
28158 22516
41276 20702
2845 79971
72570 20596
67014 42688
72919 67695
74923 62099
20279 78018
12359 54646
4947 35309
60342 29980
46617 34453
20462 61864
18142 39796
34733 48601
48115 19004
76305 40139
32750 46391
39362 41334
12047 58945
74775 40373
52403 55745
74589 73832
28500 51583
10119 54674
42559 744
63247 52964
22663 7250
64000 46349
75528 18341
78019 59886
39374 35941
4899 2554
50011 26505
10287 27343
7330 33546
43830 38640
56926 48953
54595 3104
15800 42185
29717 56034
78945 42689
83085 73148
82863 73397
50134 26143
7095 28178
39949 80945
68732 65922
5398 57686
70770 35909
74045 14004
19606 9756
42839 31869
65851 21027
28941 42662
20080 62873
6622 77718
51496 61588
58408 6030
78006 63838
75400 32748
66156 36719
29110 79523
56615 76824
37983 49155
51685 7775
19401 13296
17327 7356
44063 83838
10820 44918
62372 36182
74900 70504
6464 48425
71848 57426
52323 37256
34414 14554
11152 61846
52236 17601
56950 9698
17089 42539
17678 54235
63036 19716
73309 77308
25967 39172
51816 75247
74886 26214
25704 73642
73554 11536
80740 57444
68715 32143
32276 42971
31761 75070
9391 71643
34899 34173
56370 72965
42391 69603
75500 38197
11744 2865
14750 18412
54210 8914
55515 41152
47877 47348
45654 58438
24968 28156
42040 24136
45158 42110
77841 61385
3173 29843
39954 60399
22185 47475
45839 43649
80770 26082
81682 33952
19113 33471
57733 79118
5883 3033
30604 18386
26174 15623
48998 53842
11248 56012
14729 51945
7149 63748
31857 6296
81397 69259
19357 7902
37708 2124
1801 74150
44994 57306
14586 4206
39993 66089
58991 42870
61760 70623
2982 64489
43500 37048
27396 75343
70518 43746
27771 83149
26713 8797
71621 9903
68586 74096
63312 12078
81664 73177
18527 14724
2411 69700
49363 20739
76416 67306
69049 11499
5700 75226
33484 61401
22325 79959
7879 25021
37227 9580
26306 36290
80998 61043
35558 59152
6958 19950
60944 43311
1093 9572
8730 23813
35562 75396
14142 44540
2501 59513
38338 69169
50663 56676
30300 2816
49900 52621
66656 75333
13056 38511
63526 833
78264 81749
69673 51112
11538 2474
24435 1120
26067 29522
65622 55988
60030 19726
73491 33929
2817 29215
5211 76596
39968 42811
43722 69779
64217 59999
51564 26258
20579 46485
2409 20003
45454 24753
46126 19436
46581 27020
81951 40434
39627 23801
30960 13225
65701 3438
36160 69917
8128 78896
82024 5172
33775 16689
50748 70789
3863 45682
72738 9079
36726 42921
19885 30161
44799 27369
51492 21403
17992 55612
11508 35531
50097 30538
68252 28474
80275 46576
81989 3578
29810 17998
54701 57625
31505 16137
75091 49167
20022 3333
55898 58190
40945 27340
79347 49862
43161 58565
58874 57482
71072 52322
17272 26036
27101 26953
18164 49874
76157 77361
70957 16339
26518 22951
18103 66415
40502 75800
68657 67699
17728 15952
19026 21350
74036 27478
20716 64109
41615 46975
8889 41535
73052 54412
69857 27569
15518 11901
24135 66442
41629 47168
19074 62650
41772 33461
54270 66681
53904 14680
39761 59894
58066 2117
83473 49812
35888 55053
19918 13116
24633 46489
13995 47238
17242 40630
24216 8560
3434 56905
80214 39413
80865 30063
34979 11070
79378 51077
74324 61783
80264 2078
30267 36008
78167 42372
30433 5947
3419 18447
47090 32637
10418 23247
62470 74001
65841 1216
79261 16771
61442 20416
24115 18379
50786 61580
64415 5111
62109 8020
18025 78146
21468 27503
25331 38416
29659 48720
53555 54379
1968 20642
35371 54951
54139 22600
29171 22891
26586 67974
26813 19842
8669 23805
23210 47851
57578 14339
80880 21283
64218 65216
42585 26749
59972 40117
32347 52908
56041 81961
53067 48914
79683 34758
41013 42084
51663 3733
80152 3386
74965 43462
70276 3736
68844 61670
5048 4486
68243 53433
14329 6095
59194 70711
59887 49419
5560 78448
32208 68840
67988 22249
70500 20732
51854 13123
5145 45701
73099 29190
50778 12075
67650 55035
6462 8694
24885 62350
38166 60875
57614 54405
39919 70350
37476 57727
60470 17617
21822 79072
55373 83474
38591 95
80365 40820
7150 62423
67761 61537
60763 33668
59205 16804
11855 42321
65623 70778
14834 47918
23563 80428
76736 12636
71619 62625
17735 64593
51521 74874
42397 25728
59099 16494
3266 28746
23446 67468
59465 17015
77374 18691
26468 29564
59597 10773
11821 12425
42478 52932
21496 37002
16194 80612
11953 32740
14964 29652
58904 32856
83110 24200
47572 39467
11182 43074
68658 60575
50344 77436
67066 68147
80226 67752
20959 75651
49635 34961
72135 17264
49887 42985
22399 55316
43935 49122
74121 19035
19673 75939
21250 50467
18954 82822
23445 6294
6726 25939
54996 23878
40379 1878
40570 18738
58492 83183
37852 4472
82111 31173
23685 21219
15409 52005
17246 42275
26589 1536
464 74985
81601 63017
33176 63419
1601 45076
60116 24609
65226 82407
65359 75655
71238 53171
754 59259
79690 28160
64680 59401
31180 81437
28427 71550
77184 15443
62353 36610
59473 67436
53760 44218
57918 44205
10408 24422
78803 44694
78657 63879
862 71946
32076 59811
71742 12649
36453 44876
81234 68036
82397 34455
73080 8273
6412 47897
24228 55905
19433 3332
7218 71214
45747 16545
4814 12398
19055 59957
4251 14567
75772 72151
79074 38760
43400 16555
11496 45564
6427 40244
14273 59319
54652 57169
23364 66156
21147 23936
37275 52109
80097 66966
77984 18575
75011 29080
73686 2192
23255 46392
75887 68889
47211 78766
4698 19893
12207 73779
39230 69542
42313 68819
48310 6160
49669 69882
8870 47535
56011 70708
72152 30203
8510 69583
38383 21857
61711 49083
17636 13126
15994 21711
35969 83219
43151 83141
69082 81027
54233 29657
68767 19930
27505 70887
27401 79911
80224 26503
7627 36494
14327 6412
74891 52544
82442 38863
69331 51089
11492 55216
63395 62462
79270 61343
37643 42195
55975 17842
79803 39321
41483 47
34035 9814
75386 32943
46381 72845
17002 40843
80517 27362
73746 80363
65064 77855
68119 8758
82819 7763
64554 53789
23581 18390
79877 18848
30504 63037
38075 21005
25370 31781
208 51281
15494 20899
3144 54921
60934 51250
81981 77519
15457 25346
27176 32581
80650 45929
54347 9245
5963 29663
43751 36205
45830 18408
73455 52618
83559 16184
27832 76799
1481 18666
83968 36107
26371 42923
36914 1412
33348 83461
8892 15374
40341 68239
39359 68714
66413 13450
72089 82385
42458 78440
804 61750
43685 30433
51911 57446
74570 39168
3817 16367
23021 70944
43322 59555
44295 9228
62798 44745
62194 35666
4661 5371
17794 50005
63111 33483
20367 14790
82209 82169
60375 61149
43924 55825
60617 76675
54258 63872
7343 29444
68299 68530
39236 13507
74049 11610
41354 79078
70240 78519
27298 47521
75681 31627
43480 64820
8679 56686
19570 55270
36761 83632
4086 13788
44454 36727
49184 36159
82119 32987
70029 83921
21754 66562
74840 43101
79389 55004
51062 32932
24561 46749
78013 1695
15316 13256
40408 63642
4146 76780
35586 64878
54247 29018
11377 77475
65150 56855
31149 34833
48705 13627
59233 63946
39667 73489
28330 79514
68826 74137
39626 79512
22940 68023
14711 5519
49050 78862
4902 14130
26490 77378
12138 12921
58167 75449
66322 12441
3269 15398
63264 31276
65544 47278
20196 76038
44580 79143
63370 55291
68633 51609
40680 5226
42905 45522
18782 57704
12879 75150
67653 68520
17396 4886
26895 52258
4792 82329
60211 56597
50802 74309
68465 23690
15183 3165
539 82644
5772 43118
77895 12951
11414 38310
61195 54021
6048 3720
13514 59851
68234 33229
40958 47001
2947 46187
75702 32598
40914 36259
83736 58460
42059 6266
26288 42535
25238 60058
37561 83206
36262 34495
69767 21050
41832 27444
57818 73201
15421 71733
35738 42190
19572 52602
20644 45684
35867 22552
15003 43748
2000 46112
81651 80794
73352 70548
67379 29829
13419 41489
27077 40087
71111 13278
45917 11854
72007 83815
41745 53224
35528 41016
18555 81501
75247 65169
32090 83818
22450 24405
9338 50161
40813 26497
80382 34693
44400 63628
70855 45954
58150 44172
6649 57380
17050 47378
3801 20869
61701 22092
6614 42305
13885 2088
50280 14612
11288 24877
51370 76264
23460 40702
78135 66339
77694 73464
82506 38825
58437 73390
80782 70551
46613 23319
40953 81065
43560 9953
25972 26034
10296 12238
61040 11868
74422 78378
17275 53037
12179 34521
61378 19106
12749 44586
59715 69839
40684 46374
61676 52004
30369 17437
29334 50495
18838 38524
80864 80403
33824 74726
47639 10776
51391 42446
24033 58005
43297 5345
42568 71826
59413 20318
63899 35886
3967 64815
8568 29422
62304 28702
14797 32159
46065 57719
62738 28308
60456 19055
22388 1628
36997 38902
45694 31940
79226 2723
75325 80245
16698 63344
66578 57535
13492 54333
53175 72919
14023 72251
42713 74461
72896 25198
9297 54045
69829 24387
60421 67971
52536 76140
77403 52379
54191 82216
81380 75427
31942 50739
71821 34275
20844 47707
63226 34545
50308 56534
8659 48527
44659 47778
27295 30764
77460 41964
56512 70828
57063 46803
74346 10098
44853 17629
71373 42161
30954 32362
22687 70553
10210 75886
75261 16878
14985 12665
77617 66513
78129 62356
60675 70171
42648 41090
72757 13738
12800 79180
58356 29862
23092 45658
40375 29356
53189 60987
9124 35276
78416 75270
14254 6974
49665 60325
42915 81109
64789 57393
8059 65161
11867 77472
28523 57172
18209 8475
83380 22459
25 2899
19232 73395
59373 58782
69633 73269
38208 7543
51116 45562
80685 62473
58611 19383
25647 8360
26957 46454
41498 8574
39287 36188
39918 74679
56981 33032
45124 3615
76380 78347
1065 64332
80150 56470
66903 17480
52979 51937
16719 59260
38560 40610
8181 70569
48395 39933
71944 43324
6964 30483
111 74693
73405 66579
47087 53365
14379 18905
36990 70729
4088 41217
30834 889
56586 79901
77354 6944
51678 46970
81949 76998
41698 15688
50174 9308
53220 80459
50013 8340
57042 69439
71450 54226
27685 21130
22730 25510
62243 32611
18229 78844
24672 23507
72801 23756
50410 3865
47224 15664
54688 43489
20221 11680
37811 12342
16456 52895
17601 75236
1521 50784
9404 53422
2059 62182
18874 18155
63793 44997
57244 23985
17797 12565
11098 40790
17986 46552
54508 23254
59773 56409
79224 65495
55798 11893
81691 24192
23567 34145
59559 52616
66771 26294
55591 29707
58989 46033
50426 82970
46571 10692
29589 44528
24353 59209
55676 12325
79243 68665
974 33787
75752 2674
65295 79451
31032 7983
65763 73024
35292 7753
53850 48910
71588 12517
75544 22088
48100 227
4386 69353
4964 1649
74469 611
63343 42843
48311 50431
14833 40143
76057 3625
63116 74460
18624 73842
68998 49131
36625 9095
60941 22596
67758 24705
10255 83425
68598 81379
11593 65301
32143 23828
82663 70152
10235 28623
83059 12710
70674 20274
75974 78607
40960 49043
6918 75234
45030 23191
70128 57764
1414 23265
61456 66497
59512 19511
67196 58341
61504 3977
75231 81538
43453 5083
55184 70463
46258 38199
38617 14127
37908 45752
21956 23648
4631 77347
78334 67960
39856 13071
73887 65229
34137 25318
8051 79103
82484 20350
62019 80373
75779 44224
22162 59595
75086 71825
6766 50967
38241 58712
3579 15255
37594 72675
63539 8581
10815 44348
16623 32273
66270 47933
10075 18532
36419 31386
33037 64326
17373 24687
80714 52991
36828 5452
36074 46966
33680 7684
1862 77482
79145 12948
22887 68137
77565 11922
19810 42016
58544 69120
48467 73794
22990 69721
34243 68377
30959 51667
63560 71616
23700 26337
69126 37036
4338 41985
44938 17758
11063 58708
19015 25958
78060 38399
20205 82096
65005 55879
54126 52985
50223 57035
31189 49423
57696 10799
83569 64287
21927 3124
27638 64388
75728 13674
45230 42142
7121 73565
34655 63453
15204 79910
6885 50962
21968 40095
60820 65224
52265 37644
62421 7225
39501 69148
62426 5457
69799 11690
30627 40255
49782 74879
51128 71145
34423 22723
69527 41112
56982 6286
1555 70031
37853 3666
50071 6188
41378 39708
69502 50450
12762 24673
69638 46107
83549 70486
46377 6873
56596 56860
80018 66634
35729 68680
43905 23369
35433 66683
35008 48605
12882 5862
33469 28115
51270 12931
60439 59931
31693 24341
77166 29042
25550 41984
68152 9564
44225 26688
23583 64917
41061 27098
71777 74862
1387 83942
8907 80350
12806 5929
68848 27005
13620 15248
58451 38069
46074 622
28760 31509
37133 43353
33017 23208
25308 51108
4462 48731
3107 52686
81186 5867
12051 20438
77875 78480
28420 32267
78563 81496
15964 33841
15726 55423
79258 74782
17028 82077
49278 40599
74196 26854
24218 35733
14529 53636
24152 1341
33206 54512
38610 54217
61205 49432
9925 36450
83727 24838
59434 63992
36227 33217
55966 78661
42390 1368
33730 82122
9699 5479
36345 58869
8178 16894
50175 29226
50934 9244
43602 83572
7873 14993
33848 15110
34691 20831
23322 64034
57748 8717
9097 24034
64451 70378
79994 42911
51464 21938
23389 33620
64495 52194
14213 37331
18858 70289
70862 37545
56526 37317
28625 34276
13927 14221
57879 15651
33948 51762
4570 26494
9558 11339
9230 72713
74888 65270
32847 26318
58443 16662
2460 67925
65235 4679
19511 61468
83931 62760
114 14332
4960 14603
51182 29969
34923 4985
19872 50865
43232 24180
51293 10959
75320 8835
486 31687
64315 57141
62671 80652
52942 48615
9189 57424
29603 18712
434 57937
50388 5381
63186 66011
15887 24769
70164 27582
47045 41671
43705 5736
52510 74554
7235 1863
82874 20017
11884 44742
47888 32874
70075 45891
44573 60560
10546 26300
60246 7397
38006 51291
26624 20067
23150 38248
72677 66270
5156 8343
50354 29523
25036 24113
39174 82211
51132 25473
82657 44026
63767 57524
11124 3318
82942 57742
57408 32215
24834 78861
18343 69279
4680 37724
25310 72988
3325 21116
77719 18791
31259 71713
64125 41623
50957 7434
8257 14597
70852 8537
40335 67902
65495 70029
69985 2289
58892 81080
2152 22272
4856 48546
44471 5038
7348 18808
44266 13605
5612 30627
53151 774
15492 49967
27746 449
68567 73756
60080 7657
19524 50794
75937 74312
30538 15682
9442 82351
4834 4614
18559 71511
64081 9690
2499 2595
61764 62447
81052 74907
6004 50601
31809 37024
17110 80747
1883 50695
22578 31152
82925 64299
6549 80296
40284 32774
12753 45240
59794 83454
80115 59636
22373 62801
77470 20073
8384 59536
13938 70315
14966 47204
65162 29340
77985 18928
80692 37600
28911 83506
8272 22853
26561 50916
55865 33714
44217 21014
52693 48245
42499 2745
15834 56589
75494 39303
71551 18873
18001 5578
42152 60285
27949 70976
5976 29752
77737 52722
22735 16388
43976 82117
8287 46261
35900 27277
18513 53189
54416 55200
22027 54753
48488 60370
72537 59286
21628 58182
57497 50914
31935 60755
76283 44277
5335 42731
13103 52283
82864 17448
80274 69460
49301 26990
20678 32245
2049 25031
63828 74500
10581 25507
833 47634
23517 60736
11684 71855
77822 53505
37190 49128
54556 27986
62392 61635
16633 14241
27022 71150
18755 59287
83864 39364
35514 54018
68563 6670
59038 26138
54006 28466
22879 44261
80025 20542
4932 50370
78155 67830
23594 56595
65522 23635
80223 58063
82208 3125
39479 27061
45594 50590
54892 74370
600 22590
73101 35825
30886 20429
25154 52675
15402 75376
69495 25928
12542 19751
81124 53909
47436 41484
70743 61418
66525 32205
28741 17113
60846 63791
82112 41447
27278 80001
36232 69546
25392 4628
14770 12723
62183 11240
65211 2814
23112 1137
20941 6915
5652 43452
7082 11790
47736 41065
27472 46753
32950 26609
43817 19740
80848 27920
59395 40313
5678 8654
13687 47572
6876 81689
70433 41354
3810 76474
63578 58539
67490 62271
15213 44384
30842 22967
58304 37977
77688 39747
75991 13304
42726 73648
54928 20947
26051 19926
42689 21399
30155 54420
14436 15525
29856 69771
12854 81041
31080 53698
54080 20747
26209 73619
49222 72394
28923 82403
61734 61548
76690 36862
63493 32689
7123 14859
57130 19222
18998 58315
28334 12724
79880 5162
59637 17774
23339 49932
50769 61973
48954 49725
17879 62506
59997 22343
25449 2616
82841 76832
47002 47499
35350 57795
26505 76663
44026 74962
16674 23834
4207 58633
74537 2603
7819 64457
36780 74290
17892 45067
14564 44536
61019 11143
60107 48493
54818 9030
45034 17688
28817 81794
38688 39336
79120 19594
20551 14546
83624 25839
80155 83129
22274 42035
75776 38319
72451 10889
30108 46493
11335 79012
53962 64848
68390 2092
64123 81509
28370 77375
77540 54754
62062 22160
60656 47870
36592 33124
1902 25169
56114 67296
32330 36733
32484 68215
56918 3073
75952 64175
29152 41756
19526 21874
75197 6818
666 31301
54759 40192
5797 34487
5251 58843
61690 56748
4407 44240
62819 5303
12845 35762
59303 60043
64919 10518
31525 43637
10891 72257
73203 4113
1629 17125
53297 81812
28575 1400
17395 75190
46977 2519
38770 39677
31335 49896
11893 61620
2088 49810
62887 50908
39956 4717
21208 35427
60200 49171
74761 43993
76502 48077
3200 67186
59617 55642
18170 53372
53132 44844
24242 17347
48552 45383
82158 34287
60857 72402
83022 25285
179 64072
82223 36916
9267 34954
43635 10920
4288 58966
38875 11115
55824 41762
35362 66689
80282 14880
71099 3016
75397 16847
27152 31846
10612 9754
81325 23214
44001 48941
7185 8515
67468 20186
47709 31057
6759 11454
14545 9885
50195 1265
47919 1763
60995 44714
81152 80932
5358 9226
47917 20480
48030 76383
22973 82068
73242 60394
8783 82707
73500 43372
26833 13872
43900 80291
70731 15988
14885 7362
62718 18182
76038 10638
27499 24324
29549 12020
42004 12005
46231 504
35044 56751
66004 30550
55435 27554
36326 6554
7139 10409
8306 50712
48866 41997
45250 81980
59299 69381
63731 62397
65727 25861
69034 79359
16084 24388
61626 61501
69718 77570
69843 8031
38308 58002
59242 24239
81390 66531
48254 828
8602 10428
24688 23050
60015 25916
11444 34507
10509 18861
51208 71041
23438 75424
37798 24818
10086 16255
21597 9933
36169 24668
14684 24517
19393 42128
65055 29848
19727 21290
68248 51730
82219 83270
2975 38892
38427 78847
70967 54039
17306 66409
62116 83965
45443 37409
55068 55906
58178 32893
2816 45189
38210 69541
24781 916
8251 36891
2889 21138
30452 8077
68108 8230
44025 64740
75852 45119
44931 7918
42770 81245
63721 56374
77773 10480
69490 58450
71889 1573
58361 11565
60032 41734
39857 77089
74351 47380
17296 79365
40173 8635
22510 34399
34080 41821
29725 59086
63471 46939
48746 62974
37768 48555
6203 65497
19444 39354
46285 64106
81086 41088
21076 71555
70166 24942
37388 29900
22985 76970
20118 22355
21136 5597
31183 46255
15325 53705
5394 60942
41501 60509
75305 42516
16578 52854
57789 60769
34133 60869
48454 59268
24183 20013
26891 18624
73727 50537
4547 3209
41543 18276
45069 41514
19392 82863
48879 19581
58777 52353
70762 47935
21312 1829
69946 56936
39527 22647
15924 19797
3267 24106
53027 28442
65460 12432
19056 2149
41972 51288
20455 61904
563 19648
71585 35507
43422 44213
38740 25921
62117 2842
37989 65186
75200 51411
19279 39784
74087 72002
57948 36395
44393 24897
14722 79538
5254 56736
18275 57031
72216 20949
15320 63877
40381 7833
3251 13896
52643 8770
80940 42374
28884 62483
58455 79668
46845 37922
12122 18544
42778 30822
7214 67996
79712 64780
25579 28365
76472 54572
69001 64292
29117 1700
36429 40372
25653 82774
2956 20789
10957 44379
70571 82636
58388 56230
11453 80168
67082 15971
51698 78528
25487 16965
64287 69421
41650 36949
79059 44709
79309 48937
67051 16795
7347 48440
47326 74099
52109 62066
56052 8274
48449 2322
50609 58600
48868 48498
1598 54658
37310 32259
45210 27454
46053 42756
40382 30598
58403 40965
73536 83083
11482 62415
28272 36770
58225 72745
54475 44664
58000 75658
37832 43393
21469 25478
55553 16664
54290 82927
18294 75010
76963 30006
11283 77705
18828 79874
27235 31067
39746 32650
62209 64041
68853 73833
43964 61572
77422 2543
49254 41086
11594 66973
868 12529
53669 50351
83730 19446
54332 81738
22924 42160
72852 10658
60571 69368
74438 64349
17948 60646
26118 78984
24381 34867
50040 8773
37941 58915
72597 51063
64303 25321
5536 36204
39583 18755
76705 47682
64763 7737
73307 32321
60746 29273
29429 82978
3518 401
321 42889
20189 46684
34430 81351
39344 73647
83959 19153
83436 35751
61937 41948
16277 63531
54678 41179
23511 79269
64473 70296
32080 26223
3729 78327
15645 15777
36336 38748
64626 7939
8746 25552
78498 68617
47417 66078
76162 32536
62979 49285
74131 55443
57157 1431
33805 39083
82313 34209
62396 26771
15675 18883
67178 38811
75401 3314
2300 3778
34019 55237
21345 10317
76239 48318
7670 60941
19155 19349
41902 58548
60430 82037
17760 50073
46844 72780
21406 20576
6933 77837
35740 58215
47339 41169
54987 14123
83395 35856
46660 59762
6386 36170
37993 25924
38229 79501
69418 59420
83748 37325
10070 21352
67354 76872
25404 16848
82318 2223
24019 16242
78481 6872
21907 42800
71266 72428
41447 62535
39463 48343
35581 18580
12562 41323
70048 49156
76028 72107
46089 3338
1691 82430
17951 56920
67918 42453
36886 51844
48892 23331
63557 42810
44606 80358
21369 4527
13425 37082
28558 42470
65980 74519
28982 7322
24697 65101
73225 8373
80404 8900
68899 18339
69743 19867
72236 13403
14938 21415
54703 30804
60358 12041
10014 46804
15279 44324
17201 54086
2278 45033
62852 9120
45641 64548
47523 52503
18221 71449
57926 8147
78336 68771
44833 54573
22572 20315
39936 71841
3770 11728
15545 27166
29145 58786
16871 20849
18660 15106
29698 34178
40296 29806
16430 31361
17068 7408
10303 73097
55681 3176
14644 6880
10189 29560
2465 62744
63473 5557
56525 5529
5573 28705
25737 30496
14132 20006
4299 65613
67303 41873
77749 42330
7769 83143
61484 2524
15588 66880
33163 37964
5673 64518
8684 3082
1347 72094
12649 8908
16226 26231
78879 77290
77019 4720
26218 27373
3836 30082
11899 76381
19079 64418
36357 938
75990 45795
45592 10568
46164 76230
21045 48250
65620 66736
80342 21520
31697 52060
66180 27890
74742 70285
8958 964
12990 82272
75778 81631
1833 36886
69316 34819
28443 72911
25107 49061
36944 66963
22515 50911
70403 20954
568 26423
12935 79642
28052 33591
66086 43842
62222 25661
48034 42869
77252 34124
24265 51464
57628 15620
14068 37406
23705 59199
49757 58399
55587 67084
28086 53175
67404 26817
29826 24227
53423 14771
41194 5461
16203 50785
61067 13990
14460 26947
68122 26234
17815 74739
64988 39140
37785 28095
5323 77760
10781 39764
43007 47309
64712 60789
15168 7127
50435 82067
37174 30122
59893 74298
78695 33074
40896 28418
58191 66991
29606 3122
72603 40620
53384 1621
38089 28368
56094 23714
24745 43770
62348 27048
48162 65483
23501 42908
1676 60016
13786 51217
51953 78881
57418 21661
68507 64446
11142 62938
15627 73510
18792 78216
51749 37401
52511 32574
77406 10181
13333 80789
22115 14059
8482 36
47673 4090
26095 81170
44386 6558
26249 35945
77983 2
52991 39774
16091 58335
30523 74464
55667 20905
65420 12745
36506 48242
76274 28221
77811 25007
35780 55466
52460 9975
46675 36698
62368 54721
63509 2936
67033 38990
36555 4587
19317 15739
59590 39591
16016 18592
64139 34436
65179 59891
30255 26826
82362 15772
17644 83455
3896 3981
6928 62457
8943 22883
65292 1881
3507 14757
23475 30777
50153 59670
79245 75993
42855 73066
20020 35801
39683 35399
81523 2957
81689 73824
12627 62879
10030 8295
68151 20093
64513 28243
61083 8541
38478 52107
65261 49470
64259 3919
66165 4871
34297 65199
45039 56688
70849 61041
71647 54058
2317 22941
4142 1740
56415 75598
15616 5772
50284 8259
58998 36809
41230 36906
49328 62806
58007 26569
60249 35034
4717 3200
4307 35647
23183 24651
72964 30779
39721 58719
21515 256
64420 5784
17628 73822
40955 57062
50998 73262
63892 64033
14337 30346
74561 6199
72586 37555
70700 47715
75001 11589
61581 78388
62379 48143
73696 61929
20488 71381
7306 21483
51300 48925
34524 48664
64841 72224
49519 70880
46238 19097
37282 42037
42007 83797
3690 45455
77394 53347
5914 22802
16804 76050
48027 52663
45728 48774
76542 61275
3526 45540
81941 38332
44730 19351
49883 64817
12760 71077
56119 53455
45239 47230
46841 56586
53993 11331
46042 78926
32012 33188
32456 18041
30753 43622
40908 47012
77665 61153
11134 59084
8586 70676
39966 21533
15004 5605
44250 45018
22254 66369
2584 81929
70572 19013
42745 78485
4900 44781
60413 70807
55375 82929
74456 20897
67471 75196
55204 18288
34947 51951
2675 10715
61565 54917
77069 14665
2915 65718
41487 71303
49511 5503
74758 68101
51158 13608
42261 75428
75044 530
12810 33387
64011 72149
13115 21588
26989 29725
44036 43896
65899 15326
44505 42663
21841 48933
80587 71887
39259 51769
47623 68567
57147 51486
26445 28715
65137 75632
83289 46024
9873 53478
70233 13950
28060 29598
37665 83948
34755 59462
6231 24685
38971 79
75173 64908
52695 18921
29608 9465
81864 53231
12054 39697
75785 27427
12417 71037
77577 83657
44151 12660
35831 25036
8818 3081
74243 2126
69608 4077
55982 38770
27491 15870
10049 27144
39564 9351
66145 8785
39310 33219
56743 59324
70773 15592
26225 55302
54305 46861
52731 52823
32934 1386
81916 78324
67551 39350
59406 44980
71771 50823
23672 49141
2439 27322
82293 39818
67663 56168
24451 81168
75609 77292
65432 62711
27913 83260
61250 80584
35119 77770
83615 5489
69825 64401
80534 4132
56850 65536
74203 41895
82151 46072
7849 4069
68455 33526
26300 62076
47747 50300
60620 70651
19366 12846
31507 55405
19723 76956
39358 81296
53774 46014
41767 64266
8445 3582
83091 49804
54060 5069
34988 63891
37624 11381
21049 62243
78805 33051
30951 71269
53198 12066
19656 32164
25155 82746
3632 12322
32190 59597
40704 49788
60839 44222
63621 31638
73378 61510
57165 42320
55315 40608
4851 72434
26476 59140
20888 28385
35745 80442
17883 53820
3820 12446
33869 1350
36409 16828
72183 77782
23067 3701
63681 66362
2610 58253
7252 9058
11001 65808
78853 23755
39057 60710
8334 36011
53348 74063
47637 50880
52022 70211
18424 6386
30939 76764
14672 15424
74839 67730
65569 22796
15813 5219
68415 38049
76077 78791
68847 43440
33005 55933
65071 14376
11830 20290
31206 10070
78620 63196
16028 63734
76589 32643
51112 747
30925 50765
55427 23152
18911 49378
14001 5751
22958 39621
28064 23944
35986 29285
57603 44574
53527 76490
33333 64665
77265 29981
7331 58284
64273 15217
49114 13309
14807 21553
71532 18246
55546 17302
32290 79326
36404 73764
18994 57423
47579 65031
62289 48061
2763 56358
79406 2692
4563 68836
7167 48273
31415 83209
33159 71236
72448 13937
40537 54870
47561 62084
15998 4396
70112 36557
30984 57186
57987 73045
50918 55346
1032 8774
51509 8543
33494 11436
39439 34443
30863 46877
38984 62211
27576 52603
21002 66469
57521 31881
82753 18026
41574 15862
53254 3161
4441 21234
35919 11322
10499 74767
64448 24484
61747 25758
43611 58472
55361 48932
13160 73056
34206 34473
66367 62637
8699 8759
46119 24316
78921 76300
71792 54167
42831 15185
59410 73357
6829 5211
24084 30442
82596 26536
58118 19319
17838 39367
404 1468
52516 48741
82353 7864
40049 66873
41121 1595
75473 14779
10779 68756
14527 34851
20687 76753
32717 69537
17052 1161
77859 39760
53781 17965
41865 41882
62701 62966
34168 27992
22739 24729
77729 62228
42937 62689
36936 28066
26040 12983
54329 50838
48183 72488
23841 83021
51577 82187
49457 70963
74763 9296
29424 19152
2718 16641
3011 66830
73208 19059
80217 8913
82134 62612
29978 67291
11663 9515
60611 74208
25988 21592
34313 32384
22120 82175
6526 54200
52565 82002
81004 47412
56218 29537
19563 34403
11674 53267
48225 7822
22299 56607
15382 5625
1851 42007
68923 51725
57038 3627
59469 25246
64770 51220
15534 58960
26627 79487
24976 29455
34892 62832
37744 80596
64772 53285
50080 83276
17066 20616
56533 78510
27081 68323
78655 37700
28255 9838
37090 56721
24821 78620
54832 4052
23642 54699
53547 8695
19130 73622
3772 11121
38037 19080
34315 5237
30866 48434
80961 36358
59111 51547
32548 36810
48450 60884
76403 44759
60053 39780
11238 70162
1353 79338
61458 40389
17460 61593
42369 67036
27816 63936
50266 50607
55482 73425
78276 78557
33585 17992
9576 61516
12489 44182
73008 11926
7701 64183
6831 44881
43629 69828
30782 67764
61727 82755
46440 8249
79479 32977
78412 82461
703 35156
33248 35554
66132 37873
81220 77914
49931 67308
39651 29864
51734 41033
48615 42489
17333 31381
73343 74189
5391 25070
76086 45681
22265 40154
66028 25146
64598 43909
44457 67853
61353 53942
11751 36507
41592 34592
69524 78350
56745 55555
18586 24688
34132 80355
15315 18256
5789 38669
16761 24900
65433 47381
36832 71143
47264 42093
56373 76252
37084 68173
34501 22730
80339 15364
34572 38203
41027 83702
57118 32379
21625 78399
41359 83027
64393 44221
19827 65137
72834 49152
83448 32196
57671 51332
6976 63484
24763 60173
19481 70440
30129 44748
24005 19182
4701 33388
61637 79428
34109 33101
21438 16310
61229 49357
57204 72180
15208 51522
64869 429
5347 8723
57871 24764
46730 33399
73513 64888
63597 59607
60000 72175
64617 76492
14745 36319
19406 66994
16208 74378
45824 55115
12266 26109
26704 34826
37240 6684
23679 56061
22059 82328
66682 64168
73826 78024
76766 14167
27840 62439
76487 57302
68946 50710
74815 41045
23668 15656
54581 18315
10071 23738
32265 16111
65289 47361
12361 7144
43078 5379
3403 9212
37262 36354
15990 14086
51665 71892
48964 70153
77377 35182
13903 16702
42407 12569
20156 55479
3785 26856
10626 5235
60324 74262
62896 7849
59514 1292
82360 14606
35301 44251
77884 36330
761 56336
43179 30211
81575 28894
59389 81044
42588 79124
74601 74792
16951 34962
27705 46341
37088 30981
42359 19885
7280 3009
9270 72576
71717 76562
78944 41513
49990 28820
12131 22524
52280 50237
33445 71004
23333 80780
31468 2286
52287 21024
11691 11951
2689 80496
27293 35354
21357 63735
50922 16327
52743 12542
37348 32270
15808 53268
39132 28964
64337 31723
56671 60229
40646 79903
79104 21712
17209 22747
47061 28881
12598 14076
48164 416
67195 31297
26198 40435
64176 57042
58386 75975
50868 50686
62448 27970
35191 13156
73802 10748
78688 53548
55453 58214
11826 58003
55383 50394
48266 80617
24427 49829
56900 70945
82666 35616
55839 26887
12183 64425
5301 57233
67285 68674
44794 44865
60756 42216
29391 65410
20326 66527
64923 80693
69112 50843
82518 79503
68771 26932
11007 48885
38104 18942
61371 10140
57326 78769
10379 22071
62602 52954
19479 28565
16750 41185
39376 46304
56064 35933
38730 32607
74520 38100
6256 49735
72220 78701
10032 61567
5911 3182
67295 73835
14108 31992
66933 8480
55695 59277
54136 50970
12385 74929
60904 45244
74512 47124
33212 49935
46591 2687
33406 58370
10718 55593
65988 11726
2133 57326
14934 33414
60671 45644
23535 29958
23883 35275
5933 48051
10918 34061
54559 62722
39014 20723
41150 28723
76967 76742
59638 67787
58976 69591
81765 4758
34744 49997
44740 47786
24536 6289
27666 29961
24260 20809
10253 12109
79175 80669
33990 6563
13937 32820
56859 10389
70042 68847
767 33443
51765 59389
15294 19534
1744 38425
62538 57134
60315 36506
53097 24383
78891 30028
63796 53670
39689 40842
81068 21841
80838 68225
47282 8753
39670 30385
11487 12095
16396 81389
1819 23062
25009 37781
14669 61637
2083 22011
24671 30966
3515 2253
27425 25610
63061 78989
31691 10099
57120 8832
82059 35265
70594 69987
25024 16271
11285 60626
39442 72541
60743 48357
19421 23452
2860 20018
15265 69948
21772 24486
19979 32198
58362 1147
63577 22518
61800 35696
2573 67273
58919 65656
76707 7452
31802 51617
26390 17689
38645 21890
74637 6337
51346 61482
6675 20436
43759 17340
1033 31710
13457 79819
82630 48129
54485 75218
64973 36606
75847 60609
78098 32217
72654 59631
38113 22957
4852 14402
63898 32535
63715 83904
77469 79432
63951 5541
30397 8792
69247 17814
2493 76
55313 37645
75551 60395
41400 69324
72517 64220
8325 51776
35108 72131
54676 70972
62042 52940
15328 68820
64853 61161
81619 68113
45452 79367
58763 75691
57178 53111
2728 68613
37751 53436
25193 21876
61505 65950
30423 65501
66537 16547
28797 4774
77026 27118
78919 9623
61403 78617
17192 48170
38456 15144
51167 79220
54639 54056
47220 50145
61909 49276
21238 39259
81507 48972
27160 3130
37023 41229
11298 63862
63294 26045
16921 28256
22714 57087
26147 83684
20489 19290
79397 58975
64512 77389
13226 18330
54524 39581
64714 51952
39801 32047
30766 18654
27451 2147
72985 29763
6167 57545
2377 63803
34185 52330
46799 61126
20789 60976
22901 48703
65992 26830
4191 60726
8345 17094
44268 54500
56443 6731
14939 32161
80946 19076
29713 83890
15819 13276
73661 38722
29373 49026
63749 6963
33794 45948
44607 60961
46563 50667
6118 56805
73011 10240
35061 78413
19816 38529
79206 46501
13651 67183
6609 5312
57387 62844
59918 8881
14540 46201
13880 43445
80029 25360
79909 40678
13353 1450
73725 19129
5502 73609
66494 35339
13817 7850
21896 3236
82566 66783
15475 28665
26921 82664
20583 68301
38290 48663
66309 58768
13015 52877
20224 43784
47676 80338
43858 60332
18059 45473
16120 81497
26463 37346
57555 48231
54494 6674
864 76759
32155 16161
62085 57462
44738 63900
37586 56808
66195 67368
22448 4740
11172 71827
34868 74233
48816 66316
54397 8820
47271 20098
32172 49536
69423 43274
55276 83258
29909 35011
18088 18869
56207 18640
54187 25734
53649 12215
60130 80855
67654 50318
47419 36145
3902 51695
58010 28867
19083 5491
1304 39704
67810 1588
11113 17425
44343 25493
41263 54838
52646 74619
21539 25384
56895 54735
8057 19877
51547 55957
4862 71704
19786 75
75309 8681
7578 21417
82787 4911
68129 34801
38762 63264
54960 8663
52692 28718
72563 61382
