10477 13045
1825 920
410 4807
12150 5874
4507 6142
4013 7057
3658 2386
2287 4001
12067 8703
1680 6752
11088 9273
12136 11171
8936 12985
1425 2951
9675 2786
6913 2869
521 1294
489 9986
1536 6268
3583 10154
3812 11193
8280 3946
9864 8154
435 9555
9196 2345
3258 3805
11732 7556
10648 10452
11491 4162
8929 7530
6874 4184
3612 10926
7360 154
9655 13184
4558 7623
13262 4713
107 11102
12433 8956
13203 2589
2616 1211
11439 7238
6925 5662
5575 9627
4553 4902
2548 10469
3528 6952
12510 11311
5515 4098
1675 7485
1520 13850
6225 4950
1585 3264
5882 6303
13886 7917
5636 1748
9892 3887
4334 6249
13224 9371
712 5882
11956 9418
7528 4848
8786 11457
2046 4838
6202 360
1292 13600
9045 10785
4804 6485
13589 4498
10300 133
10134 13989
5926 11237
9460 12752
3151 12201
11544 804
1140 9936
751 12209
10835 8139
3734 13646
12666 4690
4742 12710
1308 13089
3815 3771
1655 9947
6228 13139
4555 5773
7429 3589
10416 10431
13667 3116
5978 10173
2665 4107
6066 11105
5821 12380
3433 11812
10981 12575
4375 10801
11499 11156
11200 13736
10618 2241
1170 10294
9981 1592
10404 10281
2804 10590
8752 646
11947 5062
4011 12921
2678 7223
7574 547
6217 9496
4423 5978
10486 11999
11275 2154
9126 1477
3599 4836
11217 5353
5314 12247
13810 6808
12589 2878
12714 3290
917 2166
3753 12887
13465 8838
526 5995
13190 8698
5169 8222
6573 4466
4387 13607
1085 2696
3457 4211
9293 13512
11763 7895
5156 13214
3484 13887
10739 12232
8180 5550
6483 13177
10533 1887
7518 7674
2341 1234
4340 2307
2288 12357
4041 3697
12206 11081
9198 11866
8831 11050
4305 6512
12240 13183
9578 9132
7020 5993
9561 1480
6544 12955
5931 6465
3594 229
2267 4333
8349 8792
8086 2025
1490 7452
12383 6039
772 11024
1797 12272
2505 11016
10281 4296
2622 9578
12978 6243
11150 13475
6917 10462
9772 6087
1041 1776
6305 11057
6253 3831
9764 7725
7669 411
8670 10151
4120 9199
9065 5375
189 9996
11146 3627
11809 10612
1877 1036
11170 10411
8798 13499
12303 7607
4372 11487
12593 4952
10502 10638
5574 6690
1828 1912
4809 2291
7124 743
2592 610
7434 4987
54 8072
11831 1903
11792 1593
4316 3847
8202 8808
12484 2223
2928 6368
8318 7433
1744 6079
10245 10986
4890 12176
13790 11412
10469 8851
13802 6867
9978 9623
3259 12162
13840 11905
6127 2532
12493 6798
2647 10731
8838 1623
12758 13660
8690 8018
10 10087
9814 6687
5311 4584
8006 537
320 11310
1833 6071
5948 3560
13627 7265
13219 7286
5039 3869
3924 5943
950 1628
3947 11235
9296 6019
1291 8921
1404 10565
11992 5877
7963 993
13370 6524
1134 4521
12462 3110
8728 2002
12548 13504
2061 7451
2104 1502
10810 10859
7788 3476
9008 10514
2706 10478
4343 9784
8646 350
9939 829
6933 12891
3471 5465
8836 3991
12375 2064
11960 12894
11303 9251
3296 3363
11681 1125
5108 13596
6538 12537
11005 9081
13972 3395
6119 9608
7178 3539
8480 13322
7398 3818
1983 5384
4062 12688
3682 2418
1050 12922
5540 9765
345 47
9639 4543
9076 2371
3771 2130
9642 13797
3609 13910
118 13083
1164 2859
11598 1802
10340 10831
965 423
3751 2160
1105 244
515 5870
5414 12944
1161 12918
8424 3899
3900 9648
4563 5305
10961 259
7954 2855
3511 4348
8835 859
2168 2077
11852 12153
9356 6898
9441 8620
7745 1863
3982 12217
12856 1042
7750 7803
13231 7345
6670 12748
3120 5932
1546 8409
1589 9727
10797 1787
7063 7406
5805 8255
6940 3630
6736 10078
7652 711
11946 11916
888 12833
11033 10796
10707 8544
10588 4942
1613 7505
994 10541
6597 511
11932 997
5560 7848
13117 6581
1791 6985
4074 11242
3140 1769
3117 8033
8787 11672
7351 7268
2297 1205
13984 1324
3007 5278
4564 9967
7580 2431
4093 1077
1236 2068
7261 4506
13239 10229
9017 10373
1605 9591
829 8985
10685 11668
8857 5328
242 6241
1529 9788
12347 8693
3873 4832
2725 7434
6659 8283
7957 9920
7887 7049
3503 1625
6571 12995
961 11498
2698 1875
6210 10727
36 10665
6397 12599
4346 9034
12847 11811
12864 3523
7455 7047
4674 7399
6931 3744
11413 6780
11969 5554
12835 13557
9106 7431
10845 6533
11771 6816
7974 11954
2537 1558
3112 5121
4862 6993
3567 13631
959 10898
9490 4177
12055 6133
8884 2501
999 11253
12255 7771
5139 1100
937 1495
822 1399
9572 1528
7812 7076
8239 1583
8702 12200
2580 12105
932 6106
8321 13301
1313 2132
3045 9116
1123 983
9750 9609
1114 9202
11063 9203
3854 5401
6616 10978
1965 2003
9334 6731
4034 5794
9486 10901
9741 12293
652 6930
10148 11814
1344 843
6869 13964
10771 9838
9563 5120
9261 5762
8566 1698
5184 9469
4273 8314
3347 3486
10973 2536
11735 10760
5148 7901
3911 3675
4352 1774
6485 5737
2145 9114
13744 6023
10576 1883
4916 12495
7492 4565
5181 9407
12319 3706
1189 13226
153 7031
7509 9191
10178 12574
9225 13410
1639 10187
1201 10053
8809 11059
3493 10530
8289 9122
13645 431
2171 9978
5719 10778
1128 11362
4003 4382
6055 475
4670 2956
2585 4478
7180 11514
8901 12492
11527 5063
4957 5568
10022 5752
13942 101
10715 2973
8667 2348
129 9279
10943 10770
13388 6567
9087 1141
4906 2325
10869 12141
1698 10374
2201 503
13943 1504
1892 12225
1754 8692
12164 3525
13826 6164
2547 6879
4463 13802
4617 5586
9910 2579
3451 6063
11758 5106
5618 11823
3336 5315
11264 12728
10392 9300
4326 9769
8281 1392
8005 862
4115 2550
833 2580
1513 12361
10393 10123
13694 816
4534 11043
723 1337
59 4459
5465 7260
12635 10846
2144 6948
10439 7958
4292 13917
2648 7243
12145 6786
7240 4476
9039 3532
11562 12369
7008 8395
9190 1865
159 5656
13781 7044
1233 1817
11322 4641
2443 11112
8939 11117
591 9718
6050 7973
9544 8634
9053 10931
2427 5054
7042 745
2089 3613
686 6476
5051 9820
5975 898
13044 126
654 3350
5863 4939
3442 3461
11175 12573
4089 2249
10928 12521
1685 4187
5795 4743
12782 5376
9174 1966
13655 127
10169 8150
12280 12240
2533 7056
3879 2879
2663 2117
13106 6230
13284 8726
2901 11529
6756 13918
407 8197
2939 9155
12068 10946
5443 13209
12819 5803
6746 1181
13144 6506
10976 12158
12044 694
13469 7148
4066 308
13818 7533
2609 1276
12901 5130
11490 9434
1772 7034
6268 9395
635 6627
7712 11625
3645 10489
3270 6844
13379 4744
7542 1888
5729 6637
5001 342
13031 5322
3729 2816
3653 13129
388 10128
10814 7539
3165 11299
6529 5929
5379 1444
4565 7156
1138 1735
12671 3987
4574 7139
5754 9649
10511 6561
8347 8585
6549 1289
11134 13933
13938 5084
5426 12220
453 5563
1890 3631
4280 5457
2926 12766
9513 2755
4350 1252
627 8364
1777 10375
9775 1869
7120 8694
5664 8356
11937 3177
12885 12718
5140 5725
7150 5753
9933 11918
8380 10575
1895 13354
6312 2420
9447 3872
3115 1685
4174 2400
728 4194
11613 3233
7145 2843
28 9870
8519 2505
13214 12456
8822 12438
11254 10740
11788 1235
12157 2903
12076 12663
10988 10289
3229 8096
5968 7602
7067 13521
1147 9237
10883 12450
5410 9495
10210 7355
5144 11160
13544 9249
2042 10535
11793 10409
4921 10233
8309 5296
5068 10277
10927 5180
6692 2474
5345 7206
6593 1119
11424 7683
4845 7246
9084 10345
2086 4962
3144 13048
6889 4501
10895 9690
6212 921
11098 5767
12258 8313
2852 1216
10085 5086
9325 7566
4931 7405
6654 617
8978 933
7 6042
4979 4704
4701 1258
3444 10563
7044 13851
12874 10077
9503 9734
9940 8308
10727 6300
5280 7582
7619 9509
7239 9082
7245 12974
11070 12107
3502 673
8376 7369
7753 13269
13005 9367
13043 10680
12058 3085
2781 5268
10795 9913
1390 7793
4650 8215
8446 2472
10877 1014
10371 7382
10146 1696
5492 13287
1531 5627
12307 11704
3849 1382
11024 8267
5086 10587
3681 2828
13215 642
3263 4060
2415 11594
401 7173
758 7200
4012 8587
7785 8565
10016 9992
12591 2601
1194 5963
7462 6109
6791 4635
10319 6348
9432 6698
3186 12689
11770 5544
11410 11124
6292 9796
8100 858
6548 12931
3998 10337
2418 10606
10749 5483
11267 1080
91 5402
12304 1549
12617 9142
1747 11115
12754 6334
6966 4656
3586 4129
2882 11858
13175 10758
11402 9875
8487 2464
7612 5462
823 1336
9133 9548
4083 10873
1989 2318
7479 5732
2185 5083
13131 10749
7613 11444
10938 10849
8703 6422
9158 2113
9756 9750
5199 11614
13751 1389
7252 5073
10038 9158
11785 6172
8271 10543
6992 12971
8977 5382
7306 2094
2608 10980
12185 11516
7778 13615
7374 11230
4247 8625
12318 1532
4051 10585
10448 10985
4544 6938
13764 8332
12742 13435
8541 299
7940 5941
10269 5061
3920 2954
4500 3510
7207 5599
1270 12553
11691 7968
4682 3146
3842 3712
4452 2254
5503 2539
5239 1265
8850 4847
1321 12913
2268 1658
2472 8318
3789 12631
6276 8844
11370 12102
2504 8627
11574 619
3506 13514
1053 5518
6798 12556
6679 10126
5422 2148
8891 9786
7634 6173
6813 2528
1021 2659
3389 2963
6884 11352
6382 12634
12613 10236
9570 2713
11396 11816
321 7171
12544 716
9433 6732
6233 5969
7815 11082
97 11790
5764 3892
4893 7278
12345 10004
6390 4669
6866 12328
8819 12265
12248 12842
12037 7356
8948 3834
13470 8750
9884 3919
3614 5071
8000 12852
3596 7685
4472 3179
7141 6027
13654 11114
476 9346
6372 7219
5508 7565
10959 12607
11128 4617
13077 12749
6625 6257
11865 8240
2705 8642
7658 6860
2092 2656
10196 3272
13897 13128
442 9907
6456 2268
9698 4097
9247 855
10863 10506
445 7874
1376 6082
10531 9086
7023 1681
2224 11656
7565 8453
2978 2043
824 4671
4263 1375
13363 12503
5364 2627
3468 4470
7450 7362
5356 8411
5530 2415
12472 7168
13164 1503
4559 3638
12321 7392
6907 5728
4134 437
1342 13791
7706 873
318 6496
12273 8225
13789 6127
854 3863
5734 6327
3674 1338
10652 6143
1125 3679
12800 462
10679 5222
660 1624
12358 11710
509 10649
4052 5494
3267 12966
334 2393
10180 2255
2497 628
3909 4701
2069 7741
7759 11405
10969 2274
1875 12433
9241 11560
3572 7686
7620 7350
11461 10082
4199 87
12565 1299
6044 312
2750 13400
9927 3534
9950 2450
13623 8992
13304 13691
13822 9976
12744 8648
2684 6935
5097 1822
13451 12717
9482 4721
421 3894
5112 4935
9434 1997
13362 783
6150 3907
6499 13536
11715 13955
3250 13008
1246 10205
9701 7490
11316 1030
10277 13501
3979 8190
1670 9777
11423 8783
12657 270
4942 10354
11211 8444
9838 9422
1984 3964
13046 11773
9273 2353
12823 4773
673 7033
5689 26
8729 10074
7019 5781
10839 3942
6072 9350
1130 6826
8290 3069
10610 10886
5591 10949
208 1403
6883 8577
8032 5909
1730 1109
7103 8619
5935 8915
10414 13361
7533 12885
11589 8317
2507 9080
7136 334
2886 6398
12023 7703
8549 714
10658 10415
4426 6339
10092 6117
8818 4156
12692 12245
7922 267
7617 5851
7137 12920
11978 1107
9708 5650
4398 3951
5281 12009
4023 10766
1420 13901
4570 1699
7386 12641
3996 9534
12296 12046
7614 12398
9337 5448
10000 2186
10948 727
13648 13915
5512 8946
471 5547
8099 10532
5326 13984
2980 13419
7989 11218
3476 7613
5814 11394
4233 7841
5577 10351
4582 2987
9768 2210
11489 1034
4527 11732
9107 13571
167 7499
8465 606
3131 4808
1403 3303
3955 718
11798 12962
13476 3269
13524 687
9097 5171
12422 5081
3938 8445
11315 6525
7801 8898
10583 7757
11663 4151
8042 600
7343 12342
12992 10599
283 3132
1525 4688
4821 5849
3631 12794
6626 784
11335 10744
3987 5439
5017 4477
10879 2040
9529 6030
6047 7160
7754 6554
9069 12179
8699 7205
5633 6335
6972 5555
12222 3061
9018 8130
5420 11339
5765 8152
11516 13773
7435 8508
4439 4370
5024 1354
4119 11913
3778 6956
1977 13983
11818 13473
3156 9871
5170 2957
1959 8938
12172 4814
8780 5263
12488 13170
11308 1312
3034 5373
3139 10829
3546 4844
12102 5022
7934 7306
4531 9874
11872 11759
9660 6982
12456 2731
8596 11302
9778 7273
4637 5760
1648 7326
3181 13458
4854 11909
3728 5777
5913 13084
2940 7127
4953 4499
232 13758
11601 940
13179 1230
2074 10997
4495 10446
746 6656
894 5953
9067 8407
4787 12287
11427 11132
13277 2622
10451 13684
12334 2340
8043 9955
1681 11110
201 12802
9406 7180
4659 571
7691 2069
7844 1102
7217 3867
5583 12756
3021 10571
842 6002
4137 5934
7828 6273
1870 9294
1071 531
6566 9914
8057 2514
1214 11126
9454 7372
10313 6078
11247 6096
879 7274
2486 13164
2445 1260
9222 9404
13353 2256
1396 8675
4067 6013
1941 6522
9144 5151
12525 10643
6819 4567
9934 4090
9767 1859
10133 425
3698 12054
12709 3049
8562 8177
13211 8483
7382 6341
7254 13874
4872 1930
9643 4289
7026 12698
5004 4265
9317 11535
10175 7312
987 3516
9989 10025
12126 4679
1626 11371
12497 8048
3405 3280
10249 2010
3458 2224
4336 1214
10821 7407
1331 2829
2574 11688
3930 7293
2848 1439
9044 11173
1230 5237
2565 10942
44 5693
6694 11626
12900 1064
11295 9012
9730 8883
7700 4758
4772 4915
535 2581
3793 11663
4721 12874
11583 11473
4633 10449
11518 2853
7439 5923
1167 8336
11263 3674
3825 1989
4335 3293
10241 2276
9664 3879
10833 8095
3242 13565
13290 5913
1881 9078
8923 9377
3684 6045
10611 7658
2442 9039
4353 2127
2331 10027
13901 1413
978 1078
2719 5068
5040 13768
13609 11747
12271 11778
9326 7843
4729 8613
7196 13603
2038 12602
7680 6709
11284 9420
4983 1209
11465 2054
6595 5195
4461 10525
8200 13360
8848 7373
8091 7633
7173 11143
1318 8477
9799 5645
13486 2103
7079 12784
12035 9033
13051 10483
13944 9631
4103 2982
424 12580
1497 2115
13722 7089
11048 8239
9425 908
9620 2035
340 8489
12530 2508
11015 4983
4416 2698
9442 2654
13140 5287
12503 11622
12391 3695
2871 5670
7709 8502
8503 4654
10675 1293
7246 4106
13965 3217
2974 10405
9591 9025
7142 4497
10401 2051
12923 10241
1495 13367
7701 10067
5701 8741
6691 1531
5461 8235
5261 10502
10980 2763
1714 9697
2635 9514
5404 2527
6745 2805
11366 10793
8118 10232
4723 11807
10856 9915
6562 5532
12461 9235
9013 675
602 465
7452 1331
1443 13492
5154 10510
4136 12633
5297 9450
1900 4337
12658 10669
6623 3454
8432 12566
19 9374
10776 13080
8890 13438
7570 10470
6771 497
889 8160
3074 10276
8495 8939
5928 4746
10202 10518
12394 13949
8168 7913
10247 4013
7243 11223
12452 6654
846 4874
13529 13636
4376 1196
8999 11283
2147 982
4720 2590
7179 7203
11441 6810
7942 7934
1990 7610
473 3343
10323 5574
9976 9940
3921 2354
11630 5122
2595 11770
5092 5232
9025 12030
225 5659
9049 13635
6685 2143
1528 12463
13736 13781
1859 8438
7561 12899
1925 1740
10613 5229
2523 3961
8166 7643
11741 2008
4782 4383
8338 7367
11558 4062
4480 2309
6808 1587
7906 830
7737 4755
3994 6294
7484 10083
9032 6851
2370 4068
6285 2617
3123 5365
9821 9465
8328 11815
12228 5124
2237 3111
1144 12917
13026 2611
12660 8164
6799 8434
5569 7649
8319 8172
4378 5056
43 8149
4635 380
11896 1476
4892 6443
9617 8282
9502 7492
10813 3945
8023 13538
2435 9558
7317 5782
8825 798
7936 13755
5655 4610
5447 8109
9043 9790
12499 10720
8904 11019
6181 7711
7461 4682
5273 8794
3091 134
11428 1762
3913 7061
9369 2195
6275 4334
3827 11920
6731 13852
716 12516
5214 6607
12202 5996
13703 742
11555 6564
6247 839
6326 9344
10874 9205
10683 3190
2493 5940
8116 9065
607 4729
12942 13674
8230 6330
9670 8262
5440 7379
1645 12524
7214 9009
1634 4583
8618 10212
7487 11148
252 10012
11837 1947
2362 2109
6718 1585
10728 6454
2530 6115
1226 5556
7693 9140
13757 5991
5547 12370
10212 2364
11350 3262
6513 12978
10647 8342
1316 6577
5384 8194
11049 660
8743 13812
6227 638
5189 2246
10270 11692
11776 13420
12443 7762
7995 8509
8865 7488
589 2441
10117 9933
1122 8447
3847 13813
10341 5374
11214 10045
4709 5219
12956 2663
12236 6439
1481 10101
7111 12114
13686 4903
12458 9728
10384 5512
11533 8312
1647 8352
7270 8722
2726 8026
11371 11612
4907 9223
475 4912
754 7781
5315 273
