20953 16624
3649 16703
820 17444
9013 16052
8025 18446
7315 9824
4573 15562
3359 546
17871 12071
2849 10855
19350 3592
13826 13650
1042 19127
977 10082
3071 20620
7165 874
7624 19560
16560 15552
19727 8701
870 21483
18391 18956
6516 18928
21296 7457
17857 1683
13747 19121
7224 15744
14720 5588
19310 17179
9116 20612
213 20308
5232 12459
13849 4843
11150 7937
9106 1035
5095 18762
7056 3602
11030 6252
3350 621
3040 14452
12450 10280
3170 13723
11764 4963
11271 13532
19783 6682
8668 13448
1424 16444
15055 20037
17572 15454
4091 2041
12404 4525
2583 16997
18090 6795
9607 18380
20600 10652
20268 21700
11851 15676
18919 17219
6301 12348
2280 10282
1502 5675
21669 15063
7468 17470
9483 11218
2615 17901
7629 11610
3310 21080
12456 8663
9109 19991
14858 15866
20831 6301
11955 8078
5330 9143
12131 18288
11642 9782
6866 7369
21961 9753
8749 9471
21235 6793
2340 16024
19961 10389
20807 15723
5608 11430
17503 18367
8022 8961
5355 9431
15148 3994
12434 18792
8846 17800
20972 12442
18251 12929
7197 11310
10627 4800
1833 9518
7506 1379
1052 9426
10337 2590
13146 11350
8774 14496
2169 21495
6914 8404
18586 15699
10312 7012
6968 6622
21478 17649
16359 8885
12965 18417
21065 8901
15036 4499
4682 3580
8680 20175
4576 19230
8082 7841
18395 7945
17662 1664
8610 21950
19156 17402
14039 7395
19122 20905
13088 7630
11862 1721
7187 3284
4533 13544
16697 10824
16172 15480
2979 3295
1544 4505
3593 170
5009 18034
20561 5176
5243 13334
13834 21394
19544 15588
2082 15646
12609 21317
12505 6536
19527 9413
15338 10525
17339 9353
8239 21165
18129 1939
377 2932
3754 21375
17596 18814
8744 7610
21004 17536
11147 1223
3656 5737
9618 13694
14247 5761
5183 1191
14868 13009
107 16233
8631 6106
16404 9486
5855 1228
16636 304
3487 9778
20490 18611
9780 19752
20938 3517
19955 10979
6518 9325
12253 14889
5294 21015
17675 17803
17379 17181
19 16185
19627 4398
10622 16523
16011 15337
639 8941
3666 6319
11895 3692
10077 10836
7847 5325
1899 15038
7893 21244
18592 8431
2581 6102
2807 462
15925 11047
2268 9668
17456 18606
4121 6330
4208 5751
21619 20020
15575 20930
18016 13288
5411 14015
8686 16885
17291 10746
19877 2843
13866 13135
6941 21931
17672 3126
6592 6055
10215 4608
13075 10604
12237 8129
14356 224
16960 8546
14795 12569
3966 7718
8124 14639
7363 8749
2099 10802
11079 9895
690 19087
19278 18773
18151 375
7541 8571
19283 21420
7217 11782
236 7744
2327 2036
20680 21883
1930 3874
7502 15251
2209 10054
1030 5234
10828 13285
2322 16467
16848 10191
7799 3848
9126 12044
21922 20141
15907 7237
7021 7181
17670 4377
4336 15670
18712 5020
18882 14909
15489 19849
7963 12243
15499 13627
13339 17998
6240 15429
3091 17614
3177 21762
21594 7157
14125 8109
11610 19524
13880 2683
13471 17220
15304 14640
1776 17308
21413 11855
21175 2560
3225 18487
1987 3677
13194 2024
11119 17946
3581 16564
8148 6625
6279 18767
6233 17586
17574 4911
14701 5392
4594 10752
13825 17051
6013 14479
9128 3809
15160 6731
8186 19109
2471 16018
14521 2980
18034 16724
3209 14598
1658 1824
21370 14859
17714 4324
484 16819
3057 13613
7746 14969
5450 18479
13318 1892
15914 18311
15774 15152
7005 10099
13142 714
1922 12975
5395 8339
12419 99
71 7141
12794 18951
8691 2394
14910 1485
9348 13884
13862 11290
18212 2090
21689 17733
15948 1975
5073 2262
6223 15469
9723 1040
7134 9408
1917 13398
18979 5898
17767 4438
1998 21022
10277 13775
1874 12271
1644 12534
19143 14698
15624 12370
16478 12310
17404 2630
5159 21686
1864 17672
16641 4358
2626 21416
6090 11396
2246 3888
19499 5849
2227 17605
7708 12880
13231 17330
3929 4173
18668 7298
8068 114
18971 745
19482 9777
1303 15172
20296 17841
2687 13898
13738 17431
21541 12429
19126 7526
18522 8111
17131 15094
10367 11343
8545 5084
6694 9033
21946 6177
10296 3698
7822 1056
8704 21634
12970 13738
4289 20150
21152 513
9831 7887
14983 6753
10361 2205
2378 3307
306 19463
15018 1101
20355 14629
18449 19589
3277 1596
2401 8020
17618 1450
6985 13182
16577 14384
4341 7679
11437 17687
2255 7120
8005 1850
12109 4592
9339 16512
5170 9479
14359 7674
17801 18878
9913 10450
20044 18923
21430 19593
17333 10508
257 7763
21885 9889
18174 4695
9811 17081
21738 7244
3395 13552
4401 9847
8667 9017
3783 1998
3508 18243
5094 19388
8925 5739
9233 20513
19820 13999
6902 18215
11236 16241
6672 1537
20783 11286
8651 21081
16562 21999
16009 12490
8229 17186
1665 10445
3025 13643
20785 13378
9067 4890
1445 9827
117 12336
10930 6026
4287 17627
20877 15517
8584 7897
5295 7385
14479 9855
18078 4731
14015 15173
18380 1889
317 18429
2466 13523
4885 13649
17878 18262
1181 17367
12099 4394
19088 12728
18106 7958
4853 8356
14084 6663
4177 10823
1371 21192
10102 2591
11949 14739
1308 12160
11725 3030
6884 17552
8177 6242
21855 1689
3369 8797
11590 12360
18347 19824
13317 19757
20338 1296
5065 2385
7758 6166
5325 19254
5802 18313
13511 7112
813 15709
5878 6845
10886 10911
13492 9935
21952 503
8132 6941
8743 6227
5217 3845
3543 15694
12536 7950
1269 19806
15424 6702
7289 12997
6540 7843
15084 18091
11458 10539
10001 9276
7458 12474
7305 15279
776 17487
21628 21258
6329 11773
13057 10107
10757 11785
9130 16804
2275 16295
9147 15271
11507 3232
21021 15385
16693 10494
13097 6657
17571 12148
10852 10254
905 13564
3780 1499
8560 18433
5852 7251
19025 4782
8699 532
1254 18131
3553 19138
19549 18978
14240 13684
11328 9673
10279 4995
14300 6429
19865 10810
16759 7538
3790 12447
12623 18671
18894 8053
6229 16362
8347 18044
1455 21451
14289 11062
56 8433
17037 16012
17644 21028
21976 16076
6457 15101
11935 5513
14133 11541
2293 5547
21766 4587
10820 17910
20420 16002
10287 6031
4084 17765
9841 21031
16618 1925
10135 17169
21853 1109
13383 2436
10689 21897
13186 1590
9689 210
18167 13514
4171 4506
6287 20667
13778 7584
21789 2228
12424 4949
5703 300
20170 7168
18649 16572
9862 14943
13307 12230
17955 1981
14 20246
9958 20898
9402 21849
6888 20203
14087 15834
19005 21604
19880 15987
21454 516
10560 217
15237 17440
14477 18077
14489 13479
7003 389
16751 549
15506 17348
5561 9003
21590 17556
2779 9395
9300 562
16891 16457
21754 14110
20741 5875
20292 3507
10984 3157
3061 17184
7697 4880
10172 6290
7362 20309
6526 17251
4829 8272
801 11615
1515 8760
8024 13006
15570 12225
20031 13305
2387 15041
14924 18514
13581 7970
20637 7401
18864 9830
6372 2642
12583 21422
16200 21296
13096 1039
7995 3064
4836 13281
21498 12428
182 18111
3493 15598
13932 1839
7171 20865
5764 310
16973 5616
15223 2710
1646 16380
18266 14219
8166 21133
3977 10856
14958 18542
4370 3125
15226 17307
21876 1395
17405 7529
18315 6928
19512 18573
10398 15582
14503 8884
20076 1526
16541 2437
13984 9188
17953 17795
14612 18466
5216 21565
15555 1079
14748 5878
8494 10306
8102 514
20895 6789
9087 19236
17082 4725
15880 13052
20538 2522
7840 9807
8999 5324
14414 18480
2539 7880
9363 18570
7684 12752
8904 17714
11006 10871
10477 12578
17700 4586
2641 2570
4535 16410
4943 11334
7578 1760
12552 3201
5008 14323
7011 7607
2105 2491
13595 11161
13357 19831
10843 20116
17781 19517
15268 13000
13625 10695
2041 971
6778 20779
13768 8957
12763 14764
19140 16077
641 7476
18865 11660
12465 18122
15630 12302
194 14151
11527 6087
9785 19198
12780 21649
13731 12455
17637 2809
17896 20271
19768 9679
7227 8076
15999 2409
7191 2689
8944 8781
14282 5054
952 12452
12743 20772
11015 5056
21918 12768
13249 10377
5409 11820
15316 3492
4183 2999
20391 171
884 10102
12912 14574
19396 11794
18494 8840
21726 3350
889 4342
2751 2861
21062 6141
14045 14123
4447 14708
15129 18252
5955 18178
1648 16792
8525 13371
12423 3385
10727 861
6936 2937
14900 11598
10711 18161
11060 3050
9118 19561
13814 19597
8267 10631
2684 12624
15412 405
636 9564
17676 13560
1707 12708
11468 2776
7348 18335
21304 7955
2249 18742
21357 17076
1320 5557
1017 12476
8103 5555
6533 4550
668 8812
20360 9868
4994 8796
7817 16159
4137 2074
15518 5480
21937 14244
3749 9043
18481 13799
7143 9823
15239 15868
8397 2521
12088 11834
5499 8248
19854 8081
19899 20482
5367 16247
10193 19458
18963 20208
842 6408
10223 15004
18868 3506
12299 4440
12998 9984
6499 222
2491 12967
19402 10887
20554 20323
7958 12449
3340 10799
9883 14426
19675 10969
3967 14111
18545 21334
1346 19478
11378 4461
17457 9845
14038 19767
21677 6582
12143 15697
2260 10296
16580 5821
21219 13050
11182 10458
415 9551
13765 20739
16063 16090
3459 18871
14206 7944
11869 10679
20827 12323
15065 9185
5014 12876
14271 11961
5772 3732
17097 18477
21315 6548
8851 19407
20183 17880
17635 5896
15844 18026
15233 882
14273 15127
19415 6870
8795 14368
10562 9547
8045 2267
2840 13407
9140 4561
14772 20754
7991 9924
15228 7931
18673 8280
20000 21584
21896 5051
11024 13866
941 12354
16198 2424
10651 14716
5959 19594
15977 15704
6951 19079
11627 13134
8466 17511
11153 16601
9164 13707
19535 17815
9053 1205
18213 17594
333 19459
16929 20912
6261 2785
2806 3584
7909 8135
16010 21549
18193 21781
7875 11633
15601 5451
21165 21201
16084 20077
14686 1452
566 18456
3050 21137
9642 21193
7262 13095
13252 10866
7973 14106
10034 3472
21757 346
19057 8479
12093 7275
15508 16734
18137 17000
17398 18285
11265 19023
13943 18850
18036 7243
10840 14608
11529 12260
14869 12817
8878 15174
10048 19287
8238 16400
7555 4940
3954 11304
6311 805
10340 15820
3918 3426
17560 9681
6067 13631
6277 2814
7091 3804
15867 4643
9061 11415
19320 10221
17192 11242
19556 14921
9274 6779
3295 15825
6361 11414
9708 15603
7455 3199
11826 14358
5880 14826
9905 10451
464 2202
4148 9840
8989 1465
1492 3772
1787 741
18133 21233
9573 5386
4138 7993
20902 16909
16086 5717
3362 18085
402 5248
18811 10846
9318 18346
15382 13972
15687 15141
14434 7598
11165 13273
6042 20636
1684 6045
8274 6108
15655 20988
3739 21539
2142 14161
13131 12963
16114 957
2428 20124
18908 6466
20626 14732
1757 19406
4972 14076
4889 12742
18444 146
9957 7039
2792 6744
8133 9121
3882 2051
18287 18919
13638 3335
19868 17593
19534 6127
20265 11987
7396 10682
17124 6458
14763 14994
14508 3735
9744 8597
19285 21978
14052 16040
10007 17293
18633 20943
20350 10270
1974 19562
19977 12735
3252 20032
6809 12863
20497 19235
6915 3744
8672 11401
21641 11534
2661 20230
5147 5654
7860 9747
5696 20136
18088 19339
2460 2778
5130 4390
88 10263
13387 3863
19459 7818
15399 10007
9544 3833
1070 5999
7586 12233
9441 4633
9265 16739
14878 12730
2333 13705
7649 19544
8669 4518
20482 18836
19327 12574
21666 13863
6483 15948
13931 20825
3761 17609
17845 21144
7367 5677
21222 18184
4883 5468
8705 16045
4661 9465
1955 4598
5437 6131
10080 10309
18652 14779
9458 20297
14391 1757
4075 11765
15359 315
9965 15880
13190 4474
8921 6394
16400 12582
17695 18402
16181 16563
14345 21400
2636 16220
19597 16113
1307 13620
14157 14545
8205 16014
848 5481
2993 2709
18849 18527
19239 1012
680 7227
8832 9572
18883 1072
1319 9007
5741 7368
15418 17617
17006 9460
21349 5512
14491 14986
9115 18536
5948 16231
19181 18014
14284 3710
20801 3743
16113 8779
2990 17797
15402 12022
11402 17762
13381 1364
10922 14463
10521 17903
21959 7162
3428 13932
5270 3356
10808 8112
13489 9756
16236 1057
9445 14737
21712 8612
13123 11423
18026 2851
1203 14388
14904 3847
2886 7765
10307 6878
8271 19266
10594 11490
3799 19998
13245 20735
16863 14031
38 5439
21551 20191
17780 4563
15139 6771
13542 6782
1777 1946
6147 18681
16989 11496
11855 17442
20403 9211
16335 19558
20494 17655
14485 5518
1692 10606
6671 9590
8751 9481
17997 18768
4294 8761
9439 16857
14357 3121
15884 4443
3979 13488
946 1943
20645 9088
19952 21493
7842 4158
5190 4349
10183 8182
18050 4793
449 10555
18097 12869
13370 16039
3055 4659
3718 18922
15121 20723
3850 8806
21225 20573
5046 13574
16331 12294
9564 14811
16675 2475
8960 20763
13615 3051
15811 13201
15474 16896
7987 9117
14968 12094
18064 14900
4740 15993
12570 10725
6246 19070
19641 82
16655 3053
4474 15023
2288 20803
13597 21763
11138 11739
16638 2076
8755 17513
85 13033
9269 7138
9784 14079
19233 6942
19003 16211
21625 8800
16045 10580
4870 9293
14633 11068
17649 17935
15871 18938
11310 4280
10894 18552
18086 15904
17808 11264
12361 1587
14921 1506
10545 3263
6182 20519
7826 15060
18737 534
12550 4072
7654 5177
13461 14461
1431 14960
10427 23
12493 14019
12652 6630
21748 4323
21366 21300
4985 9892
16231 5210
1214 8980
16460 3059
19340 21450
10879 11811
3289 8205
14428 2701
3268 12185
17235 21775
14973 21264
503 5424
4724 1697
13435 12988
21456 20500
5059 10011
2452 7673
15385 14066
8685 21479
11094 2989
20423 3119
13025 36
21294 6994
2632 15625
10767 2554
17486 19454
12453 7412
10377 17022
20539 14584
15990 305
17729 265
1177 11259
20233 3952
2243 13839
7693 4332
20682 15654
9417 2321
2962 7503
14221 12553
3226 2928
20767 3357
3294 3382
14539 10268
5452 12045
9813 9806
949 4494
1508 12542
10630 4363
1839 21024
9614 4682
11747 2242
12283 17384
14113 18458
4771 278
8002 19999
17406 5378
13503 14422
5901 11508
5571 6982
5737 20581
2588 4961
19972 13491
20307 20188
7892 14497
16308 7119
19109 2841
4690 3293
7609 4588
15111 4036
20903 19320
8323 12584
15060 11520
8367 14071
21852 4582
308 8120
15246 9076
9426 21123
17911 2761
5177 8132
2421 18134
14475 19694
11324 19662
19254 19910
9803 9337
20937 879
13904 21575
8196 9885
14970 6733
9900 16966
6528 19888
12606 16697
15834 6182
3495 12837
7773 9685
12497 21174
18741 1789
11763 16217
18836 12645
9696 3695
9675 7900
719 16371
21569 20909
8995 19462
266 2327
1608 17311
19871 396
16277 11833
9379 10371
19893 4325
11545 12676
7177 18625
20861 13791
6231 11974
20346 17904
8213 5662
21601 15435
4482 2392
20587 547
3184 19247
21180 2213
1292 452
10124 8592
14445 7070
1094 1306
18992 1982
11956 13041
4307 9388
2954 20598
9671 16419
10706 13880
13616 20990
5756 17583
6580 17618
4331 20187
11989 5004
17395 9093
16443 2740
8931 10156
5392 16755
8421 6659
15790 5092
9672 17577
11100 10707
3774 12804
15347 19217
2468 20785
4613 21294
7393 21075
13023 2167
18263 10164
11986 14336
2960 7820
12930 1898
457 8012
8666 2826
17583 14238
4050 3801
14903 14857
12078 20064
8591 19951
19155 1804
12486 10135
20924 21827
12173 21564
3551 5756
7662 3914
15450 416
821 4497
20302 372
18397 5369
10749 16267
19992 11361
7254 17138
21223 16949
2072 8496
20821 5472
15214 12186
9903 4160
21275 8807
13380 3869
3824 962
4581 10978
1486 14069
1220 8913
9974 17166
16143 2093
3806 8617
3185 18896
7694 20563
17615 2526
4446 16258
12736 14916
14865 16738
12158 11801
21971 1817
17702 16372
13734 18576
19246 5469
5064 12049
21461 5155
3245 8360
16035 3372
20174 18806
13374 3780
9167 7485
1073 16674
12142 85
7120 1444
14529 403
14572 8014
7737 1507
11885 15459
3256 11927
12037 12550
17842 4918
21130 5865
11754 1159
1985 18117
13047 21487
9041 13742
6220 7357
4003 10545
14901 8136
3004 13640
21718 10484
21028 8889
20955 2553
19568 18729
700 12217
10929 3913
7982 16451
4127 1726
18501 5877
6725 7314
18161 16901
6789 1505
19215 13138
7077 2259
7635 15241
19530 9251
93 10181
9086 2831
4742 18124
4260 14967
8214 262
5718 12089
3603 6576
21662 9555
845 18475
4319 9959
487 20406
11739 7949
7797 15202
19296 12068
10610 19389
518 16167
5710 6404
8696 8033
1718 4934
4154 209
13795 13437
17239 784
3725 7635
2083 17746
15606 11352
14690 20839
11864 48
16818 12330
19454 10077
3574 3407
14812 6724
16510 17361
7260 7805
20156 13757
1421 16123
21591 1963
17087 4666
9884 9170
15010 3049
21081 1439
1021 7585
1994 17032
15696 13536
13161 12206
13969 2783
3538 19031
16066 3132
14535 16562
2409 4375
2648 20881
10555 12923
19933 2453
4861 19396
2153 18607
4136 14254
9012 21707
20458 4284
20745 7759
19182 9558
17969 8553
10656 10323
12482 12877
19576 10691
17386 10423
9664 14836
16566 8912
19839 7655
14097 2448
3250 6643
3750 19160
21330 3571
18067 5093
7046 3463
14093 5387
14797 15272
7488 10291
13560 13321
11107 3957
14861 17562
13066 11741
13632 6804
3116 14809
10242 10103
13985 15183
10241 8684
21795 3930
8353 2963
12266 5165
5002 9969
15541 19770
2200 1322
2798 7046
14152 10742
3165 4861
12211 8134
4264 11657
18232 12985
1966 16826
19218 1605
18403 9793
18406 8526
10802 5698
21955 1019
4006 13252
13462 14818
11587 18218
21802 18027
13859 8188
1686 3104
10239 3340
11523 4581
18938 3980
16627 392
6972 2021
5071 7284
21520 6493
15801 13127
7349 12198
3547 20654
11473 21126
18228 2754
12045 19082
3765 19206
9129 8482
18813 2458
7411 715
14062 2113
18382 6480
20373 21168
20106 14531
21060 4221
18244 3014
861 10865
19956 4015
21556 1400
8764 15106
5912 1660
8955 5505
10125 14194
11136 12944
11503 967
201 13981
5945 5663
4695 11599
18558 7036
21540 6133
13133 9011
2281 9171
4649 14615
20748 4871
1005 1136
3007 20290
17383 20218
7050 8054
12328 21211
13758 9671
14866 16348
11171 13501
5158 18045
12126 1999
10212 2875
18599 9168
19538 12551
2784 21059
1724 17230
5099 8165
20246 20669
1631 640
2674 11768
8917 15719
14520 17843
21691 15882
13895 11274
15915 16463
13572 12727
8952 8862
7064 5893
16789 855
3730 10449
11311 19567
14088 7177
3634 961
9282 9206
19436 1920
15946 15457
17267 17349
21861 11713
10107 19137
1489 7628
7226 5231
12952 3282
19639 8122
1796 21525
252 7903
6699 8734
9877 17488
6922 1833
4497 7190
8373 18865
9485 11627
10752 5693
3932 5771
254 7752
16299 19416
14112 10421
5758 11757
4234 19385
12459 925
17452 11524
16393 18601
18309 18469
21891 4657
11606 18452
2362 6169
13012 16130
1387 10128
14295 5753
615 16071
15066 1244
2552 2958
10259 1841
18867 7623
14067 19716
18790 7170
13253 654
20977 15663
13687 6602
9487 4276
3775 11166
13273 5816
684 1952
10643 719
5632 4841
20255 19223
15077 4642
11858 3635
2888 17246
14311 11957
3469 2377
14277 12242
19297 21697
13122 19203
17170 3311
2578 11029
12969 10572
10168 4472
11126 5162
7261 14316
10914 20948
5510 15965
2503 21273
16728 10397
20750 5709
3737 18415
17387 20111
16711 11693
6354 7316
11449 21809
11505 19299
21150 5746
4840 12399
7743 9651
4799 5824
8388 59
6465 18771
5686 12832
19740 18596
5010 1062
21480 5967
2470 19740
5805 10428
20577 20034
16192 7239
15203 20960
18473 18532
18989 3412
14710 16259
18498 4609
21070 10852
20818 2550
20465 7799
10591 11365
20553 10470
10360 5502
4947 20847
14411 2908
2238 21956
15366 11002
20690 14636
9923 374
9001 8691
19380 6871
1841 8177
11533 2222
16625 11485
2432 8411
15131 3541
14809 42
1233 1578
1865 12647
12083 14360
9407 13752
2515 13567
21125 16158
2959 12410
20153 11510
19467 17893
16616 12300
12599 3324
15163 15712
19017 18942
18164 21331
1345 7392
14737 5330
18733 14788
21360 2416
6169 1095
10536 9664
19825 658
15586 10444
16429 8557
4944 3432
2028 2432
3392 11201
11254 5575
2764 12304
16534 5273
21173 17926
5655 11074
1283 19466
8119 20108
14399 15819
17173 1016
17130 14134
19983 21419
5202 5407
11925 19901
12218 14228
9270 5148
12695 1755
13395 3319
11088 10850
19592 6736
1716 6226
20673 13412
21211 18158
10966 17699
2160 8693
10804 21647
3097 9225
18284 9746
12667 7784
9311 3143
8258 1627
21515 12875
19750 18736
4928 18012
10924 16088
2671 5033
19096 1787
21746 11824
4635 126
11463 14012
10166 2872
21697 9652
12844 21694
4226 20483
2777 19668
10145 15740
12344 6543
21086 3179
10764 844
4188 5598
17249 20913
3063 9563
21169 2685
21970 15518
13875 3785
16663 10105
11857 13025
598 15432
11882 16027
10121 21661
5907 2987
7019 21033
11198 17830
15935 12699
6292 6059
7424 12158
4508 12500
5078 12105
2529 6114
9693 1463
3315 8628
17688 14410
17254 15240
1237 8632
11036 7414
20252 8801
4295 18490
19571 2020
12345 4953
5055 21872
5317 3169
5926 21894
20472 11266
5425 17743
14342 13566
1432 19325
13464 7456
11938 18141
7784 12685
14556 17124
20008 13718
9337 17548
14711 15560
7668 7722
17499 15607
7838 2588
10141 12937
15369 1138
6358 16453
12054 18718
18692 16936
14438 18727
9234 20326
12514 4832
16480 3942
17284 14715
13719 5665
5311 5478
6544 6944
19814 6316
4536 4135
8193 1399
1710 13874
21011 2568
15748 14267
12164 6617
18172 20553
16906 4846
4086 19499
9341 8451
2749 10478
5254 2196
8939 2852
14724 12718
16822 18231
14336 13021
3006 18090
7276 10687
14783 9051
11456 17030
874 15013
13596 406
1746 20417
12992 13750
16450 3688
12254 13581
7726 4904
12654 4857
2675 18567
12286 19094
7358 3462
924 18439
10443 3310
3247 9375
21298 11268
10987 13465
4786 8656
4509 12552
1256 21457
9401 15912
15482 18745
4548 19955
15372 15501
14700 5643
20164 9025
173 13205
2597 4714
623 20259
8387 19945
7067 13164
4900 1271
17984 12970
17295 10863
13870 7785
3644 1616
7787 15572
9869 12205
3993 663
1565 11072
7814 9931
13757 10190
20409 9187
14979 16110
2059 3219
3633 7470
16379 4404
19554 14520
17566 10515
539 8829
20708 13657
16888 21154
18844 2926
7928 6159
4705 14475
9545 6927
14066 13343
52 15875
20147 16925
11562 12253
7883 1842
18700 2151
13651 10195
6138 16607
21771 13219
21897 4445
17154 17180
11817 18635
2218 949
17238 5694
17829 6317
16634 6578
18159 8176
667 1084
12795 14957
15406 1657
1427 11809
20830 6525
12678 8978
12233 15212
8312 16552
533 13008
11702 20822
2214 4060
11299 1002
7902 7928
21532 16017
3397 14618
19068 5820
10896 19231
4372 18067
1453 11461
17892 11281
21064 5359
5738 8476
15225 2962
15681 9342
20701 900
5973 12667
4419 5339
2068 18752
14998 7023
1212 7254
9616 21214
6606 7377
1436 6775
6537 8818
1374 21352
10342 13419
10161 16820
16889 292
13050 15536
17795 4336
15513 5676
8301 19699
1200 7333
21198 8271
6263 19935
9376 10010
11698 21062
1567 9024
21488 13888
10877 12337
8953 11427
4079 8258
12060 7151
14319 15293
13108 9901
14410 17061
12670 20435
11110 13014
6122 19153
16260 3353
16303 241
12038 16762
17016 21705
8740 12263
2708 18398
13911 21213
2587 19457
14111 19958
19742 9263
5914 9781
17875 3543
9627 15786
10526 2092
2624 11020
10746 9060
21658 20992
9688 10655
10044 9073
19747 8558
13963 21500
5461 21348
14546 9791
11520 6173
14652 4913
1388 16951
11553 7875
20148 1861
14253 13242
8997 21645
1880 10473
2459 835
21994 21477
20891 16298
13311 9687
11905 8501
16813 13716
4679 13258
19909 12723
1141 1158
2204 19105
7734 6224
21141 11245
12004 7287
11867 17519
12546 20917
18588 15589
1062 11748
19828 9837
5028 5571
14744 18293
12156 5936
12191 9627
14548 15427
2520 4193
18807 18319
4512 10999
17350 21445
12025 2927
13043 7283
10302 11642
21285 7319
9133 10063
8180 13779
850 10857
6097 12180
16353 8539
16966 19188
12681 9636
18405 15197
3859 3860
8578 15419
8530 1759
14624 20788
7032 19123
20050 19016
9358 20338
16096 2334
6560 15474
4019 6375
4448 3927
2427 12507
14813 17362
5658 13537
14586 1772
2877 4941
10473 4502
21884 6564
11385 11229
2128 13409
18023 18659
17766 4694
9515 10368
9829 5910
5162 2649
20897 15978
5705 10900
11846 20678
16671 5795
6586 20792
4551 1901
16189 155
862 14813
18155 8963
18753 6862
12089 5525
18077 18884
4253 5192
20053 16043
2826 2885
2155 4241
15685 14212
17226 20759
13417 14059
18839 15644
2417 12561
4107 153
10389 1237
21049 17491
2431 6535
14745 12226
15265 10559
16953 17401
11290 6245
4206 588
18066 136
20965 20536
19261 8154
5963 7415
4229 11284
14177 10227
1816 4225
4069 3366
16978 16494
5015 19290
9966 10031
5396 5473
5308 2140
10573 9772
7389 9530
11339 14940
17004 17049
9308 19542
2585 17175
8212 11071
6433 14211
20810 4385
8994 11231
4102 16063
20481 11772
20134 6175
17482 5403
3062 627
16469 7351
5526 4300
19393 6921
19027 19324
5053 16536
5610 5538
21586 12013
20463 1225
19830 12295
11064 20983
18469 8382
1350 17523
930 20419
2662 1593
1490 1572
21020 21692
18900 21417
8673 647
21337 1581
6908 3795
18748 14560
20939 12461
993 4050
16320 17934
20551 8282
9492 15546
21035 5018
15826 6734
9747 20655
14862 9867
2392 13792
1964 21682
5180 3309
14405 21709
13620 17050
15868 8847
15219 20408
6686 19846
11148 4495
4708 13725
10243 3438
10464 16764
11318 20241
4285 3858
16875 9264
3480 3736
10457 3483
7922 16310
15286 6510
4015 19956
8765 6546
14733 8618
4617 17143
3173 6609
1659 11729
9510 13427
12588 5256
20165 1292
13702 17962
8136 16265
5234 6806
10730 15751
18930 10834
10248 7685
6221 90
5222 418
16328 2917
16867 3619
15297 21923
16344 16191
10111 4888
16298 2952
760 16768
2951 2460
12886 3320
16563 8386
7889 21114
19116 7575
11564 9701
1595 8655
1657 15214
9220 1642
16217 3271
19580 5725
21439 1293
15421 9522
9364 11804
17587 10247
268 13960
3523 3798
14121 3113
4389 1504
13214 317
11992 4535
1483 21737
13127 21208
1677 10770
18687 11716
18410 14344
6379 20376
11880 8792
9457 3046
2410 12211
12660 5993
16524 3731
14758 13133
18018 13116
9166 8908
20023 12640
3894 15672
4217 13820
3169 21262
12908 5466
12229 3705
11112 4343
18280 1922
11981 5224
4728 3399
6523 13633
16683 19358
13153 15817
16387 18644
1485 5940
1276 12444
4491 11751
15524 20033
17018 945
14975 4282
4881 15830
19866 15995
16893 3701
10747 13477
20090 14441
10438 8573
12877 21463
20202 10297
9806 17198
19456 18515
11023 7340
