7297 22171
1640 34020
18025 34283
16050 6242
14629 28368
9145 16291
6718 31584
35742 22660
5698 25224
27652 9743
2083 36592
1953 3577
6141 764
14329 10285
15248 33133
33119 30756
1740 32496
36782 10840
13032 4907
35714 32221
27494 21014
14447 15788
29440 21686
18232 18230
426 3300
10464 33223
27697 14596
22299 36078
18211 24815
10190 26430
14111 15401
22060 5167
6699 30088
6079 29111
24899 37555
6339 29367
23527 5769
22542 32667
17336 29300
2848 20714
30109 7780
35143 32596
8181 1165
24808 6727
5165 26440
36179 27024
19214 2349
23701 36513
37838 35986
12602 12
4559 5957
3004 19963
14936 33315
18966 36854
5230 13557
15257 29899
6620 22339
24912 23813
18218 3557
29715 14610
23910 29784
10660 21757
24261 36711
23284 31008
13731 23809
17497 29658
4680 7473
11216 6386
35006 14533
16044 144
10709 22372
30295 23275
24868 19136
17692 35894
36501 34209
14393 24504
21253 6968
3666 3001
15011 10759
2104 32272
20674 9205
26291 26819
17547 7010
4338 16666
13827 12840
37171 12291
20623 7914
13935 25749
32718 14129
25929 29953
30072 12490
9364 22147
17360 7063
9151 27163
16163 3048
36790 8076
35323 29525
17220 29976
28078 33044
26176 8824
23724 32692
14374 285
9066 34758
33393 3184
32344 36257
5958 28365
3088 31650
7186 11614
10017 37917
10485 11381
27667 8414
4164 6787
25217 25390
25010 21093
30675 33038
34677 25210
16477 27438
36257 16269
753 17931
7508 26075
35191 22470
17487 19279
22294 29678
7311 8741
19235 9056
28493 27050
10366 33574
29736 19590
213 35902
17262 20573
32807 36280
11709 14244
33272 13166
6974 13744
19559 19044
33271 22630
13036 8695
24505 11654
10588 33024
35349 35553
34758 21128
38 7564
21244 23085
32022 36850
1277 31482
7332 37398
23789 27360
20154 34990
15693 18739
3797 27682
15786 837
37183 34258
5162 6978
5614 1657
31850 24961
4536 9525
34912 3478
8242 3710
8415 13101
31149 17497
36032 10548
10822 18784
17371 16421
34582 9597
27731 4066
13881 19343
35344 13370
13183 35467
20429 2118
26149 23507
24473 29662
28712 6717
33920 36824
29589 14701
7931 36784
16247 25487
14726 15572
4197 33484
22157 18851
1379 3079
36302 25008
15081 25399
14433 27301
472 20491
4653 36185
3859 3526
15004 850
4418 16472
2059 13310
21655 29037
4644 14782
33696 24101
15598 35823
18251 12876
31813 12682
14041 19280
35340 29414
8672 11628
37424 4881
37763 12254
30977 11390
15926 33676
30997 7822
26678 24721
12479 2664
6182 28083
6353 18292
28250 36478
23220 17318
27760 8525
26942 10547
30607 16713
3551 370
6450 21664
3973 30562
26387 10146
22237 2618
7162 10074
16296 21144
12557 3333
12466 19737
35147 32149
29401 37531
9187 36056
27649 23468
12026 4777
18255 20832
30319 34433
16372 14416
4941 12051
29042 34119
36067 4469
6417 33105
3316 10445
35428 27259
968 35592
6113 35196
15492 26439
10900 6026
26635 22899
31827 14497
31547 13983
14009 21751
26283 21697
3843 23646
10790 19240
24837 14317
142 34767
25587 31121
17381 36788
29820 577
18695 7519
27723 22676
36423 29208
31895 15752
10145 15980
12446 2614
19446 21033
14268 24994
3833 7431
37958 25289
35534 16816
3995 35405
20553 18536
3747 1620
3287 33874
31247 24574
32955 33706
34808 33341
10318 29201
3728 31904
33282 2874
5251 19428
12179 12617
4491 20993
4454 33679
15415 5397
26462 6289
7857 10971
37335 35257
16136 34945
37941 481
2605 4291
5373 13814
27475 13971
37043 27801
34262 6811
20734 13473
17090 35243
13387 28524
20591 4727
15643 10077
17408 1557
25939 30096
8578 21740
19661 2483
29965 5736
20721 4801
4755 11665
611 16510
30035 36575
36897 4617
6553 37681
4802 14919
35235 16951
13970 26715
33154 25431
8681 29565
22873 26506
4509 28379
16010 20736
24218 1107
18677 25527
10339 7754
28717 35051
35601 387
19826 4145
34665 2983
513 4758
36347 23443
19621 32954
6789 6956
8801 18995
17333 19750
7565 5670
7015 18450
10188 28684
17849 24997
18466 25895
13804 2020
22472 31064
13343 10245
17301 34962
33123 14410
32017 8938
16458 25625
3330 35765
6049 19332
18133 9443
2890 19534
233 24454
21860 731
8574 36276
17168 36378
10590 9266
28957 8077
36155 2738
28029 330
36760 37534
634 25827
4932 35203
9769 35883
35756 5579
2362 19969
24197 13767
36211 22535
9706 13877
28167 27044
8353 33591
2742 9336
20203 10549
23898 12059
2615 14470
23450 16564
13768 12736
16354 7512
6737 11886
23179 37179
36693 3565
26633 35970
10129 30230
15515 36023
10650 4794
11604 19049
27021 4415
1625 16430
11755 6436
21771 12938
26983 31929
16264 21683
17486 23406
10434 8403
7085 15371
25071 6557
2538 18687
30848 4575
14578 20827
13080 31842
30167 29534
22916 21519
20001 20033
14916 9988
14610 37065
1551 37150
12657 23888
26114 20732
21513 28070
18259 11052
4550 317
18293 20527
23013 16134
33385 14518
26194 28582
35142 18133
21703 23560
1809 8802
7560 21730
17119 31455
11703 30334
17398 29187
2508 23511
7105 20020
28480 31915
22655 36155
20558 7133
28600 11520
33517 5373
7579 18391
25245 9176
37788 35299
12458 12874
16694 17252
2909 5012
28578 4942
111 1221
34074 33239
35288 2045
12913 37939
23870 26551
28266 13944
4586 2403
21640 36150
20573 17080
8168 35617
19682 35369
33235 30940
20270 9741
26765 23975
21377 25723
26372 14635
19377 19071
36334 8775
8342 30455
12573 32842
27555 33451
24848 5935
11406 26004
37297 23847
19724 32911
26613 695
35910 15656
27 10869
19915 33695
18804 9200
13775 29244
28174 10435
21119 11741
30474 37117
28953 37082
28978 9582
14006 31687
33501 23515
31011 2649
11121 14341
5558 31959
18599 15188
33781 4120
21967 17325
6121 24212
15393 15337
20344 2806
14723 13552
13051 33941
9657 23675
1601 25435
3029 30781
16047 29796
31139 3044
4773 2616
29847 21239
27161 6765
37728 34169
12743 17924
25165 17257
32400 37922
26192 35675
15990 37367
9672 11394
364 24685
6986 24807
27863 23941
14342 5102
11527 33861
33945 16488
30445 24664
3292 14608
36531 33841
16332 26598
7954 23128
29915 22613
8739 31907
30451 31596
34809 433
36630 32889
20795 9108
29005 28830
33082 10854
27967 15073
35906 5053
29224 33721
10431 18404
31109 13862
29496 9847
16987 12250
16204 10313
18174 23739
34164 7755
31759 15096
15680 27173
17997 21642
28828 7428
5078 31557
18726 31380
15368 31394
17808 13809
22011 10568
20953 26929
35400 1472
5281 15970
9069 2828
9885 8382
15156 37585
25103 10560
10015 8830
14022 33597
4210 2569
27189 37505
26713 9625
21685 3665
35561 10902
30535 16926
27249 11799
4081 33859
13556 26572
27535 36937
25525 18577
1281 5620
37729 14195
24929 29439
31260 30895
387 31567
23053 11179
19570 14377
25559 26921
27461 9353
35273 11920
35792 33477
14454 17336
31997 10992
14381 22458
17888 29719
28563 4512
31828 15062
1903 24787
25485 25262
22029 8665
26498 7116
10817 1086
30631 13262
8365 34257
35005 33054
1768 27512
25823 9802
36988 6312
1777 31187
5502 2559
28090 34828
8894 32987
30258 7702
11910 6108
3296 31605
17050 8542
24845 35343
21454 79
13872 28279
29800 34213
21421 27570
22119 24274
24847 2847
18236 34723
27628 28113
16533 15040
5368 31597
30823 24985
1271 22972
35352 37757
3414 6404
22936 27885
14695 16681
4497 31270
2639 15238
2034 5494
16206 18565
13066 35634
1336 26782
9987 16896
15634 12388
8273 359
31036 467
7497 37879
36961 34246
14285 7723
30477 34064
16794 472
24176 24578
10997 13463
7507 20703
10733 26795
20385 23742
37925 6986
1683 10144
20445 27924
37736 16623
24597 17125
25996 35135
12998 27759
4981 37007
15916 23963
6679 18060
19765 26048
7934 13350
37089 27082
2692 36183
22755 36541
34914 31620
28075 11713
24286 24263
4520 36641
33159 36367
22363 31704
830 16632
27529 20097
32126 37857
6917 22568
28412 26092
23737 9049
30130 7805
10027 15059
28541 29269
11544 10604
34194 6572
17701 14055
35270 26252
31687 22180
30466 36083
28546 3412
17590 10535
21123 25501
16089 347
5680 5970
18280 30912
29544 28533
15982 5777
30456 4200
37346 17242
24838 14534
22047 24304
1881 5246
32395 2475
21301 25188
11918 26257
31953 34145
13902 18775
23254 3766
16932 11487
22305 32399
18328 28769
18106 702
36425 13220
666 33958
33858 18744
12522 12763
5611 2203
15818 33460
26636 33805
32020 15183
36385 11108
15750 2364
31202 23576
32167 15680
29372 19
1131 10319
6099 5692
19284 18084
14523 26178
26503 23143
15946 25897
20068 13128
24185 33931
31016 1008
36273 4497
34795 5910
22529 36019
27886 18645
36071 36643
21679 22813
23057 22773
29737 18122
17755 14831
20095 12749
16476 29804
15109 26474
7908 37678
12622 305
20680 17112
7836 11472
35119 26682
12134 33177
12553 36611
14181 4744
31733 32976
18121 19285
34383 22281
18547 7669
6589 33639
12722 16889
19415 35253
14909 37677
23651 16394
11760 29018
19810 24713
928 36908
8296 31696
17978 15944
2983 22261
3574 30072
36265 30194
19146 1793
8276 31587
32171 7620
6724 16897
804 4428
37622 25079
18635 14443
30763 15069
31374 20692
28867 27029
22329 23141
12083 33850
3368 35105
16547 638
31309 17259
7477 16270
4283 18828
26261 6096
32228 26145
4856 22413
37816 4983
3514 36344
9944 11698
9778 31232
36887 20570
19913 23170
5583 14324
16266 37599
7763 17635
36574 11979
27275 12463
14791 32703
34248 13086
29525 15392
29015 15864
19488 17394
28104 15022
20014 13289
37266 16365
3948 23333
6504 10224
13618 6992
13830 7857
17344 5144
5321 32288
10293 435
15720 35487
11392 2770
36176 31608
4920 24327
10259 20672
176 32267
26773 37652
30797 18005
19088 32166
2140 11985
15171 33498
18882 18368
18529 26076
29756 14556
4665 37793
15298 8405
17338 3549
12965 34455
27862 27734
7522 31348
35689 35440
14734 2135
9765 32931
17409 22760
9322 25803
3909 11456
10874 29963
20160 7889
37304 33962
18915 30152
28781 20687
8150 552
30717 775
19929 13812
26379 24867
17842 6603
32799 21328
35389 23698
32362 17020
28689 12266
5272 35951
2613 17227
28314 15542
21124 17656
16409 30891
1696 22486
5986 23982
15003 12053
37697 32688
1360 27784
17663 13798
37765 27466
2637 24400
11482 23926
30835 26254
34011 18326
28982 29539
18230 11790
11895 37448
28567 8595
32226 37742
5980 14980
30803 6546
22804 17692
26762 15454
21844 36395
21041 28326
6856 24962
10540 12850
21615 9559
26978 9801
32472 30998
18889 639
26245 11575
36052 27625
2405 32742
29808 8813
5772 33883
20613 34996
16542 31892
21187 19664
7598 16448
26489 36841
33725 37214
76 3127
35560 26110
30277 6487
27083 10705
3553 3935
12294 14121
33977 31231
23710 29482
32670 21933
28970 17025
3383 23657
13341 23614
17502 36724
35994 36536
8587 16890
18877 22554
28713 1300
31767 26986
7958 7946
1892 23010
15683 13039
10380 37805
20366 35288
36100 11439
897 18653
36193 23273
26739 21306
6109 33453
7436 31949
30242 29291
7699 5139
10091 24974
32662 18778
19128 30393
33350 9493
17920 10983
27230 22112
31622 27645
30948 37463
15974 26528
29936 4676
36128 5185
9480 10617
25139 22520
12492 14957
33309 20545
8947 20767
4576 19095
18105 17530
27194 25917
22275 17777
33276 29157
17510 23801
169 34141
18537 29511
19567 27132
32090 10966
9739 12052
29265 1514
35297 8195
31742 15377
22619 16492
21787 5248
36171 13801
35615 10939
24721 26021
29842 6751
21089 6263
12364 4181
15651 31011
37474 35943
25099 3528
15307 1728
26921 26019
2861 34340
20853 5456
24985 6812
25303 17201
9969 10177
32462 5526
2427 25549
8274 20275
32919 15032
21758 16214
6578 18624
28856 29043
6535 8285
34469 8604
29946 34521
1006 11181
9448 1873
26869 2304
10117 23386
4904 21313
30769 31206
17369 30618
22188 35428
26050 17853
5264 35950
21533 29154
34972 8855
24905 11603
20753 29921
31979 36962
35457 28507
2353 34306
4485 34983
15386 20294
18834 22753
5924 31566
28441 35368
6452 14886
6587 5870
29077 28958
10903 20177
19626 23972
1898 27015
3015 17027
21259 10206
3678 19895
19227 692
23493 7
24566 34297
28226 8933
9541 22537
16004 18794
34811 30750
27005 35069
11801 546
11141 32240
11474 31266
5176 19636
15784 599
32616 28210
9380 19197
15217 15153
30222 474
16645 35928
30119 24488
16734 12359
616 26984
30491 36737
18851 28647
35822 25871
10354 16378
4841 10701
28950 25541
22647 24797
19606 14457
27808 17235
16391 5192
29940 27672
19800 15700
13056 33857
25212 17817
31668 18657
6990 34862
15546 17618
24994 27061
37482 12321
23525 4487
37671 11955
19391 8954
19349 18979
1438 7233
25940 29842
17989 29673
531 17835
3215 32244
32554 12307
18757 1272
15082 9972
23090 3253
14353 35060
12461 1451
16426 12186
8964 6703
6368 18489
2584 17642
20247 28733
28890 538
2187 15258
37983 5912
23912 9876
8613 966
5907 32348
19341 14234
21412 22408
27231 27542
11511 20420
13160 32663
8662 24340
35351 30389
23977 2080
34790 21644
32886 5258
17861 9575
10784 3673
16841 17466
31579 25718
19343 4679
22199 35599
7548 30812
30693 11902
4935 12596
9225 16390
14786 827
26045 7993
36525 16316
23972 25219
5919 29030
25859 16199
913 2197
17332 13054
35165 30202
8100 6158
29805 34154
24156 13661
17182 30988
24971 25502
24345 20455
7101 21173
15324 10395
30899 2765
1641 36018
36793 34140
21497 8005
14508 16602
4143 31538
30427 19584
19805 13024
26759 23621
7647 3414
9161 14273
2972 7401
2439 15465
19947 28454
32285 21268
7611 988
6370 10969
15388 18095
35229 7842
8891 25940
25471 15932
29730 586
24315 2753
35403 31148
27468 10158
10127 5865
27190 16301
6490 10335
32070 32763
26747 5991
18334 22179
2145 3936
24284 3918
14239 23300
29058 10088
29144 35151
15474 7039
23769 8247
6512 31972
24074 15249
35683 20758
23507 36593
3969 22762
26093 28752
18081 12647
12440 1400
8006 24758
29801 23473
6008 2588
13901 31805
1400 28673
3315 36637
21857 19315
15963 35569
8253 32119
37001 12438
13449 37140
36321 12231
13577 35627
14153 22785
15270 21213
9671 30697
186 18044
18172 36342
9483 10509
8520 4514
35404 34809
16427 10160
11436 29451
7205 19378
1690 35495
8638 24060
974 29759
23478 48
15594 33159
21219 24841
1035 12160
11420 1227
17392 23861
3435 15650
8308 21018
27589 4152
34478 35322
7449 25395
4166 12444
31212 34346
29379 32608
23727 36141
33636 10102
7147 18556
29623 21142
33020 26857
14520 21105
2842 7240
34174 6309
19768 34289
30019 4370
2042 2869
3987 8505
31391 11708
26321 2050
27937 13244
7076 7016
32131 31810
29070 12558
4817 6472
5295 2086
21110 37422
9722 25468
4305 32107
8271 34461
18024 16774
35938 3217
21312 24010
24963 14466
34771 4645
19327 858
29735 13680
33132 32205
28194 5241
6500 30675
7499 3979
36133 23654
14092 36571
28186 27260
29594 24188
14975 3821
27120 17421
22213 34670
29721 2665
26132 4613
27263 19917
6232 5108
20484 14150
27969 34045
20482 6365
16705 6634
24531 15140
10004 34843
31082 25254
4400 12417
5979 12657
5595 34485
6110 16303
28304 37358
6329 11725
24422 36597
8528 36579
36463 27210
3931 6915
36805 37786
36811 23460
21604 30063
8011 27989
26923 6823
23174 10933
27718 11823
3372 36043
20477 26317
23046 33076
6790 22120
37875 10367
33254 29034
13943 23090
10141 20654
31601 36051
14697 21277
7093 24362
22946 28220
36456 21198
24089 15776
7530 36907
18257 35759
37625 14020
14822 24581
28123 36061
36764 16652
36487 23594
1721 29649
17528 29328
11824 26024
17910 13
20250 2272
22271 18644
23005 1069
401 33923
11889 8853
9389 19782
37115 431
26266 19683
4561 14542
9298 14079
2010 20638
6014 1423
34766 18086
14099 36285
24655 33507
27515 36460
29731 37400
22341 37462
10316 10140
24252 6180
20424 2474
37198 30171
5568 23309
3448 10231
10197 9071
10317 17367
3262 24058
5347 16375
17833 15270
29040 16794
27789 19681
31829 6024
27144 37388
17903 26202
14128 37295
33578 14250
7460 5060
22622 21280
28175 31624
7268 11332
18563 32000
31892 37764
34534 6250
20213 19687
2977 2450
14452 37768
25904 25006
3591 21915
504 22802
13398 28463
19754 27298
13844 7900
8994 14859
16746 750
18970 25067
21504 3548
7864 19975
507 34366
32597 2699
28224 20927
11515 35385
8467 37023
24918 9803
34904 21420
32786 32926
36617 14471
23211 10040
4724 3311
26023 25748
2773 29204
28589 37700
1229 33078
30131 5904
5103 14555
20517 28308
37733 18992
28134 25843
37579 9701
26505 8664
27374 22032
18974 5410
7549 31186
26545 37450
1367 3232
21285 35924
11264 26162
30153 17207
23715 5576
5776 26118
28621 32888
6938 28475
28553 8545
26244 8839
34339 31518
5155 36655
25937 12984
20335 31973
22251 25908
14521 37443
21828 12852
11019 36777
5006 34358
33456 16138
7473 15881
34774 4696
33421 17450
12708 28185
22897 21196
23010 37750
9680 5872
15485 7375
6738 27105
9598 27758
16776 23939
12929 22827
11371 12484
10019 21020
4939 22579
11610 1587
32383 19977
30406 11093
36945 22920
37977 28981
29420 9557
36995 28867
21182 2942
20719 15302
9894 13087
28821 24499
4476 5624
30732 7365
28981 3575
19846 15929
18002 9679
3682 18854
23065 901
33249 22497
4863 7293
20343 19997
30261 29496
29617 30880
2465 1491
3729 21750
24166 13698
18814 35259
5029 13886
5918 13357
33232 35811
25198 34293
30325 16952
36328 35967
2689 31656
29474 9264
37465 1206
12337 24682
21072 34525
31171 2850
32858 16742
9887 11163
4055 3940
29526 18614
6784 13153
22508 17779
5527 3479
33067 30472
11309 547
2566 4365
16237 25471
28798 17781
34346 23608
34259 7071
10404 1251
23849 19169
24436 25332
18540 15150
25390 24950
26790 33328
22176 6528
3432 20674
21932 31763
4320 34837
21607 12218
6194 13034
36567 32811
25334 30015
18622 36746
16515 1409
9855 2606
21848 34696
5342 19984
9269 21861
22926 32109
20332 25782
25688 10290
8451 1205
5553 22727
20289 23063
24687 23291
21528 19814
8376 15480
34498 32851
6125 18080
27749 4064
33325 16888
23713 25374
1195 1932
23764 36369
20242 18363
11814 14784
14038 9943
22396 22400
31869 25746
12584 8996
14847 5754
9016 25049
10155 34126
5058 14905
19386 27351
6629 15753
35375 37546
34507 10011
2474 27949
22071 20473
8589 21581
24689 29437
10110 35536
10634 8636
11852 13551
10849 9082
28684 35479
2864 13259
26927 9052
23875 20251
15567 34329
29112 8864
18674 9513
29421 37018
15336 10358
34997 20808
15675 4445
20282 36526
30738 34929
12716 7759
24107 12068
37384 20815
28875 9537
30257 1933
18467 20886
25027 27135
32959 26952
34568 19881
27438 29033
10621 17944
13088 9959
9071 12317
16385 6998
3420 8621
31496 12108
24328 1717
36343 17490
33811 37162
8171 15134
18682 15217
5497 1710
10507 23545
17878 5209
29447 31235
33644 8788
28671 32921
6011 30721
14552 24508
29566 12058
22911 25393
1748 32208
27191 31055
3491 9013
25983 10734
32900 12666
24508 14830
15452 2113
25308 26778
5349 984
24571 17686
14716 27070
1848 14586
20886 13293
6494 13407
21974 4335
9572 11605
9018 28789
2511 21293
18801 29986
30963 16174
9096 28021
30744 26534
29400 2742
345 24929
5193 20507
1246 25832
16773 37483
14134 35138
9799 34422
35967 2524
34589 34122
27739 7165
7287 29597
15574 29944
19737 2780
7986 16104
3130 33994
15627 35250
27514 25927
29958 2573
4117 36550
7266 25389
32757 33825
35131 3231
1078 12443
33776 19083
37687 28807
15856 26086
9410 19960
19089 18738
28131 30235
103 10911
23123 27687
15766 19296
37400 33881
27301 9322
12276 30382
34308 29603
23633 5928
4436 32812
34476 7417
35657 11782
33268 35810
36317 8868
1333 25761
25589 27104
30811 21199
2854 29550
25355 1633
24465 11723
16624 29733
1065 13234
23403 29799
4428 5911
22597 10748
15803 8097
6794 5977
21792 7482
8744 29452
2906 23786
23089 5591
35784 25172
11475 33533
30450 10480
31362 24818
11946 36068
8838 24944
4136 2878
29995 11200
2424 21968
19232 37061
13212 9837
2871 10625
13073 9477
2747 3363
20683 27498
20322 20190
33777 20285
26099 29246
35589 18926
31025 11843
16602 7705
2400 8623
12525 13295
18751 232
23395 16588
3133 801
21754 30058
17906 32613
8158 32680
24119 35619
28637 377
26216 32340
28819 15590
25340 14214
22220 31177
12244 29737
32520 26880
32606 28959
24075 5204
34032 16038
17480 35871
5415 18227
27821 36540
5173 13608
28221 3206
11827 12114
35749 9717
19253 3609
21051 22874
5248 2407
21491 9528
19376 2126
20087 37886
27926 19559
10922 21700
29092 5748
23039 3214
29304 7137
2776 27326
23106 11682
28505 10574
17994 18638
3760 37506
4918 36843
26622 37944
23810 23606
33626 6104
2041 19615
9358 21157
2281 24155
4407 24835
15467 4435
24008 28006
23734 36076
25091 4255
37175 19192
2123 30856
10056 8818
29487 7997
24312 17985
24381 21576
29095 34541
5039 27117
37613 34384
9024 13753
34699 13701
24049 3814
26086 7164
20604 37446
18265 34666
16359 5746
7435 31698
1699 18822
12193 27988
32706 20742
33931 17018
25362 37693
36810 23191
7718 8501
17156 36873
17059 32532
29247 34060
14063 32620
18716 32277
32192 11791
13119 15252
8038 19038
8896 12685
4854 104
29626 7747
11316 1572
29171 30467
5754 7729
20945 13588
22769 27174
4256 2982
36045 21876
35532 22915
19030 36728
19658 13916
10323 741
11410 13186
23691 18457
33342 16674
14696 4446
13172 20171
9102 19680
32377 33207
1723 36045
23652 21229
36309 402
37505 7461
24177 21843
30632 25956
36153 37285
8505 1909
5651 11511
4309 12716
26094 21661
31370 22148
34452 31399
26922 31097
26833 2331
37677 8897
4834 31556
8214 10184
20777 30188
4861 35191
29490 21962
30529 30309
33906 27129
22579 3672
8411 34150
36131 19618
11926 37025
8457 20677
28353 36385
32956 35120
3632 13649
8138 37841
33955 23174
10029 4340
19932 9785
10791 18381
10615 2043
21146 22227
14777 24592
22677 35015
34007 10877
18616 37420
5169 25531
16424 12281
12865 7658
17987 20204
8204 20612
34963 2073
6123 17793
32937 27124
11052 5689
10106 32575
11220 15575
22127 24353
36938 29617
2700 19834
1860 14165
5324 34413
2980 19813
37800 11470
17345 7356
13816 24525
37496 2451
27302 13245
1985 6069
32640 29084
35755 33161
18984 1635
19799 31632
31651 32772
16049 10098
26614 12466
19493 22290
29724 31685
4783 34317
3927 20340
10360 21453
28810 9391
27239 6440
31736 33827
30438 8698
13371 13448
22295 2396
9416 30106
20486 25401
20927 34233
22635 7592
26131 270
8570 20381
33750 2886
36809 5707
6959 30598
20914 3024
15843 6757
30571 34117
8030 20479
17530 1474
29465 37851
16248 20457
9233 21030
6345 13144
3317 12619
19020 18781
25176 18131
27403 34884
16271 20916
10467 28909
21459 7711
37860 17869
20495 9786
12441 10322
10443 17934
32655 7502
33734 1000
30594 36676
32687 33690
20221 6710
32596 13539
1519 35556
5902 22959
25772 36004
33125 20873
29966 17764
15777 9278
14100 37624
23128 16045
3189 11225
3313 4669
18439 20407
32434 22200
30841 29075
18727 3325
35173 1901
536 30851
7045 3307
28242 6943
8778 25140
26428 5644
23983 25685
2966 11730
26253 29219
3353 23307
37374 20477
36820 21780
12757 12986
23759 34963
18914 5148
4819 30520
25320 37211
33047 8638
29515 6090
36036 30689
18332 6375
7787 29858
8433 20342
6337 30501
25815 30838
24458 15185
22223 14667
36559 9419
23961 16912
9455 23820
13046 25696
33366 12017
26306 21649
32774 21284
2970 29707
2551 31950
8981 1984
21827 4284
31048 31152
34035 7399
29950 23033
9761 31369
33785 30228
21494 11194
20876 18499
25753 22847
19611 37663
22045 8349
33248 33289
33405 6746
34888 26588
32103 7012
36892 21357
19648 36448
31123 4649
1091 19800
24141 34915
21709 30211
7184 26268
27299 27096
20164 15636
1747 15971
31103 35911
17402 10422
37911 31613
37856 25154
14913 4330
3366 22330
31487 13648
11175 28256
34357 28532
24917 37173
9685 22427
15873 35687
2070 15477
37524 11344
7203 5105
12504 37631
1242 7493
28904 30338
20559 21324
27446 36379
9925 6400
27064 29178
13363 11546
26895 20188
32888 26595
30908 4562
4082 7127
9050 24833
33993 21458
13589 32395
36759 4030
21303 5934
31351 14262
34438 9105
24696 9616
20563 9780
11350 29687
30125 34817
34940 19104
22435 25558
35801 37876
23219 29306
17326 12824
31732 13479
12601 20749
16156 19644
18285 37374
36575 19959
19563 28491
14737 22562
19505 5852
18941 533
13585 33452
32048 26490
20778 8360
31445 4091
22860 24198
36733 35972
17922 3482
18861 56
7988 36703
37584 23544
35599 7190
24884 18495
25857 2044
9600 15417
19036 28293
2757 25839
5180 20849
22700 25087
28992 26610
16807 25007
31397 28521
14024 35725
13243 13843
17769 11365
36833 31122
17801 9115
8997 12336
7159 36401
15682 25205
15890 23612
3327 27344
34803 10111
14790 18906
15260 8228
3441 8801
6567 761
27087 4702
21647 1030
30960 9437
6590 31897
9010 28622
340 8899
36068 5549
10351 8993
26668 27254
31176 29887
31291 27899
13072 11784
18825 29780
21049 33386
18705 27796
3878 36180
5863 29495
37627 25213
15219 23286
35072 14795
2445 12177
27387 27838
11521 487
2382 32648
26018 15516
32466 32882
12211 17646
18971 26925
2456 35794
608 37772
19556 24050
37222 2193
7033 2482
21958 37235
18650 31672
29777 24156
35606 31558
34362 9312
32370 34499
8795 18313
33045 30471
30673 33879
17881 5128
12637 34299
7383 5797
21672 16072
30076 30963
16861 5118
12203 35337
924 37987
22093 20480
19335 3459
37211 22515
12660 35064
11502 707
26575 30728
28030 29756
33770 33598
21492 30752
5685 37616
26270 21727
6252 27592
12110 23129
9216 19309
21208 18954
16257 10978
448 2316
17091 19928
25138 36944
15436 17069
29278 4026
17498 31010
21603 37890
19789 11081
37545 37543
750 3383
17142 19121
23564 1790
15487 18797
4072 31770
7748 5408
30501 8312
20107 33135
10468 5038
26570 18210
32934 16519
20381 8687
7695 18414
19336 18037
24088 16840
14474 931
14361 7311
8754 11444
31339 9905
10040 29272
29818 24234
24486 11495
27253 17122
35995 31780
30857 11850
35227 34563
14314 2169
16218 22469
5366 5532
34440 9508
29279 10103
34615 32503
5119 27063
36974 25112
7354 15595
4048 28848
35891 10964
33128 13819
13249 37864
37533 22615
35171 3561
9821 17328
34102 7602
7618 3443
13462 10984
32036 30410
5960 26133
33448 31211
29196 19751
3647 31213
29717 34900
8648 15314
33637 24891
27226 25564
29937 31103
36957 17212
3784 34764
36622 778
30303 18927
20197 25036
1427 20689
25949 34751
16677 2689
198 6381
14281 34819
37901 23189
4787 28298
2969 17865
27768 21953
22580 17717
4179 17504
35466 6441
3949 16735
4524 25635
30938 30220
2080 15847
18815 12775
26796 34076
11796 22113
8876 11792
27549 20531
24541 35889
25067 694
29396 556
24740 4454
24619 784
5260 6403
8716 34424
22792 6810
7775 29226
11697 23037
35210 14380
25760 18567
34659 16509
8346 12654
14595 2231
228 1554
1490 3728
19554 14210
30344 7982
35681 7863
27796 5662
34861 8514
24857 24639
15052 37098
16221 12109
30188 7265
22686 12076
10167 16603
18065 19305
12353 30603
7396 4963
2112 29717
27476 18114
1026 27983
15773 21195
13506 16865
4410 10615
6613 4850
2201 18173
29258 4089
3191 25088
16039 25467
2900 21801
26363 3937
28768 16924
15358 17346
35374 11661
3700 28874
9184 4549
33024 32226
18958 13152
15347 25732
37756 11695
20900 32248
37846 7107
21016 9429
15526 35431
19777 28263
34161 14313
14487 6964
27104 28940
19694 16974
18033 6770
36486 2285
11478 4779
27998 4615
36429 37444
32482 16424
3073 29222
22572 1230
24980 32618
34372 9756
20889 57
27285 2480
26756 25591
9780 17462
19654 9936
24672 21616
12051 25647
35254 37660
31033 243
15793 33777
14769 32158
19710 31336
9461 28578
30345 26471
3777 4595
36857 35398
27046 14802
27297 217
36523 25194
34734 31593
8788 7944
25456 37175
16712 35082
13326 23523
21645 21853
5182 19847
29478 26255
24319 3618
6060 5942
35104 23944
12484 35038
3378 22287
17594 5273
24719 30123
2592 19003
4770 13312
12332 36339
36625 2578
14223 25177
31418 12518
13690 19587
21822 25566
19870 31884
1005 5562
13882 28704
12454 9172
7689 2340
31387 12655
15899 1663
13403 15630
25994 32063
15685 25479
36182 4129
21078 35426
18551 20168
24948 32748
30557 34993
34974 29446
23545 1076
23570 2428
33608 22236
32590 3674
30541 22133
6463 26576
20987 7746
13313 13873
24295 34284
20508 30040
27128 35165
2997 9762
36866 37969
14502 15269
9564 4721
1063 2417
36262 9280
37955 32041
27367 1250
19346 30882
9989 3002
12858 15905
21619 8555
15075 942
24894 11289
37342 3275
16105 20142
32723 6377
36087 29897
22123 11187
16865 4192
32023 6969
32152 7483
30201 32581
11026 14456
23081 4136
11093 13281
9173 27933
35819 22109
32003 26347
12062 21250
35530 7917
3850 37747
34338 35776
2217 9001
4872 21076
3180 13975
419 2988
27027 11368
9011 21988
15168 4144
4455 17950
9898 9257
600 27208
14335 11014
33144 24244
29886 36269
24459 10814
3962 28749
31973 15968
1031 2668
434 6552
34880 24651
26958 10339
777 1025
1097 31914
34696 5291
18006 417
35111 11759
18789 5842
1124 18595
32914 27278
28219 31196
11749 8317
7014 13511
6313 9378
34367 17757
9759 34282
12579 29519
34502 27003
16543 11440
23229 2466
17520 11797
26012 32761
5179 19740
24449 22797
26610 27446
30081 300
37028 36551
15939 15443
14802 12577
19660 7701
5284 34748
2077 6271
6128 23718
26561 35372
24856 33263
36222 14371
31196 30423
620 13639
11232 18116
5419 12696
32759 7385
28437 31092
21711 32606
37084 11556
6250 10471
34614 2826
2789 3541
15058 23868
13856 18682
37145 13736
31163 28487
17767 16475
3052 21909
4873 29698
18375 2839
36931 6844
2157 3438
20611 35217
1027 11527
9450 1905
26103 31789
5043 33745
19614 7607
10647 4644
36960 15421
15760 29152
37139 37996
25504 21363
35427 27464
21741 13026
25156 21345
9172 15078
5140 7218
32820 21374
22667 14928
3520 6427
6402 15540
28646 27040
15214 13105
4982 24611
22322 14462
25999 4819
21390 30867
1942 31747
17913 3562
29528 28565
32153 9499
14952 14167
23319 29819
36244 11670
24604 25385
28302 24477
12173 8940
24909 29999
5617 12725
19358 23501
16152 17675
4818 13253
5377 22013
17562 8337
10108 2104
24904 37269
10111 3910
25535 18390
20754 8946
23639 7282
6983 30510
5998 30054
341 27409
29147 11220
23588 22517
17680 14409
6700 19344
8684 10276
5722 11137
12281 37888
28245 36226
29416 15054
36503 5668
36356 26981
33584 34195
26742 32062
6770 14185
1722 31031
5874 30328
23195 18296
36322 951
6100 28057
21262 16165
25247 16242
809 21450
19127 28459
25415 37976
5551 14576
36670 9763
15909 333
37484 27380
34152 2899
11114 2626
24952 30845
11109 33045
9100 2204
17624 34808
19735 31410
17591 6423
32318 29652
4147 32460
10959 15763
28487 5446
18086 36602
27598 815
19645 26649
31735 14288
5042 23489
23667 19385
16496 15668
16161 5947
32493 1044
12816 31444
30007 19978
7011 30100
8880 37381
19967 1600
444 29809
25933 30394
21773 9085
24897 26566
21597 12121
28851 24276
21938 30429
8922 90
19690 4634
13164 21818
31393 34795
11642 2144
26100 19438
20916 27912
19101 17681
32179 35550
37741 37699
15888 13576
21358 5306
24646 22001
18370 3593
25752 33734
23922 23855
7464 3380
36953 7273
13095 25098
35759 23960
11792 30498
1764 2679
30253 23959
13740 24015
28735 36621
19093 4392
4533 36750
26814 13417
9122 21950
19847 15640
15862 35366
16560 7443
10102 31359
24707 13750
4848 14775
29431 21002
31408 23116
26268 17522
35021 33002
33202 27718
27414 18163
35629 3570
2410 4153
23563 24433
35187 22625
5570 29650
7168 31866
16269 32864
23266 34517
10902 8042
2904 30813
36912 34859
26190 34922
21732 19154
28211 29621
6944 24127
692 4301
16957 12344
14550 30008
33468 5722
34000 5255
36569 25604
37699 11719
14486 18899
29215 5043
24519 7168
25634 10799
30348 18085
9880 7342
22608 9697
1610 32528
31639 9864
6852 13387
19362 34124
27262 1488
5627 19214
7607 27299
9285 35484
22829 8653
20441 31058
22484 22722
29841 27534
13558 29089
31650 1408
22827 19105
31206 12391
6398 4126
28716 1445
29652 15226
20901 34054
4403 37926
19679 22466
2929 21385
7543 31861
1481 34745
10772 35945
15986 29181
33817 30016
11433 19929
36170 37176
10495 8648
21692 20087
36691 11255
27943 17040
30282 14863
15195 31736
26546 24373
12089 18884
12216 3102
28321 9722
25925 29880
1914 10903
12932 10538
29464 35083
28152 18694
25483 11946
292 11493
14077 10059
13487 15592
18242 7663
4101 2697
6669 20751
35186 37653
12253 8289
23973 28895
21364 17067
12916 24227
29987 12092
7469 13446
17194 36864
32079 2274
34585 20772
20540 9696
25470 24440
25726 29389
7487 35381
22802 10656
23068 34973
11307 19764
19494 7962
5555 1634
8779 26514
20525 32730
7725 30019
15636 20986
7665 10228
11997 282
9265 35793
33478 33254
25459 21711
27410 19370
9036 31059
25147 37600
27725 9640
12174 37044
35218 28974
11354 22197
36367 7361
10936 31391
18930 2627
9195 9138
12262 36108
20617 7660
29557 20191
23530 1626
629 26322
31760 14442
8948 29228
12788 23423
25163 6061
36804 21389
32439 3607
29089 12790
32028 34501
10962 14559
5418 18215
37054 12827
2023 1478
14453 5479
19143 35286
2143 29194
18013 5727
14736 33541
35233 25849
18919 12744
11024 32144
29972 20825
37071 33526
32461 23663
36027 26055
33477 28026
7420 24225
37534 25305
7485 24434
17557 799
35594 18655
24043 22605
35524 23027
2727 29202
28926 36768
35806 5741
14323 14136
6712 29113
16223 27238
19511 29000
2113 18916
17224 10735
22845 27777
5701 27145
28775 9147
7694 5642
15529 9414
13755 13618
22979 19873
28061 31105
10878 34427
9125 21982
13542 4333
13563 24627
3891 434
37361 26835
22992 17913
34884 27166
18422 11462
35309 36426
11035 30286
21211 37219
19179 8974
18962 13059
37535 12191
17521 25020
33713 18971
6241 36299
8886 32152
26975 2768
3886 19792
18175 19918
8316 32382
8697 36654
16363 30373
9585 14715
21109 1759
16224 161
25737 10095
32078 17215
9318 19672
37843 30969
17611 8139
27147 27339
24588 11756
29622 32237
4950 16040
6102 1865
26402 7823
33792 18168
18234 32313
24188 4373
29799 23709
31985 31490
21450 37066
163 28579
6105 16903
30045 31198
23477 7838
4151 24459
35025 33589
26065 37701
14276 1150
28158 17010
13884 10673
32422 3835
17599 9578
21160 20951
18586 30215
22136 8880
35869 23422
37876 10703
8559 3467
37103 17870
31808 23670
22528 27494
3173 23330
3011 3193
6526 18997
30120 19115
1068 34709
8143 5035
28921 33677
29919 12702
45 12010
28037 6194
13260 10954
8646 35633
19784 21143
10419 20724
17959 19732
6118 17791
23622 23759
16410 6281
5402 35024
24370 23045
10848 846
3394 8976
25975 33959
20022 18443
15345 24446
5977 31779
6238 27001
72 22303
13987 10685
31249 6713
5108 14279
14824 10129
34043 32990
29168 14491
609 12349
529 36613
22517 34450
7904 34872
27677 36118
8663 7469
31307 27352
4642 30179
15005 5007
25105 7640
5855 8601
6713 1139
6764 31426
20536 22821
19612 23762
8987 9111
25083 28963
8726 22417
9363 11286
4484 19968
34768 1885
36916 7773
556 14573
10756 8436
28843 9330
23016 14849
13963 20148
9921 8215
26982 8534
28993 5152
14238 27841
5682 7322
6585 5095
9176 1233
8072 31737
25168 2787
28141 12869
20612 7066
9164 2150
16239 33652
18152 3885
5522 30742
36268 7794
18673 16582
1758 2837
19769 4342
13465 19769
33932 674
25674 6325
19369 8113
3577 13462
15686 13109
32433 12110
25290 23039
7389 1918
15800 5950
32741 9540
4654 18179
34622 37995
791 22796
23665 23082
20741 10523
8650 32810
25352 15849
37250 33090
27582 37371
23948 4479
35807 6495
11323 37889
30869 917
4784 34658
1094 14222
4426 12554
904 18472
17183 11258
14139 35202
2611 284
3963 6468
26082 14026
18776 33043
32837 31111
26364 24017
35236 12133
10007 28814
18185 7034
5479 11853
20311 23254
33509 24879
13317 27794
10183 14043
35153 33702
21414 14913
25607 26712
4333 7396
20328 20597
28672 8102
15640 30534
3795 7230
16023 34061
28475 8908
7602 32494
29713 18893
3607 2662
11512 5391
7828 21504
831 32356
8993 7584
744 25218
10737 18587
32533 29947
22722 20448
34276 29096
33897 14803
16991 36302
10943 26692
24371 19045
8319 28047
17614 12373
7737 31174
1924 24081
21956 11751
28137 838
17825 6893
34332 25977
4186 28709
17233 34254
37792 5571
5051 7814
32516 9396
29832 25875
33475 26256
23602 6667
3634 11058
32743 4241
37152 23837
10937 13048
24097 22193
10310 13125
16720 26496
6744 8046
37612 15262
7559 27834
14969 32710
33347 18253
2887 17890
806 26230
16027 23338
3014 31184
30918 31755
23854 33517
9836 18278
11729 9659
2318 29795
36233 7081
27484 8008
14714 32070
21090 32590
27280 15128
20968 8822
17778 1948
5105 3464
37457 4472
24433 32646
7826 1754
32902 11738
3452 25077
11754 21428
14627 10010
33802 19842
3010 6314
26276 5015
4518 32257
30481 30542
18502 19239
20362 32631
5662 32130
36248 33083
29934 17149
523 35425
24178 35824
13152 1159
19110 2071
36950 28208
19918 7808
15898 25142
30404 29499
24136 20615
32333 29004
12808 30125
35820 2359
16065 2154
9868 11592
418 36482
26873 19861
1567 10758
35491 32210
22704 28226
96 8814
24660 20478
6813 25499
13448 31946
34722 7169
15609 37281
32246 36293
3926 35350
9331 37501
18339 30791
6097 31190
2878 36848
15170 10244
34063 3653
27071 25650
24412 17262
30046 32421
5565 24760
6264 23119
33124 18641
8750 21004
25845 1845
4905 2957
37213 8402
28508 24014
8567 22864
15518 1763
19116 22365
17105 24942
20645 6380
21382 28060
20845 22620
29672 23421
17823 26997
15310 23021
4895 3700
13285 16006
8921 16228
7142 20454
10185 5567
6925 4293
10773 19983
29463 22125
30544 11127
20581 1292
26642 21373
7913 30207
35123 27688
23481 37228
13608 33736
20206 27602
30366 17474
17368 1338
7859 30783
5926 1458
10330 20744
19938 24756
2644 37379
21483 25579
9721 21131
5978 37522
16268 6405
23314 32006
25969 6558
33651 13495
3209 22018
19585 32554
17051 32950
11395 22253
2037 10921
29636 19630
36435 23812
36053 28574
16375 13223
6208 32569
30281 4937
9162 35117
7960 14030
784 18833
4042 17378
14568 3116
12985 19486
24396 37587
5508 26348
16963 14804
4915 6027
1429 37893
4226 6209
12960 22076
29061 17916
8441 4409
6028 37122
21729 34804
2799 27991
30212 13746
3319 5025
11010 33073
37611 19655
28388 28372
25887 35387
32515 20536
1933 13113
27962 27153
11326 26366
23197 16467
14072 33776
12266 29703
18022 35886
18341 11836
29230 1220
9741 33832
2271 12226
16108 32716
32696 13957
27001 30625
36090 17560
31394 34913
3997 28425
5749 37102
18336 3925
25102 34228
34460 13150
16329 23874
35630 30310
1280 9683
25068 15754
23535 9862
31437 19679
35686 28534
31764 26887
22547 20884
32925 4223
21077 13341
25453 27030
17724 17494
11785 18812
1709 10525
20898 16807
14354 15476
1921 26599
18412 9828
3840 12578
30913 1816
34697 16095
23425 20352
15255 30420
10462 31811
6563 36689
16244 28583
15805 27658
17468 2426
34976 13238
3665 10444
14380 17873
23253 8942
11385 1910
11541 16935
15503 18205
20841 36092
23514 11534
1849 31841
23048 1305
37202 3626
36937 5501
9313 19529
36904 4167
32259 26674
35529 23819
20255 5919
11506 26011
32142 9212
2488 15470
5916 7336
15246 32785
14340 7907
1307 34208
31326 16503
13204 32536
8552 5915
22332 15603
11631 8014
21207 20540
3904 25556
1437 15463
9681 27714
9284 9456
7270 7001
34492 11479
23914 14032
4754 17993
24484 28802
25926 26764
6622 16667
22057 3666
21143 32137
8943 24557
28631 7404
31930 35766
20794 27773
11417 16145
36830 18202
23385 9497
14631 23790
11492 31145
24798 20197
20108 1382
19302 2282
11647 3584
118 15708
37542 16580
25664 36224
37191 25212
11933 20269
20855 23781
14477 7999
37064 35056
6823 15492
32518 28994
9218 25459
21704 516
5100 25755
22729 16747
20940 19720
11003 15432
5815 19492
22004 13788
29271 10501
747 28761
13742 20787
4443 26627
22970 2221
16821 17960
7081 5250
84 32224
3156 30874
25293 27064
28720 21806
27503 27681
27134 6580
32315 17103
24820 33184
23019 4350
35785 23060
24599 27583
6648 35896
31424 21416
37884 29705
14784 3415
29576 12042
4831 29059
2190 8919
19328 202
1316 26258
20888 20025
17114 20561
6864 37737
22401 5390
11149 7264
24607 10344
10546 16359
4916 8526
35852 26891
22148 20933
31637 29589
2032 31351
28268 8750
10814 17084
28456 11370
10296 21469
3510 18468
6637 13020
21699 27165
13471 24092
12451 11921
26823 25789
36315 24729
35398 37382
17385 14712
18450 1359
19491 1506
15568 36604
6286 14989
3253 5832
25750 30306
37472 12994
36023 17157
32175 11060
10066 3263
3573 26283
23648 28109
251 17050
28024 9782
5743 5837
19304 24113
31479 11150
13086 7691
6357 926
1687 34462
11196 28519
19125 29735
5370 32385
7570 7767
20209 13314
26049 12488
30864 17446
32054 18872
5973 32386
35660 25040
25397 8533
12117 28267
24316 13541
24999 14128
24210 18545
12228 12411
2925 27416
17256 11821
30479 26774
17263 9565
14828 1886
17601 19019
36979 17158
4040 15433
9905 29556
6338 16274
22531 30027
35485 5619
27132 677
14911 30729
36281 8730
25370 21185
27436 13908
35096 25133
31119 27741
15444 16793
31213 4788
19586 6245
5175 36504
25874 3851
2276 3416
32906 21815
37436 15391
33871 30864
37453 23220
9664 352
7883 16624
29429 33066
11330 24966
10956 19826
13887 25867
12631 24308
8270 8667
2797 36672
27747 2696
5136 17059
28534 11133
13233 33014
9692 32299
16901 22229
20956 30677
4392 8646
5704 5876
25435 20796
36462 34762
26042 28373
36180 9293
21374 17066
18102 2895
34059 8381
30026 32717
811 18416
34247 23632
27499 28187
7375 18542
9807 17251
9713 17286
37133 20514
6923 28559
36877 10813
6619 20680
18750 32197
22536 9914
26929 36417
17311 28836
25104 3488
31824 12382
37489 15065
31002 12003
11286 2351
18050 30819
26410 17055
9428 10719
26328 30615
2542 28602
21725 7604
15570 32435
3231 2674
31144 28936
17602 23365
24409 36757
1326 31799
22143 30000
19862 32309
20379 7373
18373 9703
32219 8104
6437 22912
14940 6133
8808 13352
19693 18620
21029 11840
17657 11030
27314 17878
5852 36913
12317 13920
28949 271
13854 34473
26685 37408
31750 11834
33850 27291
3684 5036
33769 16133
4301 32645
20390 6181
33214 21539
26437 1702
8890 18631
34360 7995
37269 25833
11387 24482
12633 6952
13155 21204
16351 10078
2168 1893
29914 5313
3314 30162
23618 31448
13049 29757
17956 17651
30424 381
33104 21590
26015 29695
8119 21294
2003 37301
24410 8476
32034 13853
29236 3191
11639 18544
22922 21180
22561 3640
10717 4635
16952 35859
18683 24995
1799 6066
3254 26140
10677 16723
37504 11667
14046 15734
14507 26144
14753 5846
13549 1345
17635 13647
26838 10679
33639 25461
1315 26372
584 18674
31071 7904
11351 19566
555 32169
14665 28336
16541 20323
20019 8605
18048 23531
27775 6299
24673 24082
22854 13099
14301 32088
30586 29193
19802 25434
34121 31224
26028 17596
6706 36901
482 27727
33523 5913
24526 27692
36796 24133
18526 12214
19561 28450
31572 27920
4184 6092
22039 2651
18120 33643
21309 22397
18146 30378
17115 14696
19582 10163
12345 32462
9826 34556
33902 34386
15749 5504
3721 19052
26483 30686
9171 28663
1669 5190
19373 31301
17002 9740
27432 8375
26516 19688
25446 16296
2315 28032
37490 19365
12447 37260
22490 3128
14573 36110
35038 5016
31178 2956
23495 33648
19674 7054
36586 33467
11871 27848
19254 27068
6397 6193
30854 30452
8385 37256
36637 16606
11998 23296
21997 16703
5853 5359
14566 32994
14637 1067
20126 7467
27557 30336
21714 11768
24359 11942
17077 25753
19271 2967
30394 5459
7719 27280
30838 19507
3518 20575
4668 29488
12750 17372
32800 22370
7853 12268
25014 13833
34724 12130
27074 5127
3544 16995
9882 28430
9003 35021
13127 1175
22458 384
26817 25883
37317 7647
29988 872
9387 31269
20735 30158
11820 26549
5297 31898
31955 19845
21800 23641
11589 25887
3802 19835
309 5744
17926 8198
13723 910
11050 12505
37768 7335
10384 1042
32085 1758
5770 13713
8481 31531
28424 15846
28142 28560
28117 35297
31287 12512
25122 5643
306 19721
2473 30372
34982 9711
13069 27649
24452 1430
923 7633
21117 10886
34802 9990
12490 30900
1175 1287
271 29460
16307 15901
14829 13195
22568 19323
20454 37319
8450 25673
6732 3338
25137 21880
32987 517
20062 6729
10946 27243
4279 32487
19543 37924
19060 36327
29880 19057
34098 26194
34349 31858
22141 33644
28421 31976
8769 15199
22462 34624
32125 1247
23544 27657
12349 37776
10806 20700
1254 36259
14970 4163
14702 17554
8599 27338
13841 31021
33072 7664
11075 32427
24025 22726
2449 29382
24589 28589
16764 1364
35045 18876
3185 12597
3144 30753
7086 28713
1294 15212
3162 33269
7589 14399
29119 30702
24921 8596
35867 19228
16564 25584
31091 27320
10036 23610
13468 30955
610 10619
19734 13580
27583 18512
6618 5649
34099 31647
17694 8461
8990 11357
27449 13074
6876 32256
33528 6613
7716 27262
18528 32357
7472 19901
6965 15383
32620 13726
13019 36493
13091 3084
17236 1189
34285 23514
13217 17093
23457 23400
26854 11451
19357 32996
10511 2096
2583 4173
35923 22134
32530 28222
13612 7470
31501 14857
21667 7910
15369 36831
180 14687
836 31875
5833 22304
7238 23282
37628 3059
32382 36506
9775 17531
5904 9908
33536 6826
4919 3305
6639 28694
16771 29959
15150 7270
19401 6940
17310 6677
3283 36863
6542 2751
11450 33247
2586 6909
19043 10948
23608 7738
20494 13461
27919 23701
7596 10292
6226 19145
3008 33155
9070 6508
21540 10112
23431 23838
28687 21929
17584 9030
6092 8060
24421 13232
22461 28778
11985 27247
7461 432
26231 16078
29920 31043
17815 22369
25279 18793
31343 33098
27640 11224
10931 5586
7410 17434
8685 24408
3844 27199
10447 23636
6797 16086
27265 34712
31633 27638
37287 14955
11880 9044
24888 28104
23502 27094
1889 26825
8563 30065
31660 23710
31990 1951
7402 29005
26954 9542
28881 652
3013 33905
17146 4561
20594 5557
34395 22172
37029 20632
14680 26323
