41906 8685
7297 45625
1640 47607
18025 3844
16050 10447
14629 6797
9145 27265
6718 38716
44349 31633
35742 37287
5698 44460
38699 28716
27652 11880
2083 40064
1953 24888
6141 23502
14329 40066
15248 1889
33119 44858
39454 47663
1740 8563
36782 31660
13032 31990
46926 7402
42591 26954
45963 28881
35714 3013
27494 4151
14447 17146
29440 42925
38619 20594
18232 811
426 46175
10464 44429
45754 34395
27697 37792
22299 47434
18211 37029
10190 14680
14111 43899
22060 22171
6699 34020
6079 34283
24899 45105
6339 45914
23527 40517
22542 6242
39566 28368
17336 43367
2848 47622
47824 16291
30109 31584
35143 22660
8181 43497
24808 44322
5165 42036
36179 25224
19214 9743
41199 36592
40536 40168
23701 3577
37838 764
12602 42166
46175 10285
4559 33133
3004 30756
43337 32496
14936 10840
18966 4907
5230 32221
15257 21014
6620 15788
24912 21686
18218 18230
29715 3300
41661 33223
23910 14596
10660 36078
24261 42161
23284 24815
13731 26430
43921 15401
17497 5167
45995 30088
44797 29111
42470 37555
4680 29367
39921 5769
41614 32667
11216 29300
35006 20714
47785 7780
16044 32596
10709 42820
30295 1165
24868 6727
17692 26440
41944 27024
45100 2349
36501 36513
14393 35986
44867 12
21253 5957
3666 39598
15011 40572
2104 41782
20674 19963
26291 33315
17547 36854
4338 13557
13827 42900
37171 44006
47050 29899
20623 22339
13935 23813
42955 3557
32718 14610
25929 29784
42130 21757
30072 36711
9364 40617
17360 39319
9151 31008
16163 46967
36790 43069
35323 23809
17220 46919
38312 29658
28078 7473
38243 6386
26176 43183
23724 14533
14374 144
9066 22372
33393 23275
32344 41528
5958 19136
3088 35894
7186 34209
10017 24504
41121 46013
10485 6968
44597 3001
27667 10759
39087 32272
4164 9205
25217 46980
25010 47289
39053 26819
30675 7010
34677 16666
16477 40033
36257 12840
753 12291
44584 7914
47234 25749
7508 14129
44677 29953
35191 12490
17487 46976
42007 22147
22294 7063
7311 27163
19235 3048
28493 41501
10366 44050
29736 38589
213 8076
47324 29525
47165 29976
17262 43153
32807 38622
11709 33044
33272 8824
6974 32692
40980 285
19559 34758
41875 3184
33271 36257
39910 28365
13036 38347
24505 31650
10588 11614
35349 45339
34758 37917
38 11381
39253 47874
21244 8414
32022 6787
1277 25390
7332 43092
23789 39358
20154 39726
15693 21093
3797 33038
15786 25210
37183 27438
5162 39912
5614 45385
47967 16269
31850 17931
4536 26075
34912 22470
8242 19279
8415 29678
43238 8741
31149 9056
36032 27050
10822 39488
17371 45877
34582 33574
39754 19590
27731 45974
13881 35902
35344 20573
47837 46654
45212 36280
13183 41457
46724 14244
20429 13166
26149 13744
44020 40906
24473 46818
28712 19044
33920 44998
29589 22630
7931 44065
16247 8695
14726 46557
4197 42605
22157 11654
1379 33024
38556 35553
36302 45503
15081 41739
38565 21128
14433 46554
472 7564
4653 23085
46390 36850
41360 31482
3859 38195
15004 37398
4418 43723
2059 46539
21655 27360
4644 44188
33696 34990
15598 18739
18251 27682
43843 837
31813 34258
14041 6978
35340 1657
8672 24961
47406 9525
37424 3478
37763 43926
30977 3710
15926 13101
30997 17497
26678 10548
12479 18784
6182 44787
6353 16421
43188 9597
28250 4066
23220 45259
27760 19343
26942 13370
30607 35467
47781 2118
3551 23507
44130 29662
42825 6717
42349 40378
6450 44272
3973 36824
26387 14701
47725 42410
22237 36784
7162 25487
16296 15572
12557 33484
12466 45622
35147 18851
29401 45413
9187 43549
27649 3079
12026 25008
18255 25399
30319 27301
16372 44902
4941 20491
29042 36185
36067 3526
6417 850
3316 16472
42739 13310
35428 40670
968 29037
6113 14782
15492 41536
10900 46179
26635 46501
31827 42444
31547 24101
14009 38561
26283 35823
3843 39544
10790 12876
24837 47508
142 12682
25587 19280
17381 29414
29820 11628
18695 44739
27723 4881
45652 12254
47875 11390
36423 33676
43377 7822
47082 24721
31895 2664
10145 28083
12446 18292
19446 36478
14268 17318
3833 8525
37958 10547
35534 38273
3995 16713
20553 370
3747 21664
3287 30562
38285 46511
31247 10146
32955 2618
34808 10074
10318 21144
3728 39118
33282 3333
5251 40985
12179 40345
4491 43378
38997 19737
4454 32149
44251 37531
15415 36056
26462 23468
7857 4777
37335 46379
16136 20832
37941 34433
38963 14416
2605 12051
40592 34119
5373 4469
27475 33105
43082 10445
38252 27259
37043 35592
34262 35196
20734 26439
17090 6026
13387 22899
43892 14497
46937 13983
20591 43473
15643 21751
17408 21697
25939 23646
8578 19240
42304 14317
19661 40520
29965 34767
20721 31121
4755 36788
611 42553
30035 577
40709 7519
36897 43840
6553 22676
4802 29208
35235 15752
13970 42092
33154 40220
8681 40707
22873 15980
4509 2614
16010 44732
24218 21033
18677 24994
10339 7431
28717 25289
35601 16816
46108 35405
19826 47447
40087 18536
42859 1620
34665 33874
513 24574
43770 33706
36347 33341
19621 29201
43476 31904
6789 2874
8801 19428
17333 42699
7565 12617
7015 20993
10188 33679
17849 5397
18466 6289
39639 10971
13804 35257
47030 34945
22472 481
13343 41087
45056 4291
41566 13814
17301 43932
33123 41256
32017 13971
16458 44919
3330 27801
6049 6811
41569 13473
18133 35243
2890 46055
233 28524
21860 42374
8574 4727
41754 44961
17168 10077
10590 1557
28957 30096
36155 46981
46247 21740
28029 2483
36760 5736
634 4801
4932 11665
45287 16510
9769 36575
35756 4617
2362 37681
24197 14919
38176 16951
36211 26715
9706 25431
28167 29565
8353 41302
2742 26506
20203 28379
23898 20736
2615 1107
23450 25527
13768 44126
44700 7754
16354 35051
43709 387
6737 42037
23179 47205
36693 40525
26633 4145
40676 38379
10129 2983
15515 45934
10650 4758
11604 23443
27021 32954
1625 6956
11755 18995
21771 44950
26983 19750
43904 39752
16264 5670
17486 18450
10434 28684
45959 24997
7085 25895
25071 43302
2538 2020
30848 31064
14578 10245
13080 34962
30167 14410
22916 8938
20001 25625
14916 35765
14610 19332
1551 41553
43256 9443
12657 19534
26114 44387
21513 47798
18259 42464
4550 24454
18293 731
23013 36276
42041 36378
33385 9266
26194 8077
44533 2738
35142 330
21703 37534
1809 39103
7560 25827
17119 35203
11703 35883
38050 5579
17398 19969
2508 13767
7105 47576
39097 22535
28480 13877
22655 27044
47746 42332
20558 33591
28600 9336
39729 10549
33517 12059
7579 14470
25245 40429
37788 16564
12458 12736
16694 7512
2909 11886
46451 43974
28578 37179
111 3565
34074 35970
35288 30230
45014 42250
47149 36023
43951 4794
12913 19049
23870 44020
28266 4415
4586 16430
43532 6436
21640 12938
40840 47553
20573 38050
8168 31929
47170 21683
19682 23406
33235 8403
20270 43995
43706 42958
26765 15371
21377 6557
26372 18687
45693 40601
19377 4575
36334 20827
8342 31842
12573 29534
27555 21519
43577 40393
24848 43216
44389 20033
11406 45447
40339 38285
37297 9988
19724 37065
26613 37150
35910 23888
27 20732
19915 28070
18804 11052
13775 317
28174 20527
38010 16134
39759 14518
42907 46675
21119 41998
30474 28582
28953 18133
28978 23560
44278 8802
14006 44537
33501 21730
31011 31455
11121 30334
43179 29187
5558 23511
18599 20020
33781 31915
43507 36155
41481 7133
40584 11520
21967 42307
6121 39756
15393 5373
44093 18391
20344 9176
14723 35299
13051 12874
9657 17252
1601 41067
3029 5012
16047 47673
31139 4942
40061 1221
4773 33239
29847 41395
27161 2045
41273 38135
37728 37939
12743 26551
47078 38669
45637 13944
25165 2403
32400 36150
26192 17080
15990 35617
9672 35369
42996 30940
45065 42855
364 9741
6986 23975
27863 25723
14342 14635
11527 38641
45608 19071
33945 8775
30445 30455
3292 32842
36531 33451
16332 5935
7954 26004
29915 23847
8739 32911
30451 695
43751 43430
34809 15656
36630 40242
39024 44838
20795 10869
29005 33695
40151 9200
47139 29244
33082 10435
27967 11741
35906 37117
29224 37082
10431 9582
31109 47973
29496 31687
16987 23515
16204 2649
41790 14341
18174 31959
34164 15188
31759 4120
41075 17325
15680 24212
17997 15337
28828 2806
5078 43817
46763 13552
18726 33941
15368 23675
17808 25435
22011 30781
20953 29796
35400 3044
5281 2616
9069 42502
9885 21239
15156 6765
25103 46121
45479 34169
10015 41522
46296 17924
14022 17257
4210 37922
27189 35675
26713 37367
21685 11394
35561 24685
30535 42840
27249 24807
4081 23941
13556 38515
27535 42818
25525 5102
38279 33861
45582 16488
1281 24664
37729 14608
24929 33841
31260 26598
387 23128
23053 22613
19570 31907
25559 31596
27461 433
35273 32889
35792 9108
39535 28830
14454 10854
31997 15073
14381 5053
17888 33721
28563 42171
31828 18404
1903 13862
25485 9847
22029 12250
43836 10313
44509 23739
26498 39455
47460 47010
10817 7755
30631 43327
8365 15096
40781 27173
35005 21642
1768 47203
25823 7428
38791 31557
36988 44252
43451 31380
1777 31394
5502 13809
42124 38719
28090 10568
8894 42419
30258 26929
11910 1472
3296 15970
17050 2828
24845 8382
21454 37585
13872 38821
29800 10560
21421 8830
22119 41258
24847 33597
18236 2569
27628 37505
16533 9625
5368 3665
30823 10902
1271 16926
35352 11799
3414 33859
22936 26572
14695 39280
42608 36937
4497 41788
42714 47157
2639 47709
2034 43369
16206 18577
13066 5620
1336 14195
40720 29439
9987 39750
15634 30895
8273 31567
31036 11179
43874 14377
7497 26921
36961 39377
14285 9353
30477 38185
45841 11920
16794 40843
24176 43231
10997 33477
39708 17336
39797 10992
47079 47461
7507 44931
10733 22458
20385 29719
37925 39095
1683 38706
20445 4512
37736 15062
44391 24787
24597 25262
25996 8665
46860 7116
12998 1086
4981 13262
38804 34257
45261 33054
41107 44851
15916 27512
6679 9802
45692 39683
19765 6312
44844 31187
39349 40289
7934 39310
37089 2559
2692 34828
22755 32987
34914 7702
28075 6108
43354 31605
24286 43214
4520 8542
33159 39550
42438 35343
22363 79
830 44471
27529 42549
32126 28279
6917 34213
28412 27570
23737 24274
41654 2847
30130 45721
46355 34723
10027 28113
28541 15040
11544 31597
34194 24985
42629 22972
17701 38604
40365 45660
35270 37757
31687 6404
30466 27885
28546 16681
47909 31270
38829 15238
17590 5494
21123 18565
16089 39210
5680 35634
18280 26782
29544 16896
15982 12388
30456 359
37346 46475
39999 467
43791 37879
24838 34246
22047 7723
1881 34064
32395 472
21301 24578
11918 42897
31953 13463
13902 45074
23254 20703
16932 26795
22305 23742
18328 6986
39070 10144
45953 27924
18106 42702
36425 38363
666 16623
33858 17125
12522 35135
5611 27759
15818 37007
47191 23963
26636 40101
32020 18060
36385 44605
15750 26048
45260 13350
31202 27082
42330 36183
46652 36541
32167 31620
29372 11713
1131 24263
6099 36641
19284 36367
14523 31704
26503 16632
45337 20097
15946 37857
20068 22568
43514 46236
38113 26092
24185 9049
31016 43207
36273 7805
34795 15059
22529 29269
27886 45831
36071 10604
21679 6572
23057 14055
46063 26252
29737 22180
17755 36083
20095 40241
16476 45683
15109 44864
7908 46321
47271 3412
12622 10535
20680 25501
7836 41673
35119 347
45231 5970
12134 30912
12553 39338
14181 28533
31733 5777
18121 4200
47487 17242
38640 14534
34383 24304
39112 5246
18547 39914
6589 2475
12722 47481
19415 25188
14909 26257
23651 40237
11760 43004
19810 34145
928 18775
46401 46636
8296 39156
17978 3766
2983 11487
3574 41963
36265 32399
19146 28769
45706 702
8276 13220
41804 43050
32171 33958
6724 18744
804 12763
37622 2203
18635 39290
30763 33460
31374 33805
28867 45774
22329 15183
12083 40318
3368 11108
16547 44173
31309 2364
7477 23576
4283 15680
26261 42928
32228 19
4856 10319
37816 5692
41252 18084
44988 26178
3514 23143
9944 43887
9778 25897
36887 38410
19913 13128
5583 33931
16266 1008
7763 46113
36574 4497
27275 5910
39736 36019
39068 18645
40529 47589
14791 36643
34248 38204
29525 22813
29015 22773
19488 18122
38570 14831
28104 39739
20014 12749
37266 29804
40700 26474
3948 37678
39953 305
6504 17112
13618 11472
40994 26682
13830 33177
17344 36611
43282 4744
5321 32976
10293 19285
15720 22281
11392 7669
36176 33639
4920 16889
10259 35253
176 37677
26773 16394
45179 45495
38917 29018
30797 24713
19088 36908
2140 31696
15171 15944
18882 22261
46332 30072
18529 44669
46071 30194
29756 38459
4665 1793
45049 31587
15298 7620
17338 16897
40964 4428
38653 25079
43332 14443
12965 44363
27862 45953
7522 15069
35689 20692
14734 27029
42444 23141
9765 33850
17409 35105
9322 638
3909 45929
10874 17259
20160 16270
37304 18828
18915 6096
28781 26145
8150 44152
30717 22413
45134 4983
19929 36344
45858 11698
26379 31232
17842 20570
32799 23170
35389 14324
32362 37599
28689 17635
5272 11979
39193 44769
2613 12463
28314 32703
21124 13086
39565 15392
16409 15864
1696 17394
5986 15022
15003 13289
44191 16365
37697 40541
38478 23333
1360 10224
44059 6992
17663 7857
37765 5144
2637 44291
11482 43479
30835 32288
34011 40228
42698 435
28982 35487
18230 2770
11895 31608
38361 24327
28567 40677
41602 20672
32226 32267
5980 37652
30803 18005
22804 32166
26762 11985
21844 33498
21041 18368
43918 26076
6856 14556
10540 37793
21615 8405
26978 3549
45461 34455
32472 27734
18889 31348
43424 35440
26245 2135
36052 32931
2405 22760
29808 25803
5772 44980
20613 11456
16542 29963
21187 7889
7598 45761
26489 33962
33725 30152
76 20687
43101 45169
35560 552
30277 775
27083 44179
3553 13812
12294 24867
33977 38077
23710 6603
40805 21328
32670 23698
40987 40160
28970 17020
3383 12266
13341 35951
17502 17227
35994 15542
8587 17656
18877 30891
28713 40180
45761 22486
31767 23982
7958 12053
1892 32688
41290 27784
39904 13798
15683 27466
46517 45922
10380 24400
20366 23926
36100 26254
897 18326
36193 29539
26739 11790
6109 37448
7436 8595
30242 37742
7699 44959
42449 14980
10091 6546
32662 47240
46964 17692
19128 15454
33350 36395
46230 28326
17920 24962
27230 12850
31622 9559
30948 9801
15974 30998
29936 639
36128 11575
9480 27625
25139 32742
12492 8813
39281 41331
33309 33883
8947 34996
4576 47223
18105 31892
27194 19664
22275 16448
33276 36841
17510 37214
169 3127
18537 26110
47583 6487
19567 45256
38466 10705
38006 3935
43250 14121
32090 31231
9739 41279
29265 29482
35297 21933
31742 17025
22619 23657
21787 23614
36171 36724
35615 36536
24721 16890
29842 22554
21089 1300
12364 26986
45712 7946
15651 23010
37474 44538
25099 39688
15307 13039
26921 37805
2861 42590
20853 42542
46218 35288
24985 11439
25303 18653
43496 23273
42731 21306
9969 44119
32462 33453
2427 31949
8274 29291
32919 5139
38679 24974
21758 40218
6578 18778
28856 30393
6535 41400
34469 9493
29946 10983
1006 41982
47347 22112
9448 27645
26869 41372
42912 40129
10117 37463
4904 26528
30769 4676
17369 5185
22188 10617
40846 22520
45398 14957
26050 20545
42588 20767
5264 42796
21533 19095
44195 46559
34972 17530
24905 39675
20753 42248
41078 25917
47102 17777
31979 29157
35457 23801
2353 38465
40466 34141
4485 29511
15386 27132
41364 10966
44853 12052
18834 1514
5924 8195
28441 47696
6452 15377
41534 43387
46131 16492
6587 45921
29077 5248
10903 13801
45483 10939
19626 26021
1898 6751
3015 6263
21259 4181
3678 31011
19227 35943
23493 3528
24566 1728
28226 26019
9541 34340
16004 5456
34811 6812
27005 17201
44683 40508
11801 10177
11141 5526
11474 42916
5176 25549
39944 20275
40614 15032
44770 16214
15784 18624
32616 29043
38218 41058
9380 8285
15217 8604
30222 34521
41806 11181
16645 1873
30119 2304
16734 43487
43703 23386
616 21313
30491 31206
18851 30618
44408 35428
35822 17853
10354 35950
4841 29154
28950 8855
22647 45720
38508 11603
19606 38721
41874 39164
27808 29921
45241 41357
16391 41672
29940 36962
19800 28507
13056 34306
25212 41930
31668 41913
6990 34983
15546 20294
24994 22753
37482 31566
23525 35368
37671 14886
19391 5870
45828 28958
19349 20177
1438 23972
43138 27015
25940 17027
17989 10206
531 19895
44945 692
3215 7
39742 34297
32554 8933
18757 22537
15082 18794
39785 30750
23090 35069
14353 546
41722 32240
12461 31266
40691 19636
16426 599
44418 28210
47247 19197
43201 39126
44621 15153
8964 474
41173 35928
6368 24488
41122 12359
42359 26984
2584 36737
20247 28647
28890 25871
2187 16378
37983 10701
23912 46855
47996 42336
8613 25541
5907 24797
19341 14457
21412 17235
27231 5192
11511 27672
13160 40982
8662 15700
35351 33857
23977 40188
34790 45478
32886 44869
17861 17817
10784 18657
16841 42498
31579 34862
19343 17618
22199 27061
7548 12321
30693 4487
4935 11955
9225 8954
14786 18979
44324 7233
47463 41740
44198 29842
26045 40484
36525 29673
23972 17835
5919 45907
25859 40813
913 32244
17332 12307
35165 1272
8100 9972
29805 3253
24156 35060
44095 1451
44063 12186
17182 6703
38310 18489
24971 17642
41848 46872
24345 28733
7101 47652
44227 538
15324 15258
30899 5912
1641 9876
40603 966
36793 32348
21497 14234
39983 22408
14508 27542
42445 20420
4143 32663
41642 24340
30427 30389
45946 45675
19805 2080
42549 21644
26759 5258
7647 9575
9161 3673
2972 17466
2439 25718
19947 4679
32285 35599
7611 30812
6370 11902
15388 12596
35229 16390
8891 827
25471 7993
29730 46838
24315 16316
43941 25219
45645 29030
35403 16199
27468 2197
38492 13054
47619 30202
10127 6158
27190 34154
42921 43648
6490 13661
32070 30988
40348 25502
26747 44660
18334 20455
2145 21173
45239 10395
24284 41233
14239 47726
29058 2765
29144 36018
15474 34140
23769 8005
6512 16602
44937 31538
24074 41847
35683 19584
42260 13024
23507 23621
3969 3414
26093 43693
18081 14273
12440 7401
8006 15465
29801 41479
6008 28454
43436 21268
13901 988
42055 10969
41910 18095
39135 38319
1400 7842
3315 25940
21857 15932
15963 586
8253 2753
37001 38082
13449 45270
36321 31148
13577 45116
38430 39074
14153 10158
15270 5865
9671 16301
39059 10335
186 32763
18172 5991
9483 44955
8520 40544
35404 22179
16427 40969
11436 3936
7205 3918
43324 23300
1690 42243
8638 10088
974 45963
23478 35151
15594 7039
38592 8247
21219 31972
1035 15249
11420 20758
17392 36593
3435 22762
8308 28752
27589 12647
34478 1400
7449 45171
4166 24758
31212 23473
29379 47475
23727 2588
33636 31805
38907 46310
7147 28673
29623 36637
33020 19315
14520 35569
40312 45682
2842 32119
47661 12438
43182 37140
34174 12231
19768 35627
30019 22785
42162 21213
2042 47999
3987 30697
31391 18044
26321 39236
27937 36342
44965 10509
7076 4514
32131 34809
46688 10160
29070 29451
4817 19378
5295 35495
21110 24060
39866 29759
9722 48
4305 41814
8271 33159
18024 24841
40916 12160
41490 1227
38363 40615
35938 23861
46672 40646
21312 15650
24963 21018
39151 47252
34771 4152
19327 43142
29735 35322
33132 25395
39678 12444
28194 34346
6500 44776
45992 32608
7499 36141
42908 10102
42659 40177
36133 18556
47241 21142
14092 26857
28186 42003
29594 21105
14975 7240
27120 6309
22213 34289
29721 43182
26132 4370
27263 2869
47816 8505
6232 11708
20484 2050
27969 13244
20482 7016
43589 31810
16705 12558
24531 6472
10004 2086
45012 37422
31082 42058
4400 25468
5979 43118
5595 32107
6110 34461
28304 40893
6329 45962
24422 38686
8528 16774
36463 3217
3931 24010
38435 14466
36805 39712
36811 47045
21604 4645
43910 858
8011 13680
26923 42976
23174 32205
43604 5241
27718 30675
47256 41873
3372 3979
20477 23654
23046 36571
6790 27260
37875 24188
33254 46428
13943 3821
10141 40432
43040 17421
31601 34670
14697 2665
7093 4613
22946 19917
36456 5108
24089 14150
7530 34045
18257 6365
37625 6634
14822 47525
28123 15140
36764 34843
40746 25254
40212 12417
44236 12657
42120 34485
36487 16303
1721 37358
39912 11725
43112 36597
45448 36579
17528 27210
11824 6915
17910 41853
46053 37786
20250 23460
22271 44204
23005 30063
401 46043
11889 43598
9389 27989
37115 6823
43080 10933
26266 11823
4561 36043
9298 26317
41496 33076
2010 22120
6014 43093
34766 10367
14099 39317
24655 29034
27515 23090
29731 20654
22341 36051
10316 21277
24252 24362
20424 28220
47291 47571
37198 21198
39075 39873
5568 15776
3448 36907
10197 35759
10317 14020
40491 24581
3262 36061
44170 16652
5347 23594
17833 29649
29040 29328
43381 26024
27789 13
31829 47600
39786 2272
27144 18644
17903 39044
14128 1069
33578 33923
7460 8853
22622 19782
28175 431
7268 19683
18563 14542
44448 14079
44466 20638
38872 1423
31892 45202
34534 18086
43722 36285
20213 33507
2977 36460
14452 37400
25904 37462
39278 10140
3591 6180
504 2474
13398 30171
19754 23309
13844 10231
8994 9071
16746 17367
18970 24058
21504 38153
7864 16375
507 15270
32597 16794
28224 19681
11515 6024
8467 37388
24918 26202
34904 37295
46116 14250
32786 5060
36617 47421
43782 21280
23211 31624
4724 11332
26023 32000
2773 45194
28589 46062
1229 37764
30131 6250
5103 39010
20517 42091
37733 19687
28134 2450
37579 47894
26505 37768
46498 25006
41953 21915
27374 22802
18974 28463
7549 27298
26545 7900
1367 14859
21285 42781
11264 39473
40510 750
30153 41543
45195 41432
23715 25067
5776 3548
28621 19975
6938 34366
28553 2699
38593 20927
26244 35385
34339 37023
5155 9803
25937 21420
20335 32926
22251 45729
14521 14471
21828 10040
11019 3311
5006 44148
33456 47945
41500 25748
7473 29204
34774 39003
33421 37700
12708 33078
22897 5904
23010 14555
47670 28308
42300 18992
9680 25843
15485 9701
6738 8664
9598 22032
16776 5410
12929 31186
11371 37450
39479 3232
10019 35924
42960 26162
4939 17207
11610 5576
41154 26118
32383 32888
30406 28475
36945 45736
37977 8545
29420 8839
44639 31518
36995 36655
42140 12984
41635 31973
40929 25908
21182 42746
41106 37443
20719 12852
9894 36777
28821 40370
4476 34358
30732 16138
28981 15881
41379 4696
19846 17450
18002 28185
38760 21196
3682 44875
23065 37750
33249 5872
4863 7375
20343 44024
30261 27105
29617 27758
2465 23939
3729 22827
24166 12484
18814 21020
5029 22579
42249 38921
5918 42953
40306 1587
38934 19977
33232 11093
25198 22920
30325 40385
38033 28981
36328 40841
2689 9557
29474 28867
37465 2942
42719 15302
12337 13087
21072 44916
39650 24499
31171 47743
32858 5624
9887 7365
4055 3575
29526 15929
6784 40699
22508 9679
46814 18854
5527 901
33067 22497
42345 45469
11309 7293
2566 19997
16237 29496
46375 30880
28798 1491
34346 21750
34259 13698
39965 35259
10404 13886
23849 13357
24436 35811
18540 34293
25390 16952
26790 35967
22176 31656
44493 40832
39184 47837
3432 9264
41346 45553
42422 45794
21932 43796
4320 1206
21607 24682
6194 38208
36567 43485
44459 34525
25334 2850
18622 16742
16515 11163
47431 3940
43029 18614
39499 13153
9855 45648
21848 40499
5342 17779
38191 3479
43491 30472
9269 42911
22926 547
20332 4365
45776 25471
43394 43279
25688 17781
8451 43450
46455 43261
5553 23608
20289 7071
24687 1251
42172 19169
21528 42560
8376 25332
43917 15150
46061 24950
44920 33328
34498 6528
6125 20674
42338 31763
43940 39132
27749 34837
33325 12218
23713 13034
1195 32811
23764 30015
20242 36746
11814 46693
14038 1409
22396 2606
31869 34696
12584 19984
14847 21861
9016 32109
10155 25782
5058 10290
19386 1205
6629 22727
35375 44848
34507 23063
2474 23291
22071 40976
40504 19814
8589 15480
39142 32851
24689 18080
10110 4064
10634 41012
11852 16888
45407 25374
40943 1932
10849 36369
47264 18363
28684 14784
2864 9943
26927 22400
23875 25746
44327 43053
47159 8996
15567 5754
29112 47835
40016 25049
18674 34126
29421 44434
15336 40138
34997 40995
15675 44992
20282 14905
30738 27351
12716 15753
24107 37546
44454 10011
37384 27949
28875 20473
30257 39674
18467 21581
25027 29437
32959 35536
34568 8636
27438 13551
10621 42761
13088 9082
39628 38079
9071 35479
16385 44830
3420 13259
42021 9052
31496 20251
24328 45124
36343 46212
46623 34329
33811 8864
8171 9513
18682 43007
5497 37018
10507 10358
17878 20808
29447 4445
33644 36526
28671 34929
6011 47150
14552 7759
29566 12068
22911 20815
1748 9537
27191 47650
3491 1933
25983 20886
32900 27135
24508 26952
15452 19881
25308 29033
5349 41737
24571 17944
14716 9959
1848 12317
20886 6998
6494 8621
46839 12108
42596 1717
21974 40107
9572 40433
9018 17490
2511 39689
18801 37162
30963 40132
45618 15134
9096 39084
46239 15217
30744 45048
29400 1710
40328 23545
345 5209
5193 45099
1246 31235
16773 8788
14134 32921
9799 39631
35967 30721
34589 46663
27739 42571
7287 24508
15574 12058
19737 25393
7986 32208
3130 31055
15627 9013
27514 10734
40817 12666
29958 14830
4117 2113
7266 26778
32757 984
39108 17686
35131 27070
1078 14586
41416 43997
33776 13293
37687 13407
15856 4335
47091 11605
9410 28789
19089 40440
28131 45080
103 21293
40293 29986
23123 16174
15766 28021
37400 26534
27301 2742
12276 39842
43541 24929
43793 47200
34308 20507
23633 25832
4436 40076
34476 37483
35657 38916
33268 35138
36317 34422
1333 42035
25589 46145
30811 2524
2854 34122
41660 7165
25355 29597
24465 29944
16624 2780
1065 16104
23403 33994
4428 35250
22597 25927
15803 2573
43064 36550
41174 25389
6794 33825
38136 3231
21792 12443
8744 19083
2906 28807
23089 26086
35784 19960
42127 18738
11475 30235
44872 10911
30450 27687
45574 19296
31362 40183
41402 45217
11946 33881
8838 9322
4136 30382
46927 42343
29995 29603
2424 5928
19232 47360
13212 32812
2871 7417
13073 11782
2747 38368
20683 45621
20322 35810
33777 8868
26099 25761
35589 27104
31025 21199
16602 29550
2400 1633
42396 11723
12525 29733
18751 38687
23395 46704
3133 13234
42975 29799
21754 5911
17906 45333
8158 42506
24119 46627
28637 10748
26216 47080
28819 8097
25340 5977
22220 7482
12244 46284
32520 29452
45356 41555
32606 23786
24075 5591
34032 46353
17480 25172
5415 47637
47651 33533
27821 40113
5173 10480
28221 24818
39483 36068
11827 24944
35749 2878
19253 11200
21051 21968
5248 37061
21491 43223
43315 9837
19376 10625
20087 9477
39494 46665
47033 3363
27926 27498
10922 20190
45205 20285
29092 47852
23039 29246
29304 18926
2776 41056
47633 11843
23106 7705
40295 8623
28505 13295
17994 232
41909 40801
3760 16588
4918 801
43987 30058
41781 32613
26622 32680
23810 35619
33626 377
44526 39845
2041 32340
9358 15590
39818 14214
44440 38592
2281 43220
4407 31177
15467 29737
42282 26880
24008 28959
23734 5204
25091 39402
37175 39329
2123 16038
39656 35871
10056 18227
44504 41199
29487 36540
24312 13608
24381 3206
29095 12114
5039 9717
37613 3609
9024 42814
34699 22874
24049 2407
26086 9528
20604 2126
42570 43713
18265 37886
16359 39537
7435 19559
1699 21700
12193 5748
32706 3214
33931 7137
25362 27326
36810 11682
7718 10574
17156 44047
17059 18638
46140 40049
29247 43315
14063 45320
40100 45866
18716 38992
45481 37506
32192 36843
13119 37944
8038 23606
8896 6104
4854 19615
29626 21157
11316 24155
46752 24835
29171 4435
5754 28006
44691 36076
20945 4255
43768 19192
22769 30856
46501 8818
4256 7997
36045 45523
35532 17985
19030 21576
19658 34541
10323 27117
46650 34384
46502 13753
45890 45602
41793 13701
11410 40112
23691 3814
33342 7164
14696 37446
13172 47824
9102 41221
32377 34666
1723 5746
23652 31698
36309 47453
37505 45132
24177 39635
30632 46322
36153 18822
8505 27988
40105 39902
5651 20742
4309 17018
26094 37693
46985 40845
47112 23191
31370 8501
34452 40259
26922 36873
26833 32532
37677 34060
4834 47788
8214 41410
20777 32620
42097 32277
4861 11791
29490 39939
30529 15252
44572 46438
33906 19038
22579 12685
8411 104
36131 7747
41930 1572
38522 30467
11926 40991
8457 7729
28353 13588
32956 40325
3632 27174
8138 2982
33955 21876
10029 22915
19932 36728
10791 41780
10615 13916
21146 741
46487 41984
14777 13186
22677 45221
34007 18457
18616 16674
5169 4446
16424 20171
12865 19680
41620 33207
17987 36045
8204 21229
40962 402
40268 7461
34963 44947
6123 21843
32937 25956
42008 37285
11052 1909
38785 11511
38054 12716
10106 21661
11220 22148
43171 44072
40926 31399
47228 31097
39659 2331
22127 42314
36938 8897
2700 31556
1860 10184
5324 41105
2980 30188
42039 35191
37800 21962
17345 30309
42673 27129
13816 3672
37496 34150
27302 19618
40509 37025
41877 47512
1985 44447
32640 20677
41102 36385
35755 35120
18984 13649
42069 37841
19799 44925
31651 23174
16049 4340
44892 9785
26614 18381
19493 2043
29724 22227
4783 24592
45129 41060
3927 35015
10360 10877
28810 37420
27239 39695
31736 25531
30438 12281
13371 39007
22295 7658
9416 20204
20486 46221
20927 20612
22635 46521
26131 2073
8570 17793
33750 27124
36809 5689
6959 32575
20914 15575
15843 24353
30571 29617
8030 19834
17530 14165
29465 34413
16248 19813
9233 11470
6345 7356
3317 24525
19020 2451
25176 13245
40330 6069
27403 29084
16271 33161
10467 1635
21459 31632
37860 32772
47260 10098
20495 12466
12441 22290
10443 31685
32655 34317
33734 20340
30594 21453
32687 9391
20221 6440
32596 33827
1519 44350
5902 8698
25772 13448
33125 47486
29966 2396
15777 30106
14100 25401
38231 46772
23128 34233
3189 7592
3313 270
18439 20381
32434 2886
39159 45027
42878 38948
44075 5707
30841 30598
18727 3024
35173 6757
536 34117
7045 43188
28242 20479
8778 1474
47678 37851
26428 20457
23983 41868
2966 21030
26253 13144
3353 12619
37374 18781
36820 18131
12757 34884
23759 20916
18914 28909
4819 43983
25320 7711
33047 17869
29515 9786
36036 10322
18332 17934
40845 7502
44591 1000
40046 40826
7787 36676
8433 33690
6337 6710
25815 13539
24458 35556
22223 22959
36559 36004
23961 20873
9455 17764
13046 9278
39484 46161
33366 37624
26306 16045
32774 11225
2970 4669
2551 20407
8981 40191
46766 22200
21827 29075
31048 3325
34035 1901
29950 30851
9761 44270
39732 3307
33785 6943
21494 25140
40179 5644
20876 25685
25753 11730
40403 46182
19611 39068
38911 38847
22045 41253
33248 45229
33405 45834
34888 29219
32103 40391
46448 23307
36892 20477
19648 21780
31123 12986
1091 46721
24141 43967
21709 34963
44159 5148
7184 30520
27299 37211
38254 8638
20164 6090
47535 45784
45092 30689
41240 6375
1747 29858
39120 20342
31103 42233
17402 46545
42965 30501
37911 30838
37856 15185
14913 14667
47278 9419
3366 16912
38242 23820
31487 25696
11175 12017
34357 45850
41224 43594
40616 21649
24917 21284
9685 29707
44613 31950
15873 1984
2070 4284
37524 31152
45910 7399
7203 23033
12504 31369
1242 30228
28904 11194
20559 18499
27446 22847
9925 39613
27064 37663
45253 8349
13363 33289
26895 6746
32888 26588
40074 46811
30908 7012
47672 21357
4082 36448
46254 42563
9050 4649
33993 19800
13589 34915
36759 30211
21303 26268
43400 38702
31351 27096
34438 15636
24696 40690
20563 15971
11350 35911
30125 10422
34940 31613
22435 25154
35801 4330
23219 22330
44294 13648
44614 45486
42160 38730
45437 28256
17326 28532
39982 37173
31732 22427
12601 35687
16156 45491
18285 15477
36575 11344
19563 43425
14737 43884
19505 5105
18941 46656
46197 37631
13585 7493
45236 38809
46203 39065
32048 30338
20778 21324
31445 36379
22860 6400
36733 29178
47295 11546
17922 20188
18861 26595
7988 4562
37584 39208
44344 7127
35599 44926
24884 39087
25857 24833
9600 21458
19036 32395
2757 42271
46802 43265
5180 4030
22700 5934
28992 14262
42990 9105
16807 38062
31397 41690
14024 9616
13243 43312
17769 9780
36833 29687
45625 34817
17801 19104
8997 25558
7159 40343
40350 37876
38459 29306
15682 12824
15890 13479
3327 44664
43899 20749
34803 19644
14790 37374
41809 44536
15260 19959
3441 28491
6567 47042
27087 22562
21647 5852
47013 38190
30960 533
6590 40075
44643 33452
9010 26490
340 8360
36068 4091
10351 24198
26668 35972
42788 3482
31176 56
31291 46096
42634 36703
13072 23544
18825 7190
21049 18495
18705 2044
3878 15417
5863 28293
42750 46021
37627 38677
15219 25839
35072 40975
47391 20849
2445 46647
27387 25087
11521 26610
2382 25007
26018 28521
32466 35725
12211 13843
18971 43417
2456 11365
608 31122
19556 9115
37222 12336
39504 36401
7033 25205
21958 23612
18650 27344
29777 10111
42030 18906
35606 43914
34362 8228
32370 8801
8795 761
33045 4702
30673 42493
17881 1030
12637 9437
7383 47274
21672 31897
47915 28622
30076 8899
42487 5549
16861 8993
47095 27254
12203 29887
924 45574
22093 39612
19335 27899
37211 40846
12660 11784
11502 29780
40040 33386
41860 27796
26575 36180
28030 29495
33770 25213
21492 23286
5685 14795
26270 12177
43861 27838
6252 39622
12110 487
9216 32648
21208 47902
16257 15516
448 46671
17091 32882
25138 17646
15436 26925
29278 35794
17498 37772
21603 24050
19789 2193
38173 2482
47375 37235
37545 31672
750 46196
17142 24156
42840 38029
23564 31558
45402 45253
15487 9312
4072 47854
43765 47927
7748 34499
30501 18313
20107 30471
10468 33879
26570 5128
44963 34299
32934 39982
46109 5797
20381 16072
7695 30963
41859 41332
19336 43499
24088 43826
40281 5118
14474 44832
14361 41530
8754 35337
31339 37987
10040 20480
29818 3459
39698 22515
24486 35064
27253 707
46003 30728
35995 29756
30857 33598
35227 30752
43523 37616
14314 21727
16218 27592
44587 23129
39048 19309
5366 18954
34440 10978
29279 2316
34615 45551
46123 39167
5119 19928
36974 47643
7354 36944
4048 17069
35891 4026
33128 41242
13249 31010
37533 37890
35171 11081
9821 37543
34102 3383
7618 43013
13462 19121
46984 40916
32036 1790
5960 18797
33448 31770
29196 5408
3647 8312
29717 33135
8648 5038
33637 18210
27226 16519
29937 8687
36957 40357
3784 18414
36622 18037
30303 16840
44091 931
20197 7311
47401 39573
1427 11444
25949 38783
16677 9905
198 43199
14281 29272
37901 24234
4787 11495
2969 17122
27768 45926
22580 31780
45901 11850
4179 34563
35466 2169
3949 22469
4524 5532
30938 9508
2080 39030
18815 10103
26796 32503
11796 27063
8876 25112
42043 15595
47795 43298
42329 28848
27549 47580
24541 41785
25067 10964
29396 13819
24740 37864
24619 22615
5260 3561
44744 17328
43372 7602
8716 3443
42831 10984
22792 30410
7775 26133
11697 31211
35210 19751
25760 31213
34659 34900
8346 15314
47701 24891
14595 44795
228 46243
1490 25564
19554 31103
30344 17212
44139 34764
47127 778
35681 18927
27796 25036
34861 44466
24857 20689
15052 34751
16221 44753
30188 2689
22686 6381
10167 34819
18065 41775
12353 23189
47516 28298
7396 40009
2112 42734
43267 17865
27476 21953
40300 17717
1026 17504
15773 6441
13506 16735
4410 42884
6613 25635
38925 30220
2201 44256
29258 15847
39177 44033
44042 38583
46091 12775
3191 34076
16039 22113
2900 44415
26363 45239
28768 11792
15358 20531
35374 35889
3700 694
9184 44093
33024 556
18958 4454
15347 784
47941 6403
37756 34424
20900 6810
37846 29226
39186 23037
44076 14380
21016 47531
15526 18567
19777 16509
43268 12654
34161 2231
14487 1554
27104 40593
19694 3728
18033 38938
36486 43032
38776 14210
11478 39282
41026 41818
44483 7982
27998 46405
36429 7863
32482 5662
3073 39629
22572 8514
42161 24639
43998 43018
24980 42462
34372 37098
20889 12109
45634 7265
27285 45591
26756 12076
9780 16603
19654 19305
24672 30603
12051 43286
35254 4963
31033 41864
15793 29717
14769 18114
19710 27983
46372 45366
9461 43751
30345 21195
3777 16865
36857 10615
27046 4850
27297 18173
36523 4089
34734 25088
8788 25467
25456 21801
16712 3937
13326 16924
21645 17346
42383 11661
5182 28874
29478 4549
24319 32226
6060 13152
35104 39997
12484 25732
3378 11695
17594 42303
24719 32248
44150 7107
39648 9429
39514 35431
2592 28263
4770 14313
12332 42162
47469 6964
44005 28940
36625 46885
14223 16974
31418 6770
13690 2285
21822 4779
19870 4615
1005 37444
13882 47681
12454 16424
7689 29222
31387 1230
15899 32618
45589 9756
39611 42787
13403 41966
25994 57
15685 2480
36182 43556
21078 25591
18551 17462
24948 9936
30557 45879
34974 21616
42515 25647
23545 37660
23570 243
33608 33777
32590 46374
30541 32158
6463 31336
47345 28578
20987 26471
13313 47695
24295 4595
20508 35398
27128 14802
2997 217
36866 25194
14502 45172
9564 31593
1063 7944
36262 37175
38276 35082
37955 23523
47187 21853
27367 44685
19346 19847
9989 26255
12858 3618
21619 41437
15075 42407
24894 5942
37342 23944
16105 35038
32723 22287
36087 5273
42901 30123
44883 19003
22123 42454
16865 13312
32023 36339
47420 2578
32152 25177
30201 12518
11026 19587
23081 45606
11093 25566
9173 41329
47207 45144
35819 31884
32003 5562
12062 41471
35530 28704
42062 9172
3850 2340
34338 12655
2217 1663
4872 47169
3180 38860
419 15630
27027 32063
9011 25479
41334 4129
15168 35426
4455 42167
46346 20168
9898 32748
600 34993
14335 29446
33144 1076
29886 2428
24459 22236
3962 3674
41795 22133
43697 47253
40405 26576
43207 7746
31973 13873
1031 42851
434 43734
34880 34284
26958 30040
777 44439
1097 35165
34696 9762
47330 37969
18006 15269
35111 4721
18789 2417
1124 9280
32914 32041
45735 42850
44174 1250
28219 30882
11749 40526
7014 3002
6313 15905
34367 45961
9759 42519
12579 8555
40618 942
34502 11289
16543 41463
23229 3275
17520 20142
26012 6377
5179 29897
24449 40058
26610 11187
30081 38735
37028 4192
15939 6969
45695 7483
14802 32581
19660 38993
44830 40346
5284 14456
42844 4136
42592 13281
2077 27933
6128 22109
26561 26347
24856 21250
36222 7917
31196 44833
41730 37747
620 35776
46062 9001
11232 21076
5419 13975
32759 2988
28437 38869
42265 11368
21711 21988
37084 4144
6250 17950
34614 9257
2789 27208
15058 11014
13856 45633
45370 24244
37145 36269
31163 10814
17767 28749
3052 15968
4873 38142
44855 2668
18375 6552
36931 40137
43130 24651
2157 10339
20611 1025
1027 31914
38472 5291
9450 417
46709 11759
26103 5842
5043 46317
19614 42714
10647 38911
36960 18595
15760 27278
37139 45450
25504 31196
44371 45375
35427 8317
21741 13511
25156 9378
9172 41932
45175 17757
47459 34282
5140 29519
32820 27003
22667 11440
3520 40013
6402 45330
28646 2466
15214 39078
4982 11797
22322 47003
39661 32761
40231 41104
39034 19740
25999 22797
21390 27446
1942 300
41558 36551
17913 15443
29528 12577
32153 7701
14952 34748
23319 6271
36244 40562
24604 23718
28302 35372
12173 33263
44545 14371
38396 30423
43298 43210
24909 13639
5617 18116
40542 12696
19358 7385
16152 44909
46735 31092
4818 32606
5377 11556
17562 10471
10108 43919
24904 2826
46641 3541
41544 42262
10111 23868
25535 18682
20754 13736
23639 28487
6983 16475
5998 21909
341 40424
29147 29698
23588 2839
17680 6844
6700 3438
8684 35217
5722 11527
12281 1905
28245 31789
29416 33745
36503 7607
36356 4644
33584 15421
26742 47278
6770 29152
1722 38844
5874 37996
23195 21363
36322 27464
6100 13026
39121 44359
39194 21345
21262 15078
25247 7218
809 21374
19127 14928
25415 6427
5551 15540
47504 27040
36670 13105
15909 24611
37484 14462
34152 4819
11114 30867
44913 38345
24952 31747
11109 3562
9100 28565
17624 9499
19735 14167
17591 39940
32318 29819
4147 11670
10959 25385
28487 24477
18086 8940
27598 29999
19645 47175
31735 12725
5042 41421
23667 23501
16496 17675
16161 13253
47245 22013
40963 8337
32493 2104
38916 45365
40415 37269
12816 3910
30007 18390
7011 8946
8880 7282
19967 30510
444 30054
25933 27409
21773 11220
40645 22517
24897 14409
21597 19344
28851 39560
21938 10276
42667 41812
38955 40078
8922 11137
19690 37888
39533 36226
45567 15054
13164 5668
31393 26981
11642 34195
26100 32062
20916 14185
19101 38770
45545 31031
41478 30328
32179 18296
37741 951
15888 47843
21358 28057
24646 16165
18370 16242
25752 21450
23922 28459
7464 37976
36953 14576
13095 9763
38813 333
35759 27380
11792 2899
1764 2626
47659 30845
30253 33045
46424 2204
13740 34808
28735 31410
19093 45656
45406 6423
4533 29652
26814 32460
44105 15763
9122 5446
41507 36602
19847 815
15862 45427
16560 47959
43167 26649
10102 14288
46874 23489
24707 19385
4848 15668
29431 5947
39187 1044
31408 31444
38158 43846
26268 19978
35021 46092
33202 30100
45332 37381
27414 38251
35629 1600
2410 29809
23563 30394
45983 9085
35187 46081
41824 26566
5570 12121
7168 24276
16269 41079
43097 30429
43562 46131
23266 41511
10902 90
42402 41112
40153 4634
2904 21818
36912 34795
42273 2144
44399 19438
42385 27912
26190 17681
21732 45748
28211 40141
6944 35550
692 37699
16957 13576
14550 44871
33468 5306
34000 40663
36569 22001
38045 3593
45067 33734
37699 44215
14486 23855
29215 3380
24519 7273
25634 25098
30348 23960
44536 30498
38574 40576
45249 2679
9880 23959
22608 24015
1610 42479
31639 36621
6852 46195
19362 4392
27262 36750
5627 46488
7607 13417
47852 21950
9285 15640
22829 35366
20441 7443
22484 42536
29841 31359
13558 38019
31650 13750
22827 14775
31206 21002
6398 23116
28716 17522
47317 33002
45664 44580
29652 27718
20901 18163
4403 3570
19679 4153
2929 24433
46582 22625
7543 29650
1481 31866
42466 32864
44378 34517
10772 8042
15986 30813
33817 46520
11433 34859
36170 44454
10495 34922
21692 19154
36691 29621
27943 40695
30282 24127
15195 45432
26546 4301
41272 12344
12089 30008
12216 5722
41975 5255
43078 25604
28321 11719
25925 18899
1914 5043
40247 7168
12932 10799
29464 18085
38811 7342
28152 45684
25483 9697
292 32528
46186 9864
14077 13387
13487 34124
18242 41110
46122 1488
4101 19214
6669 27299
35186 44722
12253 35484
23973 8653
21364 31058
12916 22722
29987 27534
7469 29089
17194 42251
43956 1408
32079 19105
34585 12391
41885 4126
20540 1445
39124 15226
25470 34054
40063 37926
25726 22466
38470 42340
7487 21385
22802 31861
23068 38887
40460 43638
11307 45670
44145 34745
46268 35945
19494 29181
40271 30016
38678 19929
5555 37176
44048 8648
8779 20087
20525 11255
7725 17040
15636 14863
7665 31736
11997 24373
45446 18884
9265 3102
33478 9722
25459 29880
27410 10903
39088 40543
9036 10538
25147 46650
27725 35083
12174 18694
41649 11946
35218 11493
45445 46407
42288 45408
11354 43671
36367 10059
10936 15592
18930 7663
9195 2697
12262 20751
20617 37653
29557 8289
40594 28895
23530 17067
629 24227
31760 12092
8948 13446
12788 36864
25163 46343
36804 2274
42800 43618
32439 20772
44873 9696
46540 24440
29089 29389
32028 35381
10962 10656
5418 34973
37054 19764
2023 7962
14453 1634
19143 26514
2143 32730
18013 30019
14736 20986
35233 10228
18919 282
11024 35793
29972 33254
37071 21711
32461 42418
36027 46233
33477 19370
7420 31059
37534 37600
7485 43706
17557 9640
35594 37044
24043 47746
35524 28974
2727 22197
47120 45164
28926 7361
35806 47949
14323 31391
6712 2627
16223 9138
19511 36108
2113 7660
17224 20191
22845 1626
5701 26322
28775 40470
7694 14442
15529 29228
13755 23423
38531 6061
45164 21389
22979 3607
46580 39856
39995 42030
41470 12790
28061 38236
10878 34501
40381 14559
9125 18215
13542 12827
13563 1478
3891 5479
37361 35286
22992 29194
34884 44373
18422 44012
39116 5727
35309 33541
11035 25849
21211 12744
46141 32144
19179 20825
18962 39530
37535 39655
17521 33526
33713 43698
44519 23663
6241 26055
8886 46922
26975 28026
3886 24225
18175 25305
42985 24434
8316 799
45969 18655
8697 22605
16363 23027
9585 29202
46622 36768
21109 5741
16224 14136
44318 47701
25737 29113
32078 27238
9318 29000
37843 18916
41446 10735
17611 47711
41145 27777
27147 47750
24588 27145
29622 9147
4950 38482
41526 39187
6102 5642
26402 9414
33792 13618
18234 19873
45529 31105
24188 34427
29799 21982
31985 4333
21450 38711
38140 24627
163 434
6105 26835
47903 41865
30045 17913
41605 27166
43526 11462
45698 36426
23477 30286
4151 46547
35025 37219
26065 8974
14276 13059
28158 12191
13884 25020
32422 18971
17599 36299
21160 32152
18586 2768
22136 19792
35869 38353
37876 19918
8559 32382
37103 36654
31808 30373
22528 14715
44732 1759
3173 161
3011 10095
6526 17215
41038 19672
30120 41980
1068 41718
8143 30969
28921 8139
29919 42849
45 43642
28037 27339
13260 11756
45128 32237
8646 45079
42599 42257
19784 16040
10419 1865
17959 7823
6118 18168
42900 32313
23622 4373
16410 39249
5402 23709
24370 38081
43550 31490
42528 37066
10848 28579
3394 16903
25975 41157
41000 44952
20022 31198
47579 45499
45839 7838
15345 24459
42958 33589
5977 37701
46118 1150
6238 17010
72 10673
13987 38120
31249 3835
5108 9578
38908 20951
14824 30215
34043 45435
44564 8880
29168 23422
609 10703
529 3467
45587 17870
22517 23670
7904 27494
27677 41698
45485 23330
8663 3193
31307 18997
4642 19115
15005 34709
25105 41874
5855 5035
47892 33677
6713 12702
6764 41159
20536 12010
19612 6194
8987 39241
25083 10954
8726 35633
42047 21143
44377 20724
9363 44891
4484 19732
34768 17791
36916 44922
556 45742
39998 45112
42600 23759
10756 6281
28843 35024
23016 38014
47346 23045
13963 846
41162 8976
9921 33959
26982 18443
40376 24446
44995 31779
28993 27001
14238 22303
5682 10685
6585 6713
9176 14279
8072 10129
38639 32990
47842 14491
25168 12349
28141 36613
20612 40202
9164 45198
16239 34450
18152 34872
42246 46698
5522 36118
36268 46024
39388 7469
39323 27352
39820 30179
18673 5007
45252 7640
1758 8601
43150 1139
19769 31426
13465 22821
33932 45289
39776 23762
25674 9111
19369 28963
42348 39168
3577 22417
15686 11286
32433 46524
25290 19968
7389 1885
15800 7773
32741 14573
41818 8436
38924 45498
4654 9330
34622 45092
791 14849
23665 20148
20741 8215
8650 8534
25352 5152
37250 27841
27582 45274
23948 7322
35807 5095
44758 1233
11323 31737
30869 2787
4784 12869
1094 7066
38494 2150
4426 43240
904 33652
17183 38875
14139 3885
2611 30742
3963 7794
26082 16582
18776 2837
41195 4342
46703 19769
32837 674
45994 6325
26364 8113
41979 39440
35236 13462
40374 38510
10007 13109
18185 12110
5479 43949
20311 23039
33509 1918
13317 5950
10183 9540
35153 18179
21414 37995
25607 22796
38433 23082
41570 10523
44634 32810
42150 47747
4333 40171
20328 15849
45789 33090
28672 37371
47839 4479
15640 6495
3795 37889
16023 917
28475 34658
7602 14222
29713 46912
40128 12554
39901 18472
3607 11258
43653 35202
43127 284
11512 47537
7828 6468
831 14026
46393 33043
8993 46384
45974 31111
744 24017
10737 45753
32533 38626
22722 12133
34276 28814
33897 44141
47237 7034
16991 11853
10943 23254
24371 24879
8319 27794
17614 14043
7737 33702
1924 14913
21956 26712
28137 7396
17825 20597
34332 8102
4186 30534
17233 7230
46683 34061
37792 8908
41126 32494
5051 46186
32516 18893
29832 47326
33475 2662
23602 5391
3634 21504
32743 32356
37152 7584
10937 25218
24097 18587
10310 29947
16720 39348
6744 20448
37612 29096
44180 14803
47369 36302
7559 26692
14969 19045
33347 28047
2887 12373
806 31174
16027 44508
3014 24081
30918 11751
23854 838
9836 44182
11729 6893
2318 25977
36233 28709
46795 34254
42973 43159
27484 44337
14714 5571
21090 7814
27280 9396
47205 25875
20968 26256
17778 45550
5105 38703
37457 6667
24433 11058
7826 4241
32902 23837
44128 13048
3452 22193
11754 13125
14627 26496
33802 8046
3010 15262
26276 27834
4518 47527
30481 32710
18502 18253
20362 46760
5662 38137
36248 38906
29934 17890
523 42195
24178 26230
13152 23338
19110 31184
36950 43692
19918 31755
40811 33517
15898 18278
30404 9659
24136 29795
38778 7081
32333 8008
12808 32070
35820 32590
16065 15128
9868 41181
418 8822
26873 1948
1567 3464
35491 4472
22704 32646
41678 44441
45447 1754
96 11738
24660 25077
6813 39623
13448 44513
34722 21428
15609 10010
32246 19842
3926 40762
9331 6314
46639 5015
18339 43325
6097 32257
2878 30542
15170 19239
34063 43391
27071 32631
45931 32130
24412 33083
30046 17149
5565 35425
38062 35824
6264 1159
33124 2071
8750 28208
41761 7808
25845 25142
4905 29499
37213 20615
28508 29004
43414 30125
8567 2359
15518 2154
19116 11592
17105 36482
20645 19861
45923 46273
21382 10758
20845 32210
29672 28226
17823 8814
15310 20478
4895 46906
13285 25499
8921 31946
38320 7169
7142 37281
10185 44239
6925 43259
10773 36293
29463 44917
30544 35350
20581 37501
26642 30791
7913 31190
35123 36848
23481 10244
13608 3653
20206 25650
30366 17262
17368 32421
7859 24760
5926 44335
10330 23119
44962 18641
19938 21004
46184 1845
45671 38697
39539 2957
2644 8402
21483 24014
9721 22864
5978 38271
46607 1763
16268 40971
23314 22365
25969 24942
33651 6380
3209 28060
44380 22620
19585 23421
17051 26997
11395 23021
2037 3700
29636 43336
36435 16006
36053 16228
16375 42473
6208 20454
30281 38833
9162 5567
7960 45089
784 4293
4042 19983
14568 22125
12985 11127
24396 1292
44977 21373
41308 30207
42251 43108
5508 27688
38164 37228
38412 33736
16963 27602
4915 17474
1429 1338
4226 45611
12960 30783
42336 38535
29061 1458
8441 20744
6028 24756
21729 37379
2799 25579
30212 21131
3319 37522
11010 6405
37611 32006
28388 6558
47477 45277
25887 44245
32515 13495
1933 22018
44776 32554
27962 32950
11326 43738
23197 22253
14072 10921
12266 40294
18022 19630
18341 23812
29230 28574
9741 13223
2271 32569
40579 41645
40435 4937
16108 35117
42421 14030
32696 18833
27001 17378
36090 3116
31394 19486
3997 37587
5749 26348
18336 14804
25102 40932
42117 6027
34460 47036
16329 37893
41338 6209
35630 38789
1280 22076
25068 17916
23535 4409
31437 37122
35686 34804
31764 27991
22547 13746
32925 5025
21077 42700
25453 33073
17724 19655
11785 28372
1709 43481
20898 35387
39133 20536
14354 13113
1921 27153
18412 26366
3840 16467
30913 40958
34697 33776
23425 29703
38273 35886
15255 11836
10462 1220
6563 41147
16244 46094
43049 33832
15805 12226
17468 32716
34976 13957
3665 43307
14380 30625
23253 17560
11385 41808
11541 34913
15503 40267
38832 28425
20841 37102
45720 47620
23514 41076
38769 3925
1849 34228
46102 13150
45912 23874
23048 30310
37202 9683
36937 15754
9313 9862
36904 44913
32259 19679
35529 28534
20255 26887
11506 20884
32142 4223
2488 41546
5916 13341
15246 27030
39431 17494
14340 18812
1307 10525
31326 16807
40248 45014
13204 39403
8552 15476
22332 26599
46986 9828
11631 12578
21207 1816
3904 16095
1437 20352
9681 30420
38445 31811
46183 36689
9284 28583
7270 27658
34492 42397
23914 2426
4754 13238
24484 10444
46173 17873
25926 8942
38406 1910
6622 16935
22057 18205
21143 43167
8943 36092
28631 11534
41895 42225
31930 47349
42545 31841
20794 1305
11417 3626
36830 5501
45454 39427
40221 19529
23385 4167
14631 26674
43617 23819
38598 44019
11492 43086
24798 5919
20108 26011
45122 47464
19302 9212
11647 15470
47765 7336
118 32785
46007 7907
37542 34208
25664 43531
37191 38039
11933 16503
20855 32536
40068 5915
14477 15603
41920 8014
37064 20540
6823 38295
32518 25556
9218 15463
21704 27714
5100 9456
22729 7001
20940 11479
11003 14032
41694 17993
5815 28802
46463 26764
43911 16667
22004 38633
29271 3666
747 32137
13742 24557
45428 45851
4443 7404
22970 35766
16821 27773
7081 44744
47214 16145
84 18202
3156 9497
25293 23790
28720 31145
27503 46903
27134 20197
32315 1382
24820 42297
23019 39703
35785 2282
24599 43400
6648 3584
31424 45265
37884 44014
42662 15708
45034 16580
14784 36224
29576 25212
4831 20269
2190 41875
19328 45916
1316 23781
20888 7999
17114 35056
6864 15492
22401 28994
11149 25459
24607 516
10546 25755
47972 16747
4916 19720
35852 15432
22148 19492
38931 13788
40216 10501
31637 28761
46171 41377
2032 20787
28268 42234
42837 26627
10814 2221
39802 17960
28456 5250
10296 32224
3510 30874
6637 27064
21699 21806
13471 47015
12451 27681
26823 6580
36315 45776
47320 17103
47840 33184
35398 4350
17385 23060
43293 27583
18450 39461
19491 47791
15568 35896
6286 21416
3253 29705
25750 45562
37472 3415
36023 42034
32175 42048
10066 12042
3573 41298
23648 29059
251 42016
28024 8919
5743 202
19304 26258
43387 41177
40966 20025
39336 20561
31479 37737
13086 5390
6357 7264
1687 10344
11196 16359
41825 46765
19125 42545
5370 8526
7570 38930
20209 44942
26049 26891
30864 20933
32054 29589
43322 31351
5973 8750
42066 17084
35660 11370
25397 45054
12117 38865
24316 21469
24999 18468
24210 13020
12228 27165
2925 24092
17256 11921
30479 25789
17263 24729
14828 37382
17601 14712
36979 1359
4040 1506
9905 36604
45644 42409
43744 40109
6338 14989
43788 5832
22531 30306
35485 12994
27132 17157
38649 45958
14911 11060
36281 3263
25370 26283
27436 40502
35096 28109
45028 17050
31119 9782
15444 5837
31213 24113
19586 11150
5175 7691
25874 926
46813 47094
2276 34462
32906 28519
37436 29735
33871 44146
37453 32385
44403 7767
40651 13314
9664 12488
7883 17446
29429 18872
11330 32386
10956 25040
13887 8533
12631 28267
8270 13541
2797 39328
27747 14128
5136 18545
28534 47626
13233 44381
9692 12411
38998 27416
16901 11821
20956 26774
47652 9565
4392 1886
5704 19019
25435 17158
36462 15433
26042 40481
36180 29556
21374 16274
18102 38202
34059 44845
30026 30027
811 5619
45903 677
40833 30729
34247 8730
27499 21185
7375 45418
9807 13908
9713 46750
37133 25133
38187 46430
6923 27741
36877 39138
6619 16793
18750 4788
22536 6245
26929 36504
17311 3851
25104 3416
42913 21815
31824 15391
37489 30864
39909 23220
31002 39740
11286 43961
18050 39206
26410 46503
9428 352
40518 16624
39889 33066
44618 40610
45460 24966
26328 19826
2542 25867
21725 43992
45254 24308
15570 8667
3231 36672
31144 2696
17602 38043
24409 17059
1326 11133
22143 33014
19862 32299
20379 22229
18373 30677
32219 8646
45626 5876
6437 20796
14940 46548
8808 34762
19693 28373
21029 9293
17657 17066
47763 2895
27314 8381
42308 32717
5852 18416
12317 23632
28949 28187
13854 18542
26685 17251
31750 40170
33850 17286
3684 20514
33769 28559
4301 10813
20390 20680
46503 32197
33214 9914
26437 36417
8890 43085
34360 41724
37269 28836
11387 3488
12633 12382
13155 15065
16351 12003
2168 2351
29914 30819
3314 17055
23618 10719
46179 46266
13049 30615
17956 28602
30424 7604
33104 32435
26015 2674
41643 28936
8119 23365
44642 46467
2003 36757
24410 31799
32034 30000
38932 32309
29236 7373
11639 47171
38462 9703
22922 8104
22561 22912
10717 6133
16952 13352
45145 18620
18683 11840
1799 11030
3254 17878
10677 36913
37504 43460
14046 38383
14507 13920
42427 38244
14753 271
44414 34473
13549 37408
17635 11834
42703 27291
26838 5036
33639 16133
1315 32645
44709 44362
584 6181
31071 21539
11351 1702
39397 18631
555 44651
14665 44607
16541 7995
39869 25833
20019 24482
46711 38689
46490 6952
42123 21204
18048 10078
27775 1893
24673 5313
22854 30162
14301 46381
30586 43224
19802 31448
44381 29757
34121 41180
40869 17651
26028 38942
38305 43124
6706 381
482 21590
33523 43003
43409 40788
24526 29695
36796 21294
42425 47943
38914 37301
39915 8476
18526 13853
19561 3191
44854 42182
31572 18544
4184 21180
22039 3640
18120 4635
41983 35859
21309 39472
18146 24995
17115 6066
43000 26140
46603 16723
42695 11667
19582 15734
12345 26144
9826 5846
33902 1345
15749 13647
3721 10679
39324 25461
26483 26372
43289 18674
44615 42413
9171 42865
1669 7904
42953 19566
19373 32169
17002 28336
27432 20323
26516 44890
25446 39552
2315 8605
38210 23531
46405 43616
37490 6299
12447 24082
22490 13099
47616 32088
14573 29193
44979 25434
35038 31224
41833 17596
31178 36901
44032 39344
23495 27727
19674 5913
43098 27692
36586 24133
11871 40231
19254 12214
6397 28450
30854 41333
8385 27920
47526 6092
36637 2651
11998 33643
44546 22397
21997 30378
42890 44332
5853 14696
14566 42442
14637 44974
20126 46769
27557 10163
21714 32462
24359 34556
17077 41259
38376 42417
19271 34386
30394 5504
7719 19052
30838 30686
3518 28663
41576 5190
38246 31301
38032 9740
4668 8375
12750 19688
32800 16296
7853 28032
44611 19365
25014 37260
34724 3128
27074 36110
3544 5016
9882 2956
9003 33648
13127 7054
22458 33467
26817 27848
37317 27068
29988 6193
9387 30452
20735 43310
46903 47207
11820 37256
5297 16606
31955 23296
21800 16703
41356 38376
11589 5359
41583 32994
3802 1067
309 7467
17926 43358
13723 30336
11050 11768
37768 11942
10384 25753
32085 2967
5770 5459
8481 27280
28424 46163
41517 19507
28142 20575
28117 38484
31287 47455
25122 43927
306 29488
2473 40883
34982 17372
13069 22370
47885 12268
24452 13833
923 12130
21117 5127
34802 39588
12490 16995
1175 44133
44352 28430
271 35021
41071 1175
16307 384
14829 25883
45451 7647
22568 872
20454 42979
8450 31269
6732 30158
25137 26549
32987 43105
38580 39446
20062 47574
10946 31898
4279 19845
19543 40534
19060 40419
29880 23641
47700 45264
34098 44159
39084 45240
34349 44244
22141 25887
28421 19835
45009 5744
8769 8198
22462 910
32125 12505
23544 7335
12349 1042
10806 45616
1254 1758
14970 13713
14702 31531
47656 42509
8599 42582
13841 15846
38647 28560
33072 41030
11075 35297
24025 12512
46604 5643
2449 19721
24589 30372
41965 9711
16764 27649
35045 1430
40838 7633
3185 10886
3144 9990
43383 46046
7086 30900
42833 1287
1294 29460
3162 38354
45204 15901
7589 13195
29119 19323
24921 37319
35867 25673
16564 3338
31091 21880
45998 517
10036 6729
13468 41315
45561 46734
44941 27243
41309 32487
610 37924
19734 39049
27583 47912
43363 36327
6618 19057
43417 26194
34099 31858
17694 33644
40816 47489
39691 44478
8990 31976
27449 15199
6876 46812
33528 34624
47106 1247
40482 27657
7716 37776
18528 20700
7472 36259
6965 4163
32620 17554
13019 42488
13091 27338
17236 31021
34285 7664
13217 32427
23457 40810
46101 42349
26854 22726
19357 29382
10511 45713
2583 28589
35923 1364
32530 18876
13612 47593
45103 12597
31501 30753
21667 28713
15369 15212
180 33269
836 14399
44017 38513
5833 39460
7238 43055
37628 30702
43846 8596
32382 19228
9775 47383
5904 46622
33536 25584
4919 27320
47421 44113
6639 42763
16771 23610
42228 30955
15150 10619
19401 40754
17310 13580
3283 18512
6542 45266
11450 5649
2586 43717
19043 31647
23608 8461
44353 11357
20494 13074
27919 39699
7596 32256
6226 6613
3008 27262
9070 32357
43474 19901
42415 15383
21540 13726
23431 36493
28687 3084
40751 1189
17584 23514
6092 17093
24421 23400
22461 44364
11985 11451
7461 32996
26231 2096
29920 4173
17815 22134
25279 28222
45214 7470
31343 40473
27640 14857
42523 7910
10931 36831
7410 14687
