14593 66519
3279 46462
36049 16229
32099 6257
29257 16352
18290 58817
13435 39055
71483 684
11396 59395
55303 44431
4166 30946
3906 69900
12281 30650
28658 45920
30496 39217
66238 37295
3479 18347
26063 49502
71427 68114
54988 32458
28894 13793
58879 42972
36464 67693
852 25239
20927 47353
55393 59548
44598 12844
36422 19210
20380 55797
28222 54009
44119 10741
13397 12092
12157 8152
49798 55691
12677 17048
47053 62424
45083 28153
34672 58480
5696 10234
60218 48405
70285 68978
16362 52790
49616 68020
10329 51745
38428 34563
47401 65383
25204 55499
9117 57683
6007 64166
29872 54647
37931 21345
10459 18920
30513 66295
13239 16663
49824 63540
36435 59994
59430 16959
47820 67265
21320 69356
48521 15475
46567 27872
27461 59695
34994 62044
9359 4274
22432 20558
70011 48410
32088 15567
21418 53559
60590 14462
49736 15843
35383 48443
28786 37958
42505 5280
7332 68522
30022 20094
4208 15433
41348 48689
52582 39968
35094 49082
8676 39749
27654 38533
41246 63692
27870 3668
65436 18727
51857 18631
60143 55281
18727 6377
34719 39999
18302 37157
32326 28257
70645 23997
34439 64068
56156 274
52351 16034
47448 71767
28747 45699
18132 8856
66785 5857
64687 54733
11916 63069
6176 40594
14372 59294
20034 44280
20970 49455
55334 62290
8327 17408
50433 18157
50020 66161
61349 60416
69353 58974
32954 58862
1505 19528
15015 42627
70382 11707
34974 53691
44588 50756
14622 30517
38470 51826
56986 44434
20731 70910
59471 6006
426 58078
34523 36357
65613 11604
23417 21708
66543 3252
13948 40482
39118 16225
66541 11162
26072 25222
20033 71020
49010 6931
21175 68388
70698 24825
69515 62369
75 65882
42488 2447
64043 15766
2553 69712
14663 23560
47577 2487
40307 36040
31386 26976
7593 32151
31572 58227
10323 11095
11227 69933
63700 42000
9072 52665
69823 5897
16484 64419
16829 3050
62297 44559
21644 57281
34742 23660
69164 54387
55462 3154
27761 69194
70687 41600
26366 50071
40858 33709
52297 11931
48945 15027
57423 13020
67840 71013
59178 22041
15861 37402
32494 18879
29452 23943
8393 33497
44314 11748
2758 20215
30162 40213
28865 53383
943 22177
9306 7722
7717 42637
30008 23785
8835 3562
4118 7668
43310 39063
9288 51111
67392 12943
31196 41949
36501 18673
63625 54110
28081 42496
70679 33808
17343 49220
61954 15856
31851 6800
61994 26550
53355 31408
24958 30998
12364 64616
12705 66667
56499 66116
46439 50470
55520 15084
53884 35297
61214 7948
7101 41725
12900 60926
7945 53357
52773 8580
44474 63462
14323 3789
32592 53412
25113 30637
24932 2441
70293 35280
58801 13306
18374 32286
55297 16459
24051 39927
36510 53314
60638 58456
32743 10999
9881 65593
58083 26668
12834 18661
6631 48930
70856 70837
1935 22045
12225 32134
30983 70456
21799 55543
53270 59211
63654 5478
63093 132
28017 60903
52566 37913
7686 21940
21580 72
49673 7888
283 63202
51174 35823
34761 32885
59639 49828
37389 46062
55445 27887
63789 66890
20290 36873
24891 5962
38891 21158
28535 70005
7666 9167
71067 39406
7990 11760
41105 51814
7493 16119
6573 18305
62494 36630
65910 56619
69616 27637
20636 66168
7456 41721
66563 44910
10501 34258
24357 59339
8982 35785
8908 32235
30829 42158
52924 44779
15714 27607
32272 60267
5210 43052
10746 2081
54949 17528
68523 269
41468 62460
34180 561
26773 1256
41181 22746
31286 54155
34815 64092
51877 51484
17155 70534
39322 10637
59930 10162
41442 70602
9509 4057
1221 58351
60069 16177
13105 46268
9603 49333
70469 46920
27939 50693
66308 23225
17362 1106
45746 16354
9017 60647
32019 48560
48435 25296
37354 58272
20677 1228
57434 29036
71201 2593
39652 36849
69330 46901
1026 25102
39241 11793
13578 39739
17602 28987
34665 30705
15130 64725
14030 47580
20375 4823
35698 36800
36931 64598
27608 27406
44943 936
26686 25702
34601 51916
66245 14542
64033 36353
32915 65579
6659 64752
12098 22345
55519 25398
36266 23007
5779 8567
465 16810
43720 8527
17147 16703
34336 34030
21179 29880
57913 68562
56058 35957
1268 25147
14664 3031
9863 69854
19537 33151
71512 59498
4723 257
48394 55983
19411 6798
56334 42337
16705 56695
5483 53331
40405 35919
47796 15954
5230 67934
46899 61157
27536 64956
32707 47379
13474 67798
46358 5698
53265 29432
20258 6156
31030 36430
21300 55059
23207 69785
54041 58834
3249 41451
23510 677
43541 51362
53965 25508
32528 43871
34971 10723
20867 3326
14169 29574
50141 55551
5076 9758
61695 32766
29155 25806
26159 21559
60333 43153
45831 40738
40002 8238
29832 12679
29220 3654
3102 62911
25314 56617
52228 3149
43026 43818
36518 32822
9100 32395
36586 14135
46026 62073
66769 31243
52387 44670
70283 7135
43405 43725
3618 68115
15119 31031
34238 9557
23406 57479
34796 12540
5015 58518
14209 16362
56960 11212
45310 7955
41115 4371
57200 49466
67034 41063
15158 8524
50489 16717
24915 8127
33387 57924
5818 7182
57155 39515
222 56603
68147 8624
70576 13347
25826 7313
47740 6843
56532 38656
9172 49999
43280 52650
41146 12561
16335 53885
39364 30555
66470 1391
40539 59430
53529 50322
42754 60845
52744 56113
38753 13275
16684 44515
25145 3405
55109 59517
49696 67793
22811 43018
39447 25229
53226 14157
71820 13460
54 1611
39830 8854
37607 25378
27550 16513
56347 66703
42238 33592
60947 46582
57906 55183
57955 63098
28011 58278
67001 24370
62022 31871
22242 18046
11115 5777
37197 7929
67562 16736
43934 40851
12241 57128
30785 67257
40688 46891
29445 40789
26101 70929
19314 19088
3202 19322
6058 61542
32093 40459
62278 44945
9546 38151
59693 48344
54322 1060
25486 67854
50329 18954
64800 7513
52384 31115
31980 66468
19343 7158
727 55321
13971 45065
55725 25613
28684 26264
23054 26380
67890 8966
60890 44768
6583 24820
32663 62355
15907 61264
59830 43404
17478 43996
60902 39274
69617 54880
41589 43073
58009 21271
66163 13743
55934 59547
71811 5531
58447 65003
20862 28758
62217 485
58992 29233
33973 30183
32407 61150
36348 27937
68328 31329
63518 63013
31359 43453
35993 49272
57655 26912
10156 52470
37451 24150
30736 882
35615 47556
44021 1297
41905 9665
70799 46909
10562 3935
18137 15099
19770 18665
30312 38087
50206 57726
20029 25481
28044 47175
8419 5755
54378 3891
53425 26100
43370 25930
71122 37238
61070 22826
54497 28698
8162 34341
27111 22844
55070 44541
51050 32240
2561 23402
49858 25689
62519 2818
773 23079
46106 34314
39140 13264
51117 2752
54922 17989
70546 49667
71583 14545
28907 44353
63994 27557
28761 39987
35775 59796
57126 31477
63655 48450
3805 48805
50969 22461
44058 69066
52995 56849
21633 8570
61262 15532
16729 18932
70009 17144
3535 24857
51646 25125
3553 69804
11004 49571
56180 49055
17787 41675
60516 56301
23820 32054
6591 6055
34100 24786
49690 70185
42907 38560
27743 19473
59599 42950
42841 32398
44237 6981
49693 36710
36472 16576
55256 66620
33066 64093
10736 27426
61645 10671
2541 61692
70703 8504
6827 21946
45871 66666
29390 50872
8994 66737
5277 49056
4068 65351
32412 68013
26131 60853
2672 23462
19974 42183
31267 49006
16545 68876
62071 63347
14994 64854
28570 62097
60953 35172
33587 52553
48352 4798
21993 27159
15013 28774
21466 26608
40769 59256
3366 30722
40889 51892
49193 28652
51991 40108
25996 55709
9962 49426
31831 20606
13357 49035
39530 33362
15867 11110
5384 17607
45509 11014
69828 38673
56149 58263
48572 68003
9039 46082
66318 30170
44726 5393
1659 60982
55058 67144
64252 44090
13834 55851
56823 59134
47473 61283
60259 56690
20053 53603
57081 48171
23087 65214
68387 41553
35401 35786
70540 50119
63373 3240
60932 23537
57092 57893
35180 30644
42246 34816
32178 9947
11360 47068
36560 10803
59088 38604
31964 65768
60911 67213
49675 71651
44093 10245
3762 36232
64790 29851
42601 12899
23835 15544
63905 9352
27803 47217
46508 5018
33863 71569
44609 26255
36656 43747
36212 25775
1331 43155
67716 32772
25043 39678
11222 35975
31636 24988
53272 18071
64039 71189
31500 34228
62403 1119
64333 39253
58744 36943
2261 45434
12197 52929
38567 53184
29046 1559
53006 61867
31891 67194
40136 19567
48369 52102
62032 29830
69589 29744
45057 27509
55772 62186
43358 30635
46113 67611
59474 61439
35510 60477
40190 44651
32952 11256
30218 41036
15815 24622
25243 56203
41360 54748
15671 27471
70237 57499
24268 58979
25106 3946
28362 49113
63465 18213
36242 16823
68766 40052
37094 1269
13177 65510
25444 46487
38830 44542
29817 29556
47302 54939
23520 55800
39619 52871
1855 70465
16592 39275
35955 42740
5966 3047
7147 4222
38291 18237
16552 20145
64341 43287
13447 51235
1608 49981
37269 26766
61525 51202
62747 8351
57734 70057
44658 50651
24165 24686
6735 62231
33093 14240
62617 43102
14954 59184
8565 39931
52522 12222
64455 22469
9711 13673
7027 23284
19888 4203
19556 64044
39825 3518
11165 24471
32531 26084
15526 9109
54549 50580
29582 37201
68495 26987
49857 30545
59050 38156
58029 68734
38975 9173
56208 59594
40027 7531
7895 48320
13007 67965
27236 1448
27660 22522
34688 42831
10642 53853
20586 51263
31440 20583
22783 14516
9839 16927
20518 70314
351 54843
53546 62686
59049 9013
61593 50987
38176 27064
4279 17031
30341 26959
37763 40601
37057 56650
59511 20812
9330 40674
30596 26605
34676 65861
25929 60157
55724 36103
15044 26438
71377 976
29467 18703
19529 58423
34817 8385
18644 52329
9360 32354
7817 68926
21748 43109
40320 64351
37829 60320
57561 5123
16300 11942
61434 37738
39858 59810
52758 45454
35684 38988
65598 51261
70777 22955
64723 54402
57378 32655
10544 23538
5225 56634
56627 60009
42248 50419
32817 24045
3391 12522
11971 51584
30006 5724
2720 31418
35326 20701
5274 35885
22963 70483
61670 38259
68022 8749
57964 28477
36459 64683
23789 53908
57133 15890
64452 48331
11960 10032
61606 13792
45608 66113
53524 42732
43688 53753
42082 59106
13711 21606
21080 33131
43229 27181
53956 66331
64943 5851
37778 60578
52489 3502
4810 9594
59615 60543
11543 49959
41225 45044
33083 52343
42373 51993
15195 4952
52977 1408
67450 32848
151 15032
71119 17889
60553 42876
54166 60850
7105 63539
24587 60471
67953 8944
47420 10820
65339 71884
57940 31758
6765 57374
26681 18384
35004 61708
71988 36588
17173 21151
37753 22360
57425 2368
63533 13175
15916 23231
3784 38555
31366 16273
20759 70079
40731 51230
1793 22080
53477 10170
12218 1470
14872 35816
60483 20120
15397 57758
20182 46936
65324 23323
38255 28400
66699 4515
35839 69770
54460 28334
63243 57942
61895 6260
31947 68535
59872 13474
18959 51200
50278 40413
24984 58195
66617 6871
17893 612
9151 6379
36209 26443
54388 32729
44549 49106
66551 31266
35019 26213
337 11979
37073 2103
39133 55271
64179 3663
19477 1909
58530 44187
70593 25186
63484 8281
45237 28911
43574 12662
71229 22005
49442 21896
59683 5769
42177 54485
24728 67175
31301 14115
50197 42880
30614 42295
53842 24845
5721 27148
41705 71003
49969 51782
50605 56084
19937 15835
64924 30463
4853 28021
16548 13879
65837 46738
43516 42385
13155 22757
57712 1966
13070 52710
68938 1571
59891 51012
2012 27888
18895 60133
53737 28849
20233 8653
9808 36498
61538 48363
34738 5760
44376 8826
52099 28648
10528 53884
43066 39523
69943 65481
49809 13345
41506 70279
63957 22474
70913 33023
4706 12419
8969 42514
30772 50931
37668 17424
29818 43523
11847 22981
56882 41677
12904 63194
13174 8850
58154 43923
21806 2314
39252 58840
3795 66982
6029 30465
42517 65985
7356 1743
38453 30489
46985 2781
49132 16261
56451 30985
19081 56165
32008 31923
69622 10406
54009 7855
23601 18030
22281 49090
22947 65370
10351 38878
31567 26479
65231 19880
18759 49251
30434 26790
60444 4969
33290 31204
60237 58161
33467 43083
1232 17599
60982 36455
37701 41621
71644 5192
20707 68272
9682 54381
57899 37809
45294 3106
39211 30017
55616 43421
32781 44923
59879 31753
39600 26977
26112 70689
50423 7088
63336 32551
13980 29157
31092 50003
49987 68351
47050 24058
38781 57982
38697 793
2876 8470
51880 64441
35977 9174
1062 25227
6429 6830
65108 18551
37513 26768
30163 16458
46180 12028
28706 22765
24921 71939
32851 26788
17928 30974
12736 66510
5168 10246
40493 55869
57780 61221
4374 40825
47824 21517
17225 25892
11814 32103
38681 55577
42824 23126
54461 32633
23022 39729
26319 58756
17323 26399
70702 35634
47954 10488
69580 47132
65772 52199
35721 49509
21568 21990
33682 61698
63157 57853
38685 55404
44397 66230
15096 56811
61386 20432
9870 63177
18450 2597
29572 49994
52090 56020
47943 10910
11837 39352
51718 70412
1825 20028
34664 23030
70330 33724
16200 49867
59610 60772
48312 40089
34363 59455
49942 37123
48690 49172
14202 63026
30648 9430
61798 43678
3281 17912
42993 61507
29016 25653
8286 20281
60853 24855
39609 548
53517 1683
15293 65628
18321 64416
5944 53026
4878 54503
39894 51728
64570 48909
15221 50337
12740 64167
30776 40346
70458 9337
17782 53581
50941 5090
59460 16316
48630 50440
70805 21282
54936 25458
20254 57187
54380 33458
12979 45689
64140 66796
53493 64045
36667 48259
4289 7564
48567 50507
28478 55580
58116 32348
58288 31766
30948 62617
47538 4523
13023 47372
48148 3704
71365 19384
47013 34254
7937 59700
52185 19316
36161 33331
24879 32430
16012 21159
59601 1618
12016 15301
27802 12099
2800 50378
6630 52123
43714 10532
31926 67966
16506 24750
26897 55437
8993 21735
27153 55951
28306 33145
30540 39613
43065 65621
19341 69888
372 50173
36343 40368
18965 53951
17039 11649
70808 14323
32854 45141
22872 18706
14409 35262
3380 27463
17276 52163
1948 40384
46956 842
31187 22073
42438 64452
2069 207
22839 12698
34783 9155
6869 54768
16615 68808
55177 54637
68956 37794
14897 56486
8331 22366
62423 23122
58757 49107
47454 24432
67272 17608
14294 25955
59246 63763
66040 23854
29039 65879
5684 14450
68348 59070
39536 27863
60037 24332
4083 26338
7973 7731
62782 23951
52641 25151
55873 33994
14151 53582
64261 57768
58139 14313
9633 21775
10590 10461
42220 38421
19443 11234
8610 49510
16541 16343
36047 36276
71875 8424
42623 44847
49926 3889
69542 30774
38653 62639
59470 63596
66264 13214
56388 1247
13000 8003
14997 34876
28184 948
56371 5487
59187 12694
29950 27666
54240 68464
44425 952
59442 49240
52263 68168
54525 34844
12464 62028
40967 44176
55937 56290
40964 44113
33409 48600
49061 44968
20007 41318
62164 31405
8800 47345
11958 52229
11189 49603
12220 7503
56607 46666
12657 43288
48844 13131
17055 405
7862 59890
43208 52666
16022 18202
53846 3366
46347 16109
55436 69551
6744 36631
40954 32577
46091 48291
13580 59234
66508 62286
27885 67491
20281 54150
63202 24634
29393 411
14185 42230
45891 2180
48177 47213
15059 5998
36513 42668
29644 58237
56245 30613
3442 63510
35055 52451
23648 10666
35819 45657
40500 56088
44542 62407
46010 13167
801 50445
23778 38518
18777 25570
52532 18765
9121 68165
18596 66144
4019 4161
12027 16760
69532 65265
28198 11416
49309 39499
55029 71926
59461 61185
44682 22028
20632 58496
48504 15163
40847 63199
42518 70867
11136 31576
6896 31898
20393 27741
20633 22339
6523 11723
10694 13825
35666 57003
58080 3831
55577 21003
63657 42796
54288 50265
35805 36748
28256 28886
67155 33768
14919 62430
45243 16135
56350 17794
14535 70064
37126 64483
63784 11855
69067 43621
40426 29335
5953 8477
28904 44988
51808 49416
7181 50024
1008 57274
26795 30588
39508 29302
27687 33960
17988 15164
33492 38139
37939 11493
43008 14600
15727 11684
1014 44596
65194 24663
56447 15219
23029 48201
16933 16701
49835 41075
69807 49833
65571 221
46422 8112
9448 70203
52045 24886
5545 50876
57177 55536
2457 41897
60261 47845
10206 16556
41034 68125
56268 29117
53009 13971
54748 51815
37948 1205
15097 70556
53089 60373
2734 41410
42569 18967
22528 38906
60306 28693
47429 65515
11552 59741
57241 19324
13876 37145
31892 19120
57105 4502
52488 41962
68677 40488
10309 65848
51874 16183
40669 35842
44501 62690
29042 28273
43656 64884
22038 38207
10012 49376
66911 7709
14946 43666
69548 20015
66841 27606
25416 29501
45794 6890
46020 23465
19359 63899
30969 51356
13475 39204
19195 20866
33551 2827
25857 71820
22741 51418
20037 44226
9877 55370
23219 62053
64765 45654
60812 51297
58839 51258
42364 9415
41437 69186
19787 37099
57641 37011
8951 25572
61463 71829
57962 51613
39692 12756
36003 17158
7363 42392
46130 7095
66498 39856
9725 59970
40686 21456
60522 18031
59234 57919
4930 63235
7457 38153
48332 18983
37628 27495
10058 28592
11836 25645
66463 1198
50395 47478
60649 13363
5377 19347
58948 49356
24673 22050
42144 7384
62342 12590
65716 46608
19774 62112
8110 23545
59051 6878
13567 15381
45016 67560
11054 44367
66133 56862
22618 19474
5131 52953
32473 32113
57596 4456
68691 15572
68518 31570
20808 51990
47697 64046
48871 39675
37080 22609
50780 49201
53579 11746
44351 60775
6864 50083
43864 36074
8640 58343
43214 48146
12388 1521
50668 15729
37244 15287
33030 10832
19710 15998
43695 64123
10683 66814
18538 29483
45852 3019
40663 62849
51375 35878
16902 12394
11105 23737
40578 50327
49373 63464
43055 56841
16751 39108
68996 16415
12250 13034
55497 42629
66649 8323
47426 70453
2390 24234
47527 53128
40484 2589
23628 51616
28075 70310
44792 69480
63737 64037
25167 8380
29694 68014
18031 70646
20309 16265
10115 27193
38771 15379
13257 23681
66544 23585
70749 698
69014 58620
4948 41196
44141 16128
17177 5131
49378 16885
20219 27031
21267 21131
23704 11511
21698 33655
57367 4589
5727 11091
53853 16347
47750 66342
31134 39136
58223 47653
37347 71360
58842 22493
30672 55451
69994 12
31349 39401
40563 6052
61475 68085
25431 38457
48214 70006
57750 58317
60514 18332
36933 64284
50053 41018
65917 68507
69136 46153
54875 70545
21242 66925
26175 27505
18141 12978
32769 5864
6840 31078
62992 4815
48656 24652
67622 18569
16342 39284
37364 28209
10994 17591
21013 28317
35756 47064
58894 36359
67287 16842
57341 55315
12022 9747
29103 33420
59131 34168
45821 50041
3496 21407
54382 52437
6981 59778
51965 10913
65800 33316
49016 55751
30904 18776
50616 70243
10697 26708
49141 9249
29431 35311
3695 25249
41771 48778
12988 67034
43948 21502
19143 55010
18036 20119
5021 41466
37602 56837
61926 49669
18192 3397
61488 32441
58800 35406
689 16335
10385 69661
2491 14417
33545 71876
28267 53318
19598 8646
71933 43170
69177 11663
55477 43715
14574 19180
31148 29592
39473 35868
15971 1293
6259 12839
31253 49435
55028 29128
59915 49629
8233 13763
14531 16188
65514 23034
70262 69007
2155 40181
67552 64176
31712 12523
18819 69332
38178 45732
56262 36962
206 35528
46245 12985
31532 6287
54601 22381
24552 41681
68615 51061
47266 23682
8871 45243
68952 69689
71314 52777
66497 62504
66536 16722
2666 33956
51178 1245
61622 67315
5707 20381
50710 16564
48930 18701
33247 49651
2129 35045
46806 6930
8856 48517
45194 32652
31605 54821
13588 60004
43584 24000
17487 57536
5812 46400
46177 61429
71568 65829
44375 37595
22950 36153
60900 56069
62723 68236
23892 29985
17676 40002
8271 11396
59989 40064
4848 53283
38463 40992
26423 11815
5742 10417
26145 10053
5493 31463
41366 12273
40643 21642
67553 7526
52197 11087
71177 37468
62050 64599
33203 1402
4800 55573
25049 66675
37502 17882
46790 62870
6266 65249
43507 67504
35812 69784
16316 16344
48238 53146
57273 1822
52432 24928
57638 956
50679 55703
44439 70036
24487 45228
65039 32012
65212 69221
48149 5552
68063 58806
34960 22090
10829 68619
55641 22914
10346 9847
56441 48111
23653 17475
71497 67330
38505 46307
42102 6673
13448 55408
10495 64948
42982 49689
38751 22346
40174 48928
58448 14842
55852 44297
21843 32738
58184 70664
46078 15449
58607 38020
5552 39214
46211 63325
57009 38476
35987 34702
7519 27927
9836 293
53243 51593
47620 28504
67252 39954
4082 67572
18715 4644
57433 60694
4562 63999
16546 7537
8813 46629
30933 773
48016 60340
47468 43064
50182 39106
4245 46386
20112 14047
58973 676
48624 45839
48761 24401
58189 52700
10078 46470
18048 1162
69398 13283
48097 56467
52172 64494
41208 25893
36529 11108
32718 69350
14870 67413
3397 20148
24386 53834
65411 16233
67862 63887
50724 906
15436 20399
34312 32786
34117 29635
58494 61696
28125 51821
37432 49062
64383 39228
26238 47776
16075 56144
17791 23879
9707 70311
59251 35322
22631 14247
58342 57485
11507 57588
41890 21212
45538 18334
8512 46366
71064 56881
38059 762
39316 47086
20645 26014
22819 14506
47382 24847
66684 37343
29392 5277
15908 17522
26343 51714
18203 55189
64753 43413
3446 4143
47304 21013
48354 26083
61264 62823
17010 34839
11301 15571
8618 55194
40540 64104
52188 16704
62740 42584
68904 52413
53844 65780
53666 50968
9667 17226
16427 14383
41554 14140
9721 2773
58980 16532
61058 20388
67812 45105
45157 65537
16822 1789
23851 31000
16913 6821
56705 44846
65912 56318
7264 1053
16275 56929
67909 62940
20057 37941
39863 36992
21582 10829
21230 56224
42292 32473
29553 19988
45354 67010
68013 24493
37231 32699
10337 36850
32848 15076
25730 34542
35973 32422
16407 56251
69925 26007
12246 62115
65874 13509
22104 65842
20211 23749
22440 24730
44253 19494
5400 30066
3719 15790
10647 17341
5959 52597
34689 5029
27632 35896
54603 25190
3970 19164
65279 55877
71510 2315
37968 26168
39597 11920
63301 6679
32097 49854
53228 53386
38986 68810
59447 40167
9565 30334
7853 29069
20720 44064
57620 55847
54477 62810
63472 8042
60876 66829
26742 55978
44590 6771
18831 39884
40971 14426
41854 35291
45269 47655
52261 36774
17140 46010
48568 54798
67500 32371
13918 41923
41828 6234
31686 23823
61142 5360
16060 71
35059 6833
58930 27785
32496 37398
18466 61874
12690 36722
6633 13208
38039 56480
50352 24228
54806 33065
32542 64394
20933 47656
42918 43816
40989 39893
24882 14619
20886 12700
65309 1791
67467 17080
61187 47261
65374 47368
40442 69320
65192 48706
3038 31229
11803 36169
51544 27530
66250 50339
59931 11434
31553 13942
28200 17103
46255 15776
6378 5380
6625 24961
36878 25288
64867 58428
61681 12929
37454 9815
70346 71642
1072 39516
14090 62155
56483 26477
17556 69935
47944 20143
52856 5743
47965 16756
5931 25128
52506 54816
6706 33100
25514 45527
47517 47974
37828 58784
9638 15392
50640 57164
66094 8875
59029 63285
36664 54920
15573 68651
16865 66044
12673 2868
51630 21881
48916 35934
44445 16900
47921 37966
18910 5957
26091 7969
66732 24929
52611 52101
65547 64885
5939 69792
5101 67304
17962 9829
43653 21695
62095 57377
68070 66753
59899 50352
19522 51151
67569 52541
18322 35586
42988 27123
41751 24126
51506 472
39222 20972
44090 28549
66495 67214
66810 59696
69775 66037
64206 68823
39295 33926
62246 39769
2181 28880
48282 38845
43417 35195
14367 15612
54597 22428
40328 29351
3493 5979
62206 69936
34804 31224
29825 38253
6732 5124
62974 19417
22350 36407
68713 17429
49833 35447
19370 6753
31746 32638
4139 27522
14405 70071
25007 15229
2483 184
57808 45543
41117 48381
54891 42541
19849 10912
54128 71995
26725 34609
53789 17513
65775 53523
61815 38653
8164 42551
18099 7506
67985 1365
27177 46594
42605 28742
62702 36660
68876 23166
49392 33553
41125 2050
22700 70437
60250 13952
69879 50068
44870 33731
71602 27022
46438 57959
34651 28920
63463 42502
25201 35232
32312 26729
36570 51835
39125 20401
29474 58466
39009 30373
37881 56873
27169 48319
64095 19443
41556 62785
62889 12281
45719 65007
35843 23792
37722 60214
15975 24252
71198 23084
49768 24755
51713 64294
45238 23647
19199 36969
38071 2759
5514 40654
10359 21355
45399 23296
57984 51669
33613 9104
62794 18812
28048 9444
26486 55889
35538 32146
35602 59641
17993 52758
14317 13138
31364 69046
31780 17996
6654 1546
69605 13072
29580 49529
30519 50331
6881 2716
13134 14423
54173 1777
43293 5734
61919 17325
13179 10958
18019 35083
680 18696
20702 1770
53335 1232
62351 13939
62581 71090
26144 44354
37650 11137
42097 26519
37410 18250
7755 62971
11726 58239
30438 21384
70144 40290
4889 43484
54774 62772
23041 20253
4764 31957
52035 7324
64931 71242
24421 35057
37942 71253
4911 16132
1215 2780
39111 5837
14065 13477
43915 71388
37299 38895
59553 13444
71212 67049
68724 54433
64739 18591
17590 159
66089 29402
61345 3146
35762 29711
25273 55986
14765 50513
43344 19317
21299 46310
60151 37598
33721 29608
24406 50430
1847 14734
44186 64464
38670 22225
25319 14436
23003 29429
53149 13335
56060 36938
67539 46834
42983 10000
11369 43742
52539 15513
12503 47251
24220 11116
18431 5682
42416 19806
32513 23340
896 56182
34182 69532
50276 43889
30871 23772
58555 55738
34996 19690
43205 39527
39577 37619
1499 45664
34283 13622
47128 35533
30973 65438
8143 34787
15496 10010
61001 286
40214 19483
20935 19214
53139 41977
65867 19370
40761 51197
15390 58550
38672 62710
48175 8823
28948 14833
28722 56028
17508 36501
62677 18962
20079 11856
59635 42344
48972 23839
54506 50466
71990 46218
61713 41854
70454 64777
28628 55553
32436 63084
10731 54257
68880 43708
58557 18117
69229 32232
10238 50225
14708 54875
8095 65157
71782 70615
66256 69963
26498 64567
70342 69793
19642 70283
21567 30162
68203 50414
15236 10960
26923 55292
64072 69068
11920 28749
66896 11437
58391 30828
7293 47410
59433 376
17295 26645
67273 2249
54451 47501
59874 62119
7568 17511
60605 14439
40393 7809
2854 45790
51898 47299
33353 18265
396 38627
28561 60345
9573 18893
5937 55192
55535 31785
45159 27622
8358 29438
70932 7323
7898 18062
9047 15367
61876 18754
4160 49475
37630 3454
53592 55668
23591 48718
17751 7089
55098 13895
49082 9670
50133 62499
58791 20733
49480 3957
49237 19253
10519 47874
70688 18518
17432 10354
45583 32119
15550 10102
23393 1636
70420 54591
51519 19624
69317 23911
16692 61574
29189 18365
456 69134
2980 39258
39108 61629
60687 53940
71362 44216
55592 58193
69722 1732
49713 37588
30103 14584
32442 20433
60376 7865
45372 4210
20333 22752
36130 65968
24705 21018
14791 1425
4223 51956
54951 55525
2051 59546
31545 33824
27012 65782
8820 40113
13225 29795
4401 55532
58516 20553
6381 35629
32078 12051
5799 68355
52726 49488
57536 16402
30716 27770
70748 52482
7399 7340
18368 51419
66047 24078
37915 10120
30693 61399
41800 62576
42031 41051
31052 53098
39553 49869
18778 21604
68322 7166
28973 48691
54207 55604
39388 25524
36065 35379
22956 14209
55995 13684
64963 10199
6146 47541
45144 43971
49959 3677
68743 31396
41778 36990
54569 21334
53512 70985
19559 13955
39307 8562
49344 27776
24102 1439
70508 40517
62066 24608
31585 26441
29537 4243
39419 31502
18921 35281
60690 11147
7553 5882
54091 63414
54593 5988
69468 6298
17576 41233
50911 12218
31832 40450
33423 1112
26652 46747
43289 37016
10364 52185
58955 65565
48638 25544
12120 41219
70207 51203
24967 46641
6756 16977
35188 12764
49437 43427
5184 53384
9540 66006
24663 13239
28445 65822
62836 19686
27380 3105
43643 50085
39740 62516
2010 4904
27763 38027
24907 21132
15377 19863
62774 60701
31798 10323
26806 12228
51988 30353
31370 28266
42155 18464
37102 21109
49895 65749
61113 67673
69947 68589
47089 44750
34284 58653
47140 17197
67216 44437
65180 38122
61081 47228
12925 5245
41974 50808
26625 31341
48590 27371
41016 9831
54255 19976
5993 65212
29003 12768
19127 1959
2126 18694
34181 40573
54733 71715
38692 11426
19977 65394
25716 12336
43237 59613
30150 41120
49787 22246
32209 38746
65445 21165
44246 8935
33729 36716
64045 47623
64304 46317
60402 11696
22051 9324
46161 23487
22186 60391
18345 33810
71637 62032
64005 33558
24124 57940
71059 18409
7699 16249
68675 63998
4434 5190
9743 47642
6359 37569
837 52552
54054 53613
18022 16907
30335 57781
8909 48069
19796 67172
1199 41111
28669 48980
66288 10944
59771 54159
48917 66315
7924 58995
63335 34450
63945 5594
2062 7479
867 32089
69759 1042
53915 20259
1554 13802
2193 38098
69392 49260
36011 20737
70221 52335
37577 9566
2247 29236
65827 50886
56437 60592
23497 12256
14027 45736
12625 61064
68733 61406
19517 70139
25157 60930
69004 14303
33085 11249
46458 23629
35039 14202
52023 52029
10358 56770
48897 26146
53219 52629
60162 43087
31878 8451
29604 41588
39319 44883
10567 63740
4153 27871
12256 62420
53121 14985
49711 36488
62391 59583
1239 71445
22464 20414
10838 61600
65518 19073
56874 27980
43421 41968
12500 4106
69227 49845
5578 8179
30116 47382
27711 56376
62325 62051
35533 27974
6103 27721
9745 3008
36750 55434
4313 35370
23509 33040
41221 23083
2053 10957
18900 18578
52206 9078
10085 35902
39227 53094
21293 10710
31520 39104
51008 59169
70853 55014
43481 68784
50312 28064
18344 34007
10280 24128
65640 7045
45333 12117
7039 56169
12804 44830
57291 38916
30428 21566
9964 26032
44643 45781
51997 54933
42779 63128
3884 62325
35826 70190
59055 21062
64305 57251
29903 46491
46637 51006
49208 1302
56604 26026
24346 18956
49817 42433
11233 41487
38716 1860
32303 19728
9635 60118
10753 19332
35124 65464
20215 41473
49808 14891
20222 53266
51069 34447
41508 68249
47278 482
13966 59056
11996 16479
681 58895
40406 12773
58293 4783
47176 28656
35359 24597
13400 55074
17368 71577
11443 21772
24562 28330
56490 45625
58831 25056
67167 1884
53484 48531
13539 47684
3443 2123
11747 39577
46389 40235
12199 65810
42524 16351
50494 65423
1618 59769
38254 54271
54239 53791
50830 46102
11102 46166
31817 71103
68303 55817
22228 68573
49904 44018
22217 14861
18199 23045
35248 60139
39470 56150
35181 48906
64635 23187
19128 21320
8293 71142
21917 57132
56974 50013
36171 37360
55195 57344
39290 37126
63470 13006
10083 11485
47334 13607
32991 11750
32322 2154
64986 13589
25631 65065
60013 71400
14022 13069
17759 58210
39933 65977
888 4278
51865 37999
43545 55135
49793 27771
43194 29214
57701 59590
43875 49949
56442 15008
17843 25633
39379 61549
26327 16311
62785 45956
23284 60811
52199 54125
41831 51880
38201 997
64358 29352
31776 66528
42715 37173
49291 35077
36740 34669
51503 40292
47844 54358
14928 31662
26189 545
71517 54337
23584 4283
3528 2036
60506 3441
27480 20104
57470 49075
38186 68022
9065 41612
53628 43921
18243 22337
39693 56364
31723 31698
33120 25253
20204 51553
55461 6761
49413 56244
9695 16892
58861 51173
62815 22770
52535 52838
70041 41698
66403 67801
54828 20768
71257 57332
4819 30274
47125 13052
70374 16559
11139 66094
14336 15516
32537 51382
46532 34109
21803 20848
5807 42259
52379 12224
43464 12225
56421 3361
13887 57334
1383 1513
33914 20061
29099 3647
66936 71261
68000 10325
28972 50123
58430 3315
49037 17112
51267 59469
60695 46940
19759 24453
45216 31421
3220 29066
63278 38919
13704 25406
38723 70179
54523 49560
11254 34142
15214 6783
18570 36041
45657 10875
40881 18845
44967 3034
59682 13556
27115 14541
68304 60179
63299 16081
45653 14035
62412 37023
12796 23676
57432 12161
59304 10143
41801 64782
8805 47370
39357 27260
5857 51223
15085 13196
2961 64362
44968 2878
14335 54231
21543 9644
31971 63769
67633 10003
22866 27564
20990 55039
43384 49186
55886 41103
60563 59098
30390 21117
53091 23568
24177 39159
24431 1330
56641 23420
51850 4123
3827 15363
25864 44933
58927 63428
56303 71629
50966 658
584 20761
28154 68387
26973 33358
36484 15938
8201 25277
13337 3874
70372 70249
24506 3020
47946 67895
42728 67076
25831 19969
59973 28352
14937 47827
34388 15046
64158 28438
69169 3867
41079 42932
50940 18162
51452 28805
14973 10938
45604 16592
46136 35074
22614 35871
38987 63121
11109 26115
17557 12055
41050 45686
15449 38578
31271 61217
15329 64986
23993 57156
18529 67195
66955 52422
50917 25305
54820 32781
18071 22671
50294 25937
55449 36843
24348 51489
70436 13487
22707 40841
21872 21713
37859 26979
18389 63942
24524 56816
41233 58479
59114 55541
47060 35609
1257 41780
63519 14098
17896 50207
25576 56271
50325 26178
66249 46258
64877 49016
53627 58905
54478 21922
58177 4425
64055 67025
21923 33170
10836 53715
4045 38467
28906 69534
38285 46171
4286 52207
36026 3925
29471 15028
70466 23581
37837 56281
22048 24369
59943 32155
64922 9522
66953 28205
14839 48715
14970 48755
35113 19011
71187 41216
48086 16031
71047 1263
5454 41759
57851 1429
71612 43106
28645 28020
55726 60998
13424 42148
32445 30494
39022 8682
4225 50541
34448 37174
45689 27811
11402 69110
57550 13490
15387 36445
31057 9808
27510 55280
45958 57044
56121 41653
21756 41959
18250 25972
27083 25838
27125 6510
7781 64741
45983 65360
69768 6134
36843 35969
70618 55213
22070 15632
42422 16266
38357 59348
37924 22432
35042 42845
67426 50182
12482 30989
17772 2788
53949 37361
7771 2338
36350 610
16632 60526
17393 37273
32726 17179
19169 52798
42218 4851
32448 69923
51473 69143
64155 5128
18635 44223
35222 2133
54294 61590
49175 12468
59244 54406
9899 39453
12203 36003
52803 41575
67583 45328
36468 52474
48375 10456
59598 41049
63969 64726
42899 6170
325 51555
12209 39118
60090 64663
46953 15914
8301 49009
70049 13467
52130 3839
28552 29363
56315 6270
27768 1363
64844 18185
35198 13781
42319 42318
37172 57106
44271 29668
71738 22308
17118 11537
63615 48350
45055 70459
6346 648
6022 6881
13052 34038
60239 5647
2135 14524
16285 6292
20708 9836
57841 34568
59837 43166
89 49750
56073 35378
26519 22327
17291 18057
39567 60385
20838 15716
35917 16553
12235 41856
47243 19399
32820 54172
10804 58561
48739 16040
21696 68389
6788 69153
51950 31526
40044 62643
30690 64239
56261 36772
11954 42194
12476 63270
143 29601
27974 12033
62497 34579
10216 38829
17394 10853
29648 46270
68085 31769
58336 10226
1218 9850
1057 64829
45033 7900
15807 27850
55354 1721
17325 61362
62614 50471
9284 24631
30009 63917
50210 13702
11709 44624
13426 27350
13527 69160
41072 67362
48178 41073
39224 40872
17974 59510
50165 20185
17452 66128
18725 13850
8967 28677
69535 47664
1111 50539
21512 59302
57685 67301
46031 26611
27926 52456
19841 24636
53964 8997
57985 36417
28475 55456
11363 21522
13169 40259
18352 13378
16143 19306
50336 60419
46077 14048
56281 14445
41223 31532
18328 2175
32478 60405
36303 24515
11043 34965
37346 3747
3516 62422
39538 69585
26929 59329
67863 46132
24727 34810
51348 15510
38738 11019
7153 46456
31371 56555
64866 27796
50579 19743
14778 52027
31600 65824
65482 56473
9308 66575
69244 43744
1582 6968
47330 57848
41481 35729
17300 48468
50704 12821
55164 6441
47896 50138
71613 55390
22646 25420
61737 38536
9568 24832
2188 52782
8852 23154
1808 36167
34366 69411
28278 64700
5221 67977
7926 56829
52164 14312
37551 6537
65674 32630
54452 14560
52728 28781
70329 15098
70472 6965
20013 4678
36369 34889
10958 31296
40621 8631
67018 69748
26634 13243
20366 36106
70306 29684
42828 53027
51214 51369
8666 51497
40655 13279
57343 28822
31279 35163
7590 64904
32045 26963
56949 22418
15203 26684
59425 45565
7213 37748
23023 37746
15656 408
1661 12353
17985 24259
1488 65961
21474 62490
65066 40020
45444 31277
68552 22313
67794 41303
33981 21843
21885 24556
48742 43537
16638 59667
35228 1670
15474 62207
3848 56089
43911 43786
56273 2730
35650 23268
68663 34582
8372 10090
34466 22378
10102 1276
65032 46157
59664 62106
66950 64004
47203 32442
7267 61941
65485 14338
21874 5922
48194 2280
20619 29923
33439 68849
13488 65949
15118 21929
29938 19213
66693 12309
5773 13107
1611 39925
32054 43998
6027 59326
61836 64313
47708 45978
50198 71528
19672 63766
23457 33232
4636 47749
54968 60130
29428 1778
42180 46220
32541 39471
54560 67874
41935 63486
35555 14780
10209 35382
48865 68067
15651 2717
65804 19386
6904 53782
23508 28870
29254 18565
67604 46819
6020 65252
52551 4051
9035 32030
60961 56456
37003 47110
40724 27042
42900 11702
11323 25408
59867 49517
1045 14147
48355 35904
26303 71424
38220 58887
39835 69063
31796 22932
60808 34775
48271 45724
64666 43411
25615 51253
71639 54696
32130 36209
19736 40544
836 24979
53745 5388
3134 44994
70982 16117
45407 56815
1258 59642
43912 45482
192 37803
49320 14443
13625 1093
26896 65396
69444 19285
31218 61122
55027 19691
64492 68576
7851 37983
18662 21314
36678 39800
12194 63810
5755 37783
30340 38631
68126 2044
54141 59489
48824 5368
60092 28486
11129 37096
12528 16179
66248 6973
17500 64012
51689 40085
9809 668
57015 56404
17133 85
31035 6541
38231 32956
34209 18052
41289 45904
42763 37129
41689 65798
59344 20322
35646 11273
30620 35478
9790 18697
26570 25786
17841 56630
14284 10580
20370 38117
13849 28687
21545 4213
58926 62021
61087 46483
41161 32602
53283 50626
15826 55387
70245 52313
46962 12864
27216 34244
40411 39587
60732 40729
34736 22716
15718 57124
11852 42269
20659 18243
39875 26150
5287 32771
42965 17786
19442 54567
11956 26152
32535 39461
46628 39977
51937 11220
67301 38973
6417 60445
39170 71544
34101 24035
22790 49279
4074 57265
53005 12589
59271 18168
32749 69019
12416 57921
60561 41060
13358 46866
18323 61392
15920 46425
1568 56056
8084 61152
29136 55117
17134 53774
25970 60462
48791 3628
11016 3464
33925 55171
9829 11591
2858 18427
8451 39635
25920 31805
58122 67136
16881 48905
12056 16683
43457 71208
5597 38450
60424 7018
6638 51467
22019 16507
56775 52815
51774 781
65029 60662
3865 67897
50166 60323
55924 7124
22651 11097
46393 7169
28144 35413
24531 14032
36043 43711
36682 12767
58460 63107
19482 43426
4542 7978
32216 15918
65391 66955
54001 6950
62788 26879
7993 67668
11498 18895
36671 64921
50203 17879
54950 29301
68920 20287
32657 39439
71259 40750
2560 846
50135 63565
47070 26307
62874 15036
71372 8801
63528 5
45094 20057
65850 15865
42154 68135
50906 12697
35447 32402
23569 26778
3417 13580
41796 62095
28708 3232
3841 66297
36823 58172
7680 51212
61825 7295
69394 15967
46850 39312
30509 63403
20923 24124
13125 30793
32488 71660
31609 34115
34935 57558
69952 16148
7329 56670
28759 19169
50912 2839
46505 24224
22769 18572
23082 31547
31006 22384
41682 67046
47027 71655
3698 26261
46096 62412
18626 62976
64518 38016
71058 37939
40509 13110
23011 64614
64283 48148
4976 36069
11831 51274
30491 50571
28680 14069
2613 60813
69003 54644
62651 55684
90 19421
43482 3667
26407 37149
17104 59911
44664 15746
23261 51044
42414 1445
7807 39684
2873 4468
19361 58259
18567 5588
14539 46495
68983 18259
47827 61330
9507 60077
48968 36295
51852 1196
13243 20751
44114 65620
42285 65957
17885 27628
57262 45723
63859 68821
41587 67246
22834 8227
46770 22872
29261 19845
22984 46120
49596 44472
40216 60226
38603 18356
23293 36483
236 39706
51328 51634
23866 8941
41710 63406
28954 49352
13646 61834
65036 23643
18435 66451
43407 68870
10199 33978
31195 16964
45458 42478
41880 45626
22006 52924
11630 8857
44008 5889
58541 3870
1494 20864
34762 30370
27484 12654
32708 13923
8886 65462
45939 62445
33641 42423
14161 30348
168 31014
6311 13820
50586 22807
57439 50343
55005 55058
54267 8438
64630 8117
49639 32832
46037 15005
71569 4905
49198 9553
13295 57873
62848 49064
29568 3862
59152 22816
9662 42095
4380 14112
38655 58919
2632 49497
41775 17461
34227 26180
13727 25654
9726 33096
44802 64370
22297 57346
49213 37499
21091 29557
9831 26371
71703 21246
12204 56894
44296 69276
63274 25205
4063 11275
56535 3178
21627 12610
56912 26679
20592 4357
7020 18424
13273 687
43398 47129
26942 53481
24902 9433
53646 44658
70796 24289
34769 69227
36900 65035
38981 24922
31136 27195
12572 62094
6506 65648
51499 46152
64350 46726
20132 18072
7145 8803
47295 57525
501 56035
56048 49299
11486 9289
38608 10243
62958 16672
26172 67797
12713 39090
3374 13227
27126 15457
22392 65368
38249 30222
10740 6748
62072 70850
15140 43375
40417 2955
52097 37998
61728 32950
64107 51174
34735 46912
11946 8907
71320 20692
50794 37758
24233 9802
48631 70048
49997 31641
48419 67864
24456 65543
58429 40926
5849 52327
34511 7425
60957 71558
34525 14533
29655 61733
35201 34479
8080 3930
19809 4231
12676 44309
11234 55235
45062 34195
70969 26282
54263 43849
29821 7785
7994 18257
50739 26770
68496 71708
54871 43203
70191 8170
62237 30883
30887 64692
62425 4635
39172 45331
10349 9276
51748 54558
4552 10564
65812 62754
67741 16970
19327 35457
15766 5472
58857 13640
22660 4667
21911 65090
27773 66533
25261 29524
16540 45909
5594 56560
55493 62600
10272 39770
57068 29853
26466 2811
19383 7256
33802 3455
41911 25713
8784 70017
11407 49728
50869 2372
52083 63200
42747 6835
36203 50742
68117 49445
60052 16416
1621 56325
68494 55946
54998 18058
14749 15150
19614 57404
19425 15466
13846 48197
13238 46110
37499 25382
45072 44975
53857 57217
34621 7593
50207 31218
63647 30414
62004 12058
22571 1318
36100 29770
52819 54142
18856 70284
52655 6001
5084 1953
51878 32758
43450 7456
31140 10042
6461 7426
62288 16609
35204 57483
48817 23671
2652 37041
44285 5731
39723 41174
40757 45832
36746 32014
64438 38328
12874 17003
29879 52143
17615 62745
39385 16041
42057 10067
35314 10012
54628 32795
11704 71257
24634 26983
57897 64872
27708 46788
53369 28874
63500 58136
67699 48095
7368 38363
67538 32009
20837 69055
8601 35067
40780 41794
66427 70965
52873 65988
17780 13682
68720 7078
22773 45435
25266 53849
26310 63729
7554 36672
32702 10283
4335 26681
59828 17975
6627 68288
47236 30217
26098 39969
35911 27626
48281 16089
60847 48810
66208 18608
52029 4702
16237 30816
4006 57709
48820 59476
64067 14974
58472 2791
23277 65393
62205 35429
45844 36434
45122 50355
21433 39376
33904 11075
11848 7828
37365 36582
3598 50324
6508 64928
21353 2471
28092 50147
29013 58199
29506 5822
27097 29419
35270 26966
53675 49720
67277 24174
2629 56504
1167 69795
62141 6850
22702 39997
1110 4104
29330 70982
33082 45588
40038 3407
36095 44069
55550 34411
49346 28383
45707 3585
28602 44689
61172 56896
39603 56040
68242 7487
52056 14315
13411 50871
964 37673
67046 70093
49052 60753
37052 68015
39122 34092
14170 21306
63143 49977
8368 61255
44078 31225
36240 17285
42617 1991
36292 36792
34230 35966
39164 32760
24689 71147
19652 38775
67803 44242
31497 51722
7442 5061
52966 35950
41889 47409
18341 35226
3337 32836
38746 16294
34004 40226
54863 42073
53032 34671
50892 23434
4630 58171
24893 60651
44980 2264
29146 57660
70076 1163
62356 61138
46989 47019
39348 62942
23742 28554
38507 53558
12794 7679
61707 10427
16770 36235
33903 41161
23996 8395
43993 57730
11705 33818
29132 36195
46568 34019
29273 16676
40251 29809
55113 19255
43427 6499
48718 30497
34153 15001
38542 5047
60787 24151
15438 66417
61675 57713
7036 41594
9335 5500
25500 29879
65599 7971
15705 33955
50027 33744
69447 2113
39107 46313
54147 30763
7087 45840
19763 14309
18005 10156
26254 66446
44915 14836
53634 66983
59975 10152
18773 31062
41470 26745
23640 42702
10593 48675
63909 54522
43599 9358
23177 55899
41080 37105
7604 3237
618 42801
59252 47224
35852 43908
27445 53496
22100 49115
20767 61694
64170 38544
11540 4084
16962 48275
56848 5848
56284 38126
52874 19670
56234 3347
62574 13925
50243 27720
612 41040
4945 66952
69964 66609
26138 45096
48904 28164
1846 49656
42234 4273
69604 19671
24980 49951
2349 10282
541 10134
32614 29437
29658 65995
45135 71858
40907 54799
16900 70644
13463 15892
50273 69175
65974 6742
40124 61910
21892 68741
8558 68202
39086 57806
38120 41542
59760 35283
68196 25563
68698 38413
44281 31986
56842 43082
17537 31861
44923 47444
64249 30264
47088 59746
24698 41264
21612 15128
2507 31595
29940 58329
29403 53730
17198 47433
27682 10446
66144 46136
22150 66276
16144 10020
48050 47487
4898 63460
49178 30193
33527 58848
70089 54900
6369 30116
6287 16421
14171 70467
2588 32106
6323 53428
15177 18107
58238 34116
49841 37603
71734 44771
33127 41137
62181 15462
20071 10684
26935 53544
1220 55185
39468 66195
55165 19451
13236 64776
68198 25966
35387 23582
17979 59516
54897 2034
13752 21860
67055 15833
15432 54871
37055 34522
14944 61586
13929 13238
65240 16568
26038 4467
26182 56548
34472 3137
68570 9571
26434 17352
46914 67489
53708 69378
38713 55360
21021 46448
5165 16706
71846 52733
65059 31646
27223 38456
63002 15602
43333 44147
30738 44125
359 14126
1672 5930
11666 9667
14475 46526
64764 58838
19549 53593
11808 58951
67071 57107
9837 37918
13277 62536
33541 17644
30299 24046
59868 66765
38801 10983
34620 19957
60854 1021
6565 48481
13083 59445
22899 49726
5171 42001
38086 57487
47215 23164
40988 66673
55837 36609
15192 12701
12452 30444
6015 38975
18140 64657
43079 44711
46862 6330
57373 68839
35168 66615
12184 55928
48841 37390
44922 42311
23970 50341
14921 41757
52531 23386
52462 18770
59840 5497
35630 27615
50557 56432
62685 68045
55279 36472
21861 41205
14819 13038
17369 45528
7687 37329
20893 21705
13594 15539
54530 37729
63266 35894
57431 63785
23759 57530
49775 29313
47003 22194
3778 37812
17126 34004
63319 13910
63980 30367
14803 36521
53908 18482
57762 12580
6026 27112
8302 66677
34291 22132
41188 5210
68789 70757
29359 70506
44342 25577
68040 874
68565 3379
12484 48437
56735 26627
32582 36942
63168 55903
45319 58305
50447 68275
19485 16539
1527 59487
20569 38659
66266 14368
61511 15721
64991 58250
21680 56658
9813 64652
64442 34480
42027 11386
31575 17934
43372 15265
6600 46363
66445 10364
29191 29156
49629 9746
52859 20543
30802 66462
10333 43954
60175 36191
58221 59437
58734 67220
11537 9711
65334 41263
58599 5028
41427 56804
15560 13165
2330 68328
13454 41619
52880 24956
54047 4671
4697 1045
71972 32233
23 17941
11914 49311
39925 28864
66629 25648
27113 34772
59797 61619
44677 19849
47625 63506
7114 24525
29219 65107
59567 17275
43513 26028
62015 11628
47618 67674
59315 28075
12772 420
29065 56928
288 8817
44743 64316
46549 27335
38271 23346
71787 5088
68418 54809
49007 34482
13936 49846
6001 30765
21517 45706
64543 63470
18409 69529
53637 23602
14020 39335
33331 30395
25680 38289
24582 63578
15827 64255
51498 51408
28258 46810
59906 71227
44294 63041
14126 38721
54326 12653
6095 28696
16151 14729
59951 37654
66087 54998
17648 58612
65383 42651
569 32427
69516 55688
6367 15181
56730 23095
23227 60914
22761 41800
16828 14882
13574 45558
50779 52179
42185 16785
66075 63405
50419 64118
54876 54003
32538 30784
35861 3797
52150 38133
44940 35118
38558 66518
59356 28195
17482 53610
18112 7970
54100 42362
67148 34290
39180 41631
71803 53901
41145 51299
28488 57928
26331 55732
27488 52256
38087 34171
45259 7161
17390 35169
23307 63637
71106 44544
42256 5981
15127 40438
46169 58673
62964 29008
54720 21829
69980 70257
37478 27028
55364 14460
1674 43213
68516 16937
13956 70749
3313 2611
49922 2768
19049 49701
6956 11830
7420 43685
26202 46230
21095 8319
37568 6451
32842 67981
19193 27586
8131 47461
26739 70186
70933 26010
4235 20578
47014 70216
59323 51843
13433 30060
29401 38036
50973 21156
31143 43451
66968 54185
37702 28262
6158 32599
50015 1788
50798 4729
40981 2626
7052 69017
1700 13438
32944 65733
26620 52159
58074 63557
29564 5543
48201 20572
71646 37106
25752 39514
25363 30148
38559 32416
58828 4428
23256 35712
9761 16207
24508 49527
22780 52528
67351 17196
15644 35390
49441 11131
5327 10031
56166 9685
36584 54445
34635 2642
17049 1933
21094 71002
33426 19903
740 12525
43328 51266
61123 25466
20291 40920
5236 42432
20147 55726
42288 67156
6666 3072
64298 39604
46935 35921
9553 60150
41663 26564
68865 13066
28831 34639
24101 61788
68237 49360
8937 38174
66210 56300
20890 12198
54517 29132
71183 53259
70391 36512
52877 63354
12052 37280
45797 69889
28993 66401
27965 32063
43501 50124
43394 2257
47291 65148
38480 51596
28633 48856
69534 14196
62241 59280
1154 29369
15037 3263
45352 52082
58415 30424
31503 58601
31959 48474
5227 62496
42066 14281
49988 40713
14861 43573
50578 10963
33632 12503
70810 22185
37071 27222
3239 64201
67747 32764
49147 10996
67412 18525
66681 52848
58401 62065
63807 68604
5748 30466
38855 7725
25233 64674
41985 33034
67358 53984
10794 40824
12578 44286
21941 19742
70514 4786
69889 42133
961 53286
8582 731
27628 35147
27942 27424
55602 64059
13622 71512
26946 65512
70485 41028
57048 30899
9453 42184
20153 60473
3114 63308
60192 67428
43479 10674
4966 13769
11472 55798
9601 10159
23330 49242
33019 16684
9233 1786
29838 68150
33902 15923
53430 21784
50861 25870
59130 57358
53012 14899
56758 5120
41472 55599
2214 64905
51053 22377
15507 68759
70102 63858
774 18333
8289 54808
9515 52351
46885 1214
65908 38896
13912 15412
37990 57080
39499 38565
11339 35535
57368 68483
49993 42256
51789 48711
4040 21751
62127 18549
20490 38037
69923 68584
28819 26800
17876 48661
51249 68077
71530 32931
38664 61881
18885 60671
39067 43277
48907 17740
1462 21528
18531 68732
16153 1288
5476 41641
660 54566
51654 23492
70406 19707
71766 61669
11158 8789
39937 735
27533 40874
45070 24599
27753 26119
54088 12301
67182 70482
18672 60109
21097 43390
24117 12415
28940 8010
33128 61433
25471 20507
15024 8752
23771 45935
7129 29627
71940 45215
60459 1852
9588 25250
38097 35990
8830 37250
32859 55859
12872 40076
25876 48140
63858 52858
43366 33391
46811 70913
16806 26554
30741 10155
13114 19979
37374 13498
9150 28370
41653 36699
63683 23374
59068 34464
43037 13412
40066 16608
19975 68462
47775 50194
41463 43275
56140 36339
634 27435
41054 22034
32267 351
29036 30387
57164 11972
36265 19201
47119 18787
17604 62321
43459 33
62909 42381
60667 10196
58374 6841
47021 17954
40039 67071
63829 57631
14265 55759
23039 61826
10745 42873
36781 39657
18351 65586
70598 15375
25747 31559
34503 51544
10023 50533
9883 62191
2442 46530
66477 40864
4089 68418
53102 41547
27887 69559
4805 10250
34160 28037
71234 21774
70737 36404
61880 18729
47949 57311
51446 57888
29270 64238
38142 32839
17549 15761
60910 57071
65684 45637
66901 23333
11870 3316
52008 47932
47693 61090
65821 45350
1389 55585
31311 25033
21738 50130
67389 49048
18399 23463
58488 1399
20870 25669
23481 57945
19163 47316
63374 68945
47029 25545
5298 736
28682 40684
63917 43051
30376 12335
8240 48349
34650 33261
48423 65903
30674 1704
5611 35787
27103 4395
67881 36039
47350 62749
61562 52206
59592 5757
6087 33167
5231 35937
42477 7501
13530 3989
68338 61710
35848 59570
34514 64265
71350 22777
22787 62056
49370 13617
49614 5007
47881 48436
10203 3780
67721 20080
32976 23188
49327 17256
29216 10856
67682 54995
53195 15654
46256 7347
45225 58115
63814 41188
63192 12777
865 71315
65777 36370
18215 25452
57659 2186
21707 43604
30146 41482
10105 22180
67442 48006
36807 67678
27724 1858
19693 52845
24499 54576
20626 8059
47478 8514
15510 25290
30192 65736
54345 19335
43284 34949
14856 11006
63114 22622
62760 58118
62787 5834
27618 36114
21135 26042
53858 66253
2943 53642
31939 22672
5656 423
16763 40785
21120 35883
17659 45965
67194 15430
5137 44755
19250 61113
33851 11285
23598 60688
67718 11556
53144 15239
2441 11871
37153 23921
11240 11327
28390 24335
58878 41616
61790 2636
63134 22196
22357 1369
28753 28512
53841 49091
18706 60339
23840 10653
21984 32340
59438 40342
9024 25047
30123 17398
49573 40697
50524 6991
17330 49717
14231 37628
2171 23332
26523 36565
68513 18406
66108 41359
55024 54262
19604 29618
12623 24674
62374 35757
5117 26113
69656 23215
65973 38658
15404 33995
12215 57620
63209 34675
17083 12113
70686 64211
158 46551
56558 47660
68426 45726
55140 68557
48547 58940
5694 50552
69445 20409
56225 70511
30080 27612
63193 56867
49970 45472
45944 37840
12808 27191
55770 44851
33361 66030
62540 35252
30476 11896
10987 67276
37129 27620
71268 33845
53563 28608
33792 61301
24776 34190
717 4122
933 15113
68491 67769
15445 24436
68127 62287
49156 18326
26925 61243
41406 42336
53589 48796
47484 49534
20288 4437
55847 42254
33245 13712
34250 47040
70269 1036
55518 20808
47926 43872
36119 44129
52096 13135
26699 24526
54163 46925
63239 40145
23426 21332
48525 61190
63408 71668
33264 2851
40194 57542
45136 59828
52184 57013
18097 52342
15609 31928
30117 33106
58537 48919
21207 44287
13144 63250
28110 52580
66630 39345
52503 5260
44360 30711
6823 66449
21069 14137
51001 55180
694 55823
11940 35306
61823 3743
57066 21500
11553 21809
8400 39398
34484 68693
29068 26013
48607 18291
10491 17026
4949 43667
50375 7052
52514 11849
68290 40538
37549 18542
7532 45365
22974 60125
64798 51904
57537 21672
1404 60371
26439 111
67916 26268
37488 22554
25526 39490
4406 40309
66919 10535
67609 24196
30366 30958
22215 26650
4727 57220
47152 11819
31360 32078
38 20204
20637 649
11383 62567
36168 20884
52355 45183
46286 13096
51793 61709
26256 51649
2015 27852
11819 61907
37290 49322
45626 60750
45545 31817
36243 12560
29662 50801
25497 16844
59607 41728
52948 17502
610 52414
34224 37119
22943 55653
53364 51623
66354 70008
13955 9393
9488 45465
65952 3526
38569 29058
44561 23352
15337 30823
67278 48383
33777 47485
70505 44545
32787 65727
58035 209
49425 52191
63391 10128
31887 30157
44521 18099
60388 65530
3585 24638
63173 5800
15240 27687
33793 39576
8855 57069
50158 12171
28886 44511
30138 23577
41384 55799
54058 19759
46282 37351
67700 40776
70209 50701
1275 63001
34518 4565
32540 34213
37656 55278
12191 23530
52289 21436
44826 52195
9966 67810
23395 13951
62464 60939
41140 45389
46339 13292
28648 53016
35269 1603
23958 21088
24926 41816
65405 16875
26171 66450
30784 59598
31727 1519
34788 63720
30043 52653
26578 55373
32729 7145
46666 39709
20447 55704
13984 33902
15713 15199
10288 59018
64575 65807
869 48867
70973 62069
5540 43918
63215 70127
48654 47824
41343 14638
64533 23441
36010 55584
64331 69693
66996 50263
36736 10487
52151 19712
29111 912
16810 33796
7098 25902
68910 59637
55467 57002
62695 6363
70880 60918
4269 36925
65861 5223
45520 15932
51606 60326
22912 48118
59926 6564
15777 33073
67923 44232
60303 38817
41374 3085
1104 71140
1550 35028
27624 23427
49733 38436
13206 46778
42656 54665
47396 2297
34040 58560
71902 39018
34453 4669
31083 14639
35312 46825
61781 4799
44971 69635
47963 51933
24106 32589
65375 22969
55568 11017
27595 70122
54932 12396
48800 16523
47852 18959
52507 64678
36652 56506
59078 36005
23579 45271
17189 60036
29959 31995
13091 68624
30908 60086
56652 5327
49924 42807
25699 48864
19117 5019
19602 19235
61996 13255
1277 50059
23149 67192
55250 10324
65484 44273
17626 39582
67766 55382
69991 52526
63783 2934
39327 24109
32896 33667
6254 10392
52220 56812
12973 15261
21410 25120
7870 34207
28242 39742
62461 67377
58964 70669
43865 31950
34049 6401
47313 49052
47227 61987
33780 28208
45108 57272
2600 36017
53971 24342
15891 36288
46019 65741
26078 5996
70575 52255
22878 23759
37305 37345
46545 35741
42611 663
66905 53371
63897 27150
58581 2454
10278 54307
49948 17009
37556 36015
60785 35004
18986 60614
21965 41702
44223 12734
55289 29010
53055 29469
9352 2369
10370 42548
21234 28975
45040 8353
29913 37727
41089 60378
41534 55151
38189 43091
51834 70970
35554 50993
58314 62339
47601 1648
68281 44952
59021 44643
21931 45399
24103 58247
3028 19894
16390 60549
30754 65402
32984 27609
27601 69762
21878 22284
52042 51127
13502 33515
12525 52814
8362 4230
71885 10304
7056 63772
3456 45260
52038 10892
68680 27205
10912 69415
13623 48391
34401 39851
20353 38250
11051 41332
51098 59179
40550 61261
30063 3876
32427 20435
37248 21855
58086 46089
16570 56562
17207 54447
69042 3069
22362 37210
3745 64325
4608 30766
46772 49190
42625 70464
62411 17262
61236 49602
35706 16187
71899 12712
58307 51872
17710 28614
23205 27697
59841 14501
57014 37926
68611 23413
69965 20856
40588 52576
45505 53546
63132 46141
70736 28542
29771 54812
11739 36554
57916 41865
40353 47603
54029 13847
34054 41652
20411 65839
39790 70206
1384 69797
13 51403
68593 29505
17866 52949
45074 64859
37587 60807
61499 37524
70137 58912
1091 20575
64479 23282
62531 52436
39271 438
1198 69818
56419 60821
38394 22580
30306 12888
947 50247
71856 54802
48975 54824
24717 53779
53968 24757
57293 3807
51741 29386
32755 18163
21401 10553
51082 53579
49593 2993
28914 42602
34470 32761
10383 21819
55344 61855
31400 11924
67714 48536
35634 2978
37314 51032
69723 67022
35236 25302
54121 21153
24642 60001
8974 48374
23909 31368
17908 22966
37958 61889
14465 26187
59346 42301
35670 17387
64487 38402
24614 8496
42028 4049
2543 27133
19943 60448
70120 60188
2901 58151
24372 31705
13406 23184
36978 60478
35284 14570
57465 43419
1076 20876
30515 32095
11823 60584
19751 903
1931 4237
64695 53261
28468 68127
44816 61632
55083 50505
40839 9223
65326 54669
48680 34083
60777 70431
43287 15858
10516 70015
19149 3110
7346 57478
34932 63021
51436 7837
9357 38400
61624 52219
23804 5231
25192 47629
32779 52355
1654 67052
15986 57678
32632 56176
50437 13583
58060 19135
32397 34407
4393 14652
26107 22146
60403 48034
12316 54119
68307 44543
27322 18606
61975 31860
51004 63255
40909 27537
42345 34670
20790 12731
5530 43258
68279 9709
16010 60063
63076 64432
39167 34079
26048 44885
47242 38705
6828 58285
28546 43341
14802 59032
30929 33807
56907 36084
42535 4686
1975 18353
21937 19402
36189 68391
15683 37806
31863 3401
1171 28970
5505 48609
62295 47543
20316 38171
11729 40195
32601 20750
20670 39944
65526 62297
11981 57654
44358 38651
7872 20243
7835 16850
46599 19206
20175 38317
70301 50362
14077 33726
16493 29874
63943 3671
30498 27743
41516 39710
45524 19447
57504 1582
25293 34003
2799 47732
49515 66663
46946 67741
17660 53195
32860 62518
5176 22336
63610 45117
57345 65680
38629 68595
71138 49069
64238 49543
24875 63603
24462 22168
71254 68844
45570 63184
42426 22989
61394 63439
36088 49791
21017 1866
9028 8488
69618 44875
20320 40542
58902 27058
38755 29401
70990 19673
48119 36480
59518 15676
95 25814
66317 46728
49682 65378
24319 60205
2454 1600
47721 68698
31299 29934
42035 26547
8303 4305
70643 52232
50790 12956
24887 43191
65215 66509
20203 8808
37111 35583
42284 70092
53714 10414
42209 7337
14479 58542
12617 68544
68577 32503
8740 32073
5738 33564
23415 23945
4100 32125
26487 29929
14032 23257
63619 5274
25116 34835
12944 11975
4171 24906
50935 8346
64214 17374
68921 68493
33547 27228
6434 29831
48019 31974
28931 62559
9290 12881
1716 70377
27360 6696
64410 9576
10481 25746
61350 62692
7957 15258
47308 10930
54520 62395
7642 25874
34841 13091
69340 28180
5329 63863
9226 39317
39834 1259
28299 56329
68090 14618
12730 58018
13268 25533
30280 59803
69686 65
50507 32998
24833 53369
25313 35487
68970 23139
32606 43076
23449 66492
54420 63345
13830 67398
46919 37193
60126 34630
55978 69756
13645 32640
21865 44715
23645 36083
52633 65938
66152 40476
44239 14611
20733 63909
58067 855
41308 41840
42554 66788
48723 61671
56439 64984
42396 21382
31552 23436
28040 8594
49161 56626
33304 39930
47188 58091
59298 44884
58655 70595
52048 23942
26 25375
4544 14250
37288 30383
2137 27947
67845 40266
17706 65770
39563 40028
861 41946
39366 69521
29084 61850
28158 39330
41276 20264
2845 42437
67014 20499
20279 25154
12359 51936
4947 22516
60342 20702
46617 20596
20462 42688
18142 67695
34733 62099
48115 54646
32750 35309
39362 29980
12047 34453
52403 61864
28500 39796
10119 48601
42559 19004
63247 40139
22663 46391
64000 41334
39374 58945
4899 40373
50011 55745
10287 51583
7330 54674
43830 744
56926 52964
54595 7250
15800 46349
29717 18341
50134 59886
7095 35941
39949 2554
68732 26505
5398 27343
70770 33546
19606 38640
42839 48953
65851 3104
28941 42185
20080 56034
6622 42689
51496 26143
58408 28178
66156 65922
29110 57686
56615 35909
37983 14004
51685 9756
19401 31869
17327 21027
44063 42662
10820 62873
62372 61588
6464 6030
71848 63838
52323 32748
34414 36719
11152 49155
52236 7775
56950 13296
17089 7356
17678 44918
63036 36182
25967 70504
51816 48425
25704 57426
68715 37256
32276 14554
31761 61846
9391 17601
34899 9698
56370 42539
42391 54235
11744 19716
14750 39172
54210 26214
55515 11536
47877 57444
45654 32143
24968 42971
42040 71643
45158 34173
3173 69603
39954 38197
22185 2865
45839 18412
19113 8914
57733 41152
5883 47348
30604 58438
26174 28156
48998 24136
11248 42110
14729 61385
7149 29843
31857 60399
19357 47475
37708 43649
1801 26082
44994 33952
14586 33471
39993 3033
58991 18386
61760 15623
2982 53842
43500 56012
27396 51945
70518 63748
27771 6296
26713 69259
71621 7902
68586 2124
63312 57306
18527 4206
2411 66089
49363 42870
69049 70623
5700 64489
33484 37048
22325 43746
7879 8797
37227 9903
26306 12078
35558 14724
6958 69700
60944 20739
1093 67306
8730 11499
35562 61401
14142 25021
2501 9580
38338 36290
50663 61043
30300 59152
49900 19950
66656 43311
13056 9572
63526 23813
69673 44540
11538 59513
24435 69169
26067 56676
65622 2816
60030 52621
2817 38511
5211 833
39968 51112
43722 2474
64217 1120
51564 29522
20579 55988
2409 19726
45454 33929
46126 29215
46581 42811
39627 69779
30960 59999
65701 26258
36160 46485
8128 20003
33775 24753
50748 19436
3863 27020
36726 40434
19885 23801
44799 13225
51492 3438
17992 69917
11508 5172
50097 16689
68252 70789
29810 45682
54701 9079
31505 42921
20022 30161
55898 27369
40945 21403
43161 55612
58874 35531
71072 30538
17272 28474
27101 46576
18164 3578
70957 17998
26518 57625
18103 16137
40502 49167
68657 3333
17728 58190
19026 27340
20716 49862
41615 58565
8889 57482
69857 52322
15518 26036
24135 26953
41629 49874
19074 16339
41772 22951
54270 66415
53904 67699
39761 15952
58066 21350
35888 27478
19918 64109
24633 46975
13995 41535
17242 54412
24216 27569
3434 11901
34979 66442
30267 47168
30433 62650
3419 33461
47090 66681
10418 14680
62470 59894
65841 2117
61442 49812
24115 55053
50786 13116
64415 46489
62109 47238
18025 40630
21468 8560
25331 56905
29659 39413
53555 30063
1968 11070
35371 51077
54139 61783
29171 2078
26586 36008
26813 42372
8669 5947
23210 18447
57578 32637
64218 23247
42585 1216
59972 16771
32347 20416
56041 18379
53067 61580
41013 5111
51663 8020
70276 27503
68844 38416
5048 48720
68243 54379
14329 20642
59194 54951
59887 22600
5560 22891
32208 67974
67988 19842
70500 23805
51854 47851
5145 14339
50778 21283
67650 65216
6462 26749
24885 40117
38166 52908
57614 48914
39919 34758
37476 42084
60470 3733
21822 3386
55373 43462
38591 3736
7150 61670
67761 4486
60763 53433
59205 6095
11855 70711
65623 49419
14834 68840
23563 22249
71619 20732
17735 13123
51521 45701
42397 29190
59099 12075
3266 55035
23446 8694
59465 62350
26468 60875
59597 54405
11821 70350
42478 57727
21496 17617
16194 95
11953 40820
14964 62423
58904 61537
47572 33668
11182 16804
68658 42321
50344 70778
67066 47918
20959 12636
49635 62625
49887 64593
22399 25728
43935 16494
19673 28746
21250 67468
18954 17015
23445 18691
6726 29564
54996 10773
40379 12425
40570 52932
58492 37002
37852 32740
23685 29652
15409 32856
17246 24200
26589 39467
464 43074
33176 60575
1601 68147
60116 67752
65226 34961
65359 17264
71238 42985
754 55316
64680 49122
31180 19035
28427 50467
62353 6294
59473 25939
53760 23878
57918 1878
10408 18738
862 4472
32076 31173
71742 21219
36453 52005
6412 42275
24228 1536
19433 63017
7218 63419
45747 45076
4814 24609
19055 53171
4251 59259
43400 28160
11496 59401
6427 71550
14273 15443
54652 36610
23364 67436
21147 44218
37275 44205
23255 24422
47211 44694
4698 63879
12207 71946
39230 59811
42313 12649
48310 44876
49669 68036
8870 34455
56011 8273
8510 47897
38383 55905
61711 3332
17636 71214
15994 16545
35969 12398
43151 59957
69082 14567
54233 38760
68767 16555
27505 45564
27401 40244
7627 59319
14327 57169
69331 66156
11492 23936
63395 52109
37643 66966
55975 18575
41483 29080
34035 2192
46381 46392
17002 68889
65064 19893
68119 69542
64554 68819
23581 6160
30504 69882
38075 47535
25370 70708
208 30203
15494 69583
3144 21857
60934 49083
15457 13126
27176 21711
54347 29657
5963 19930
43751 70887
45830 26503
27832 36494
1481 6412
26371 52544
36914 38863
33348 51089
8892 55216
40341 62462
39359 61343
66413 42195
42458 17842
804 39321
43685 47
51911 9814
3817 32943
23021 40843
43322 27362
44295 8758
62798 7763
62194 53789
4661 18390
17794 18848
63111 63037
20367 21005
60375 31781
43924 51281
60617 20899
54258 54921
7343 51250
68299 25346
39236 32581
41354 45929
70240 9245
27298 29663
43480 36205
8679 18408
19570 52618
36761 16184
4086 18666
44454 36107
49184 42923
70029 1412
21754 15374
51062 68239
24561 68714
15316 13450
40408 61750
4146 30433
35586 57446
54247 39168
11377 16367
65150 70944
31149 59555
48705 9228
59233 44745
39667 35666
28330 5371
68826 50005
39626 33483
22940 14790
14711 61149
49050 55825
4902 63872
26490 29444
12138 68530
58167 13507
66322 11610
3269 47521
63264 31627
65544 64820
20196 56686
44580 55270
63370 13788
68633 36727
40680 36159
42905 32987
18782 66562
12879 43101
67653 55004
17396 32932
26895 46749
4792 1695
60211 13256
50802 63642
68465 64878
15183 29018
539 56855
5772 34833
11414 13627
61195 63946
6048 68023
13514 5519
68234 14130
40958 12921
2947 12441
40914 15398
42059 31276
26288 47278
25238 55291
37561 51609
36262 5226
69767 45522
41832 57704
57818 68520
15421 4886
35738 52258
19572 56597
20644 23690
35867 3165
15003 43118
2000 12951
67379 38310
13419 54021
27077 3720
71111 59851
45917 33229
41745 47001
35528 46187
18555 32598
32090 36259
22450 58460
9338 6266
40813 42535
44400 60058
70855 34495
58150 21050
6649 27444
17050 71733
3801 42190
61701 52602
6614 45684
13885 22552
50280 43748
11288 46112
51370 70548
23460 29829
58437 41489
46613 40087
40953 13278
43560 11854
25972 53224
10296 41016
61040 65169
17275 24405
12179 50161
61378 26497
12749 34693
59715 63628
40684 45954
61676 44172
30369 57380
29334 47378
18838 20869
33824 22092
47639 42305
51391 2088
24033 14612
43297 24877
42568 40702
59413 66339
63899 38825
3967 70551
8568 23319
62304 9953
14797 26034
46065 12238
62738 11868
60456 53037
22388 34521
36997 19106
45694 44586
16698 69839
66578 46374
13492 52004
53175 17437
14023 50495
42713 38524
9297 10776
69829 42446
60421 58005
52536 5345
54191 71826
31942 20318
71821 35886
20844 64815
63226 29422
50308 28702
8659 32159
44659 57719
27295 28308
56512 19055
57063 1628
44853 38902
71373 31940
30954 2723
22687 63344
10210 57535
14985 54333
60675 25198
42648 54045
12800 24387
58356 67971
23092 52379
40375 50739
53189 34275
9124 47707
14254 34545
49665 56534
42915 48527
64789 47778
8059 30764
11867 41964
28523 70828
18209 46803
25 10098
19232 17629
59373 42161
69633 32362
38208 70553
51116 16878
58611 12665
25647 66513
26957 62356
41498 70171
39287 41090
39918 13738
56981 29862
45124 45658
1065 29356
66903 60987
52979 35276
16719 6974
38560 60325
8181 57393
48395 65161
71944 57172
6964 8475
111 22459
47087 2899
14379 58782
36990 7543
4088 45562
30834 62473
56586 19383
51678 8360
41698 46454
50174 8574
53220 36188
50013 33032
57042 3615
71450 64332
27685 56470
22730 17480
62243 51937
18229 59260
24672 40610
50410 70569
47224 39933
54688 43324
20221 30483
37811 66579
16456 53365
17601 18905
1521 70729
9404 41217
2059 889
18874 6944
63793 46970
57244 15688
17797 9308
11098 8340
17986 69439
54508 54226
59773 21130
55798 25510
23567 32611
59559 23507
66771 23756
55591 3865
58989 15664
50426 43489
46571 11680
29589 12342
24353 52895
55676 50784
974 53422
65295 62182
31032 18155
65763 44997
35292 23985
53850 12565
71588 40790
48100 46552
4386 23254
4964 56409
63343 65495
48311 11893
14833 24192
63116 34145
18624 52616
68998 26294
36625 29707
60941 46033
67758 10692
10255 44528
68598 59209
11593 12325
32143 68665
10235 33787
70674 2674
40960 7983
6918 7753
45030 48910
70128 12517
1414 22088
61456 227
59512 69353
67196 1649
61504 611
43453 42843
55184 50431
46258 40143
38617 3625
37908 49131
21956 9095
4631 22596
39856 24705
34137 65301
8051 23828
62019 70152
22162 28623
6766 45253
38241 12710
3579 20274
37594 49043
63539 23191
10815 57764
16623 23265
66270 66497
10075 19511
36419 58341
33037 3977
17373 5083
36828 70463
36074 38199
33680 14127
1862 45752
22887 23648
19810 67960
58544 13071
48467 65229
22990 25318
34243 20350
30959 44224
63560 59595
23700 71825
69126 50967
4338 58712
44938 15255
11063 8581
19015 44348
20205 32273
65005 47933
54126 18532
50223 31386
31189 64326
57696 24687
21927 52991
27638 5452
45230 46966
7121 7684
34655 12948
15204 68137
6885 11922
21968 42016
60820 69120
52265 69721
62421 68377
39501 51667
62426 71616
69799 26337
30627 37036
49782 41985
51128 17758
34423 58708
69527 25958
56982 38399
1555 55879
37853 52985
50071 57035
41378 49423
69502 10799
12762 64287
69638 3124
46377 64388
56596 13674
35729 42142
43905 63453
35433 50962
35008 40095
12882 65224
33469 37644
51270 7225
60439 69148
31693 5457
25550 11690
68152 40255
44225 71145
23583 22723
41061 41112
71777 6286
1387 70031
8907 3666
12806 6188
68848 39708
13620 50450
58451 24673
46074 46107
28760 70486
37133 6873
33017 56860
25308 66634
4462 68680
3107 23369
12051 66683
28420 48605
15964 5862
15726 28115
17028 12931
49278 59931
24218 24341
14529 29042
24152 41984
33206 9564
38610 26688
61205 64917
9925 27098
59434 5929
36227 27005
55966 15248
42390 38069
33730 622
9699 31509
36345 43353
8178 23208
50175 51108
50934 48731
43602 52686
7873 5867
33848 20438
34691 32267
23322 33841
57748 55423
9097 40599
64451 26854
51464 35733
23389 53636
64495 1341
14213 54512
18858 54217
70862 49432
56526 36450
28625 24838
13927 63992
57879 33217
33948 1368
4570 5479
9558 58869
9230 16894
32847 29226
58443 9244
2460 14993
65235 15110
19511 20831
114 64034
4960 8717
51182 24034
34923 70378
19872 42911
43232 21938
51293 33620
486 52194
64315 37331
62671 70289
52942 37545
9189 37317
29603 34276
434 14221
50388 15651
63186 51762
15887 26494
70164 11339
47045 65270
43705 26318
52510 16662
7235 67925
11884 4679
47888 61468
70075 62760
44573 14332
10546 14603
60246 29969
38006 4985
26624 50865
23150 24180
5156 10959
50354 8835
25036 31687
39174 57141
51132 48615
63767 57424
11124 18712
57408 57937
24834 5381
18343 66011
4680 24769
25310 27582
3325 41671
31259 5736
64125 1863
50957 20017
8257 44742
70852 32874
40335 45891
65495 60560
69985 26300
58892 7397
2152 51291
4856 20067
44471 38248
7348 66270
44266 8343
5612 29523
53151 24113
15492 25473
27746 44026
68567 57524
60080 3318
19524 57742
30538 32215
9442 69279
4834 37724
18559 21116
64081 18791
2499 71713
61764 41623
6004 7434
31809 14597
17110 8537
1883 67902
22578 70029
6549 2289
40284 22272
12753 48546
59794 5038
22373 18808
8384 13605
13938 30627
14966 774
65162 49967
28911 449
8272 7657
26561 50794
55865 15682
44217 4614
52693 71511
42499 9690
15834 2595
71551 62447
18001 50601
42152 37024
27949 50695
5976 31152
22735 64299
43976 32774
8287 45240
35900 59636
18513 62801
54416 20073
22027 59536
48488 70315
21628 47204
57497 29340
31935 18928
5335 37600
13103 22853
49301 50916
20678 33714
2049 21014
63828 48245
10581 2745
833 56589
23517 39303
11684 18873
37190 5578
54556 60285
62392 70976
16633 29752
27022 52722
18755 16388
35514 46261
68563 27277
59038 53189
54006 55200
22879 54753
4932 60370
23594 59286
65522 58182
39479 50914
45594 60755
54892 44277
600 42731
30886 52283
25154 17448
15402 69460
69495 26990
12542 32245
47436 25031
70743 25507
66525 47634
28741 60736
60846 71855
27278 53505
36232 49128
25392 27986
14770 61635
62183 14241
65211 71150
23112 59287
20941 39364
5652 54018
7082 6670
47736 26138
27472 28466
32950 44261
43817 20542
59395 50370
5678 67830
13687 56595
6876 23635
70433 58063
3810 3125
63578 27061
67490 50590
15213 22590
30842 35825
58304 20429
42726 52675
54928 25928
26051 19751
42689 53909
30155 41484
14436 61418
29856 32205
12854 17113
31080 63791
54080 41447
26209 69546
49222 4628
28923 12723
61734 11240
63493 2814
7123 1137
57130 6915
18998 43452
28334 11790
59637 41065
23339 46753
50769 26609
48954 19740
17879 27920
59997 40313
25449 8654
47002 47572
35350 41354
26505 58539
44026 62271
16674 44384
4207 22967
7819 37977
36780 39747
17892 13304
14564 20947
61019 19926
60107 21399
54818 54420
45034 15525
28817 69771
38688 53698
20551 20747
22274 61548
30108 36862
11335 32689
53962 14859
68390 19222
64123 58315
28370 12724
62062 5162
60656 17774
36592 49932
1902 61973
56114 49725
32330 62506
32484 22343
56918 2616
29152 47499
19526 57795
666 23834
54759 58633
5797 2603
5251 64457
61690 45067
4407 44536
62819 11143
12845 48493
59303 9030
64919 17688
31525 39336
10891 19594
1629 14546
53297 25839
28575 42035
17395 38319
46977 10889
38770 46493
31335 64848
11893 2092
2088 54754
62887 22160
39956 47870
21208 33124
60200 25169
3200 67296
59617 36733
18170 68215
53132 3073
24242 64175
48552 41756
60857 21874
179 6818
9267 31301
43635 40192
4288 34487
38875 58843
55824 56748
35362 44240
71099 5303
27152 35762
10612 60043
44001 10518
7185 43637
67468 4113
47709 17125
6759 1400
14545 2519
50195 39677
47919 49896
60995 61620
5358 49810
47917 50908
48030 4717
22973 35427
8783 49171
26833 43993
43900 48077
70731 67186
14885 55642
62718 53372
27499 44844
29549 17347
42004 45383
46231 34287
35044 25285
66004 64072
55435 36916
36326 34954
7139 10920
8306 58966
48866 11115
45250 41762
59299 66689
63731 14880
65727 3016
69034 16847
16084 31846
61626 9754
69718 23214
69843 48941
38308 8515
59242 20186
48254 31057
8602 11454
24688 9885
60015 1265
11444 1763
10509 44714
51208 9226
23438 20480
37798 60394
10086 43372
21597 13872
36169 15988
14684 7362
19393 18182
65055 10638
19727 24324
68248 12020
2975 12005
38427 504
70967 56751
17306 30550
62116 27554
45443 6554
55068 10409
58178 50712
2816 41997
38210 69381
24781 62397
8251 25861
2889 24388
30452 61501
68108 8031
44025 58002
44931 24239
42770 66531
63721 828
69490 10428
71889 23050
58361 25916
60032 34507
39857 18861
17296 71041
40173 24818
22510 16255
34080 9933
29725 24668
63471 24517
48746 42128
37768 29848
6203 21290
19444 51730
46285 38892
21076 54039
70166 66409
37388 37409
22985 55906
20118 32893
21136 45189
31183 69541
15325 916
5394 36891
41501 21138
16578 8077
57789 8230
34133 64740
48454 45119
24183 7918
26891 56374
4547 10480
41543 58450
45069 1573
19392 11565
48879 41734
58777 47380
70762 8635
21312 34399
69946 41821
39527 59086
15924 46939
3267 62974
53027 48555
65460 65497
19056 39354
41972 64106
20455 41088
563 71555
71585 24942
43422 29900
38740 22355
62117 5597
37989 46255
19279 53705
57948 60942
44393 60509
14722 42516
5254 52854
18275 60769
15320 60869
40381 59268
3251 20013
52643 18624
28884 50537
58455 3209
46845 18276
12122 41514
42778 19581
7214 52353
25579 47935
69001 1829
29117 56936
36429 22647
25653 19797
2956 24106
10957 28442
70571 12432
58388 2149
11453 51288
67082 61904
51698 19648
25487 35507
64287 44213
41650 25921
67051 2842
7347 65186
47326 51411
52109 39784
56052 36395
48449 24897
50609 56736
48868 57031
1598 20949
37310 63877
45210 7833
46053 13896
40382 8770
58403 42374
11482 62483
28272 37922
58225 18544
54475 30822
58000 67996
37832 64780
21469 28365
55553 54572
54290 64292
18294 1700
11283 40372
18828 20789
27235 44379
39746 56230
62209 15971
68853 16965
43964 69421
49254 36949
11594 44709
868 48937
53669 16795
54332 48440
22924 62066
60571 8274
17948 2322
26118 58600
24381 48498
50040 54658
37941 32259
64303 27454
5536 42756
39583 30598
64763 40965
60746 62415
29429 36770
3518 44664
321 43393
20189 25478
34430 16664
39344 30006
61937 31067
16277 32650
54678 64041
23511 61572
64473 2543
32080 41086
3729 66973
15645 12529
36336 50351
64626 19446
8746 42160
47417 10658
62979 69368
57157 64349
33805 60646
62396 34867
15675 8773
67178 58915
2300 51063
34019 25321
21345 36204
7670 18755
19155 47682
41902 7737
60430 32321
17760 29273
46844 401
21406 42889
6933 46684
35740 19153
47339 35751
54987 41948
46660 63531
6386 41179
37993 70296
38229 26223
69418 15777
10070 38748
67354 7939
25404 25552
24019 68617
21907 66078
71266 32536
41447 49285
39463 55443
35581 1431
12562 39083
70048 34209
46089 26771
1691 18883
17951 38811
67918 3314
36886 3778
48892 55237
63557 10317
44606 48318
21369 60941
13425 19349
28558 58548
65980 50073
28982 20576
24697 58215
68899 41169
69743 14123
14938 35856
54703 59762
60358 36170
10014 25924
15279 59420
17201 37325
2278 21352
62852 16848
45641 2223
47523 16242
18221 6872
57926 42800
44833 62535
22572 48343
39936 18580
3770 41323
15545 49156
29145 3338
16871 56920
18660 42453
29698 51844
40296 23331
16430 42810
17068 4527
10303 37082
55681 42470
14644 7322
10189 65101
2465 8373
63473 8900
56525 18339
5573 19867
25737 13403
14132 21415
4299 30804
67303 12041
7769 46804
61484 44324
15588 54086
33163 45033
5673 9120
8684 64548
1347 52503
12649 71449
16226 8147
26218 68771
3836 54573
11899 20315
19079 71841
36357 11728
45592 27166
46164 58786
21045 20849
65620 15106
31697 34178
66180 29806
8958 31361
12990 7408
1833 3176
69316 6880
28443 29560
25107 62744
36944 5557
22515 5529
70403 28705
568 30496
12935 20006
28052 65613
66086 41873
62222 42330
48034 2524
24265 66880
57628 37964
14068 64518
23705 3082
49757 8908
55587 26231
28086 4720
67404 27373
29826 30082
53423 64418
41194 938
16203 45795
61067 10568
14460 48250
68122 66736
17815 21520
64988 52060
37785 27890
5323 70285
10781 964
43007 36886
64712 34819
15168 49061
50435 66963
37174 50911
59893 20954
40896 26423
58191 33591
29606 43842
53384 25661
38089 42869
56094 34124
24745 51464
62348 15620
48162 37406
23501 59199
1676 58399
13786 67084
51953 53175
57418 26817
68507 24227
11142 14771
15627 5461
18792 50785
51749 13990
52511 26947
13333 26234
22115 39140
8482 28095
47673 39764
26095 47309
44386 60789
26249 7127
52991 30122
16091 33074
30523 28418
55667 66991
65420 3122
36506 40620
35780 1621
52460 28368
46675 23714
62368 43770
63509 27048
67033 65483
36555 42908
19317 60016
59590 51217
16016 21661
64139 64446
65179 62938
30255 37401
17644 32574
3896 10181
6928 14059
8943 36
65292 4090
3507 6558
23475 35945
50153 2
42855 39774
20020 58335
39683 20905
12627 12745
10030 48242
68151 28221
64513 25007
61083 55466
38478 9975
65261 36698
64259 54721
66165 2936
34297 38990
45039 4587
70849 15739
71647 39591
2317 18592
4142 34436
56415 59891
15616 26826
50284 15772
58998 3981
41230 62457
49328 22883
58007 1881
60249 14757
4717 30777
4307 59670
23183 35801
39721 35399
21515 2957
64420 62879
17628 8295
40955 20093
50998 28243
63892 8541
14337 52107
70700 49470
61581 3919
62379 4871
20488 65199
7306 56688
51300 61041
34524 54058
64841 22941
49519 1740
46238 5772
37282 8259
42007 36809
3690 36906
5914 62806
16804 26569
48027 35034
45728 3200
3526 35647
44730 24651
49883 30779
12760 58719
56119 256
45239 5784
46841 57062
53993 64033
46042 30346
32012 6199
32456 37555
30753 47715
40908 11589
11134 48143
8586 61929
39966 71381
15004 21483
44250 48925
22254 48664
2584 70880
70572 19097
42745 42037
4900 45455
60413 53347
55375 22802
67471 52663
55204 48774
34947 61275
2675 45540
61565 38332
2915 19351
41487 64817
49511 71077
51158 53455
42261 47230
12810 56586
64011 11331
13115 33188
26989 18041
44036 43622
65899 47012
44505 61153
21841 59084
39259 70676
47623 21533
57147 5605
26445 45018
65137 66369
9873 19013
70233 44781
28060 70807
37665 20897
34755 18288
6231 51951
38971 10715
52695 54917
29608 14665
12054 65718
12417 71303
44151 5503
35831 68101
8818 13608
69608 530
55982 33387
27491 21588
10049 29725
39564 43896
66145 15326
39310 42663
56743 48933
70773 71887
26225 51769
54305 68567
52731 51486
32934 28715
67551 46024
59406 53478
71771 13950
23672 29598
2439 59462
67663 24685
24451 79
65432 64908
27913 18921
61250 9465
35119 53231
69825 39697
56850 27427
7849 71037
68455 12660
26300 25036
47747 3081
60620 2126
19366 4077
31507 38770
19723 15870
39358 27144
53774 9351
41767 8785
8445 33219
54060 59324
34988 15592
37624 55302
21049 46861
30951 52823
53198 1386
19656 39350
25155 44980
3632 50823
32190 49141
40704 27322
60839 39818
63621 56168
57165 62711
55315 5489
4851 64401
26476 4132
20888 65536
35745 41895
17883 46072
3820 4069
33869 33526
36409 62076
23067 50300
63681 70651
2610 12846
7252 55405
11001 46014
39057 64266
8334 3582
53348 49804
47637 5069
52022 63891
18424 11381
30939 62243
14672 33051
65569 71269
15813 12066
68415 32164
68847 12322
33005 59597
65071 49788
11830 44222
31206 31638
16028 61510
51112 42320
30925 40608
55427 59140
18911 28385
14001 53820
22958 12446
28064 1350
35986 16828
57603 3701
53527 66362
33333 58253
7331 9058
64273 65808
49114 23755
14807 60710
71532 36011
55546 50880
32290 70211
36404 6386
18994 15424
47579 67730
62289 22796
2763 5219
4563 38049
7167 43440
31415 55933
33159 14376
40537 20290
47561 10070
15998 63196
70112 63734
30984 32643
57987 747
50918 50765
1032 23152
51509 49378
33494 5751
39439 39621
30863 23944
38984 29285
27576 44574
21002 64665
57521 29981
41574 58284
53254 15217
4441 13309
35919 21553
10499 18246
64448 17302
61747 57423
43611 65031
55361 48061
13160 56358
34206 2692
66367 68836
8699 48273
46119 71236
71792 13937
42831 54870
59410 62084
6829 4396
24084 36557
58118 57186
17838 55346
404 8774
52516 8543
40049 11436
41121 34443
10779 46877
14527 62211
20687 52603
32717 66469
17052 31881
53781 18026
41865 15862
62701 3161
34168 21234
22739 11322
42937 24484
36936 25758
26040 58472
54329 48932
48183 34473
23841 62637
51577 8759
49457 24316
29424 54167
2718 15185
3011 5211
29978 30442
11663 26536
60611 19319
25988 39367
34313 1468
22120 48741
6526 7864
52565 66873
56218 1595
19563 14779
11674 68756
48225 34851
22299 69537
15382 1161
1851 39760
68923 17965
57038 41882
59469 62966
64770 27992
15534 24729
26627 62228
24976 62689
34892 28066
37744 12983
64772 50838
50080 70963
17066 9296
56533 19152
27081 16641
28255 66830
37090 19059
24821 8913
54832 62612
23642 67291
53547 9515
19130 21592
3772 32384
38037 54200
34315 47412
30866 29537
59111 34403
32548 53267
48450 7822
60053 56607
11238 5625
1353 42007
61458 51725
17460 3627
42369 25246
27816 51220
50266 58960
55482 29455
33585 62832
9576 53285
12489 20616
7701 31633
6831 68323
43629 37700
30782 9838
61727 56721
46440 4052
703 54699
33248 8695
66132 11121
49931 19080
39651 5237
51734 48434
48615 36358
17333 51547
5391 36810
22265 60884
66028 44759
64598 39780
44457 70162
61353 40389
11751 61593
41592 67036
69524 63936
56745 50607
18586 17992
34132 61516
15315 44182
5789 11926
16761 64183
65433 44881
36832 69828
47264 67764
56373 8249
37084 32977
34501 35156
34572 35554
41027 37873
57118 67308
21625 29864
41359 41033
64393 42489
19827 31381
57671 25070
6976 45681
24763 40154
19481 25146
30129 43909
24005 67853
4701 53942
61637 36507
34109 34592
21438 55555
61229 24688
57204 18256
15208 38669
64869 24900
5347 47381
57871 71143
46730 42093
63597 68173
60000 22730
64617 15364
14745 38203
19406 32379
16208 44221
45824 65137
12266 49152
26704 32196
37240 51332
23679 63484
22059 60173
66682 70440
27840 44748
68946 19182
23668 33388
54581 33101
10071 16310
32265 49357
65289 51522
12361 429
43078 8723
3403 24764
37262 33399
15990 64888
51665 59607
48964 36319
13903 66994
42407 55115
20156 26109
3785 34826
10626 6684
60324 56061
62896 64168
59514 14167
35301 62439
761 57302
43179 50710
59389 41045
42588 15656
16951 18315
27705 23738
37088 16111
42359 47361
7280 7144
9270 5379
71717 9212
49990 36354
12131 14086
52280 71892
33445 70153
23333 35182
31468 16702
52287 12569
11691 55479
2689 26856
27293 5235
21357 7849
50922 1292
52743 14606
37348 44251
15808 36330
39132 56336
64337 30211
56671 28894
40646 34962
17209 46341
47061 30981
12598 19885
48164 3009
67195 41513
26198 28820
64176 22524
58386 50237
50868 71004
62448 2286
35191 21024
55453 11951
11826 35354
55383 63735
48266 16327
24427 12542
56900 32270
55839 53268
12183 28964
5301 31723
67285 60229
44794 21712
60756 22747
29391 28881
20326 14076
64923 416
69112 31297
68771 40435
11007 57042
38104 50686
61371 27970
57326 13156
10379 10748
62602 53548
19479 58214
16750 58003
39376 50394
56064 49829
38730 70945
6256 35616
10032 26887
5911 64425
67295 57233
14108 68674
66933 44865
55695 42216
54136 65410
12385 66527
60904 50843
33212 26932
46591 48885
33406 18942
10718 10140
65988 22071
2133 52954
14934 28565
60671 41185
23535 46304
23883 35933
5933 32607
10918 38100
54559 49735
39014 61567
41150 3182
59638 31992
58976 8480
34744 59277
44740 50970
24536 45244
27666 47124
24260 49935
10253 2687
33990 58370
13937 55593
56859 11726
70042 57326
767 33414
51765 45644
15294 29958
1744 35275
62538 48051
60315 34061
53097 62722
63796 20723
39689 28723
47282 67787
39670 69591
11487 4758
16396 49997
1819 47786
25009 6289
14669 29961
2083 20809
24671 12109
3515 6563
27425 32820
63061 10389
31691 68847
57120 33443
70594 59389
25024 19534
11285 38425
39442 57134
60743 36506
19421 24383
2860 30028
15265 53670
21772 40842
19979 21841
58362 68225
63577 8753
61800 30385
2573 12095
58919 23062
31802 37781
26390 61637
38645 22011
51346 30966
6675 2253
43759 25610
1033 10099
13457 8832
54485 35265
64973 69987
38113 16271
4852 60626
63898 48357
63715 23452
63951 20018
30397 69948
69247 24486
2493 32198
55313 1147
41400 22518
8325 35696
35108 67273
54676 65656
62042 7452
15328 51617
64853 17689
45452 21890
58763 6337
57178 61482
2728 20436
37751 17340
25193 31710
61505 48129
30423 36606
66537 60609
28797 32217
61403 59631
17192 22957
38456 14402
51167 32535
54639 5541
47220 8792
61909 17814
21238 76
27160 37645
37023 60395
11298 69324
63294 64220
16921 51776
22714 70972
26147 52940
20489 68820
64512 61161
13226 68113
54524 53111
64714 68613
39801 53436
30766 21876
27451 65950
6167 65501
2377 16547
34185 4774
46799 27118
20789 9623
22901 48170
65992 15144
4191 54056
8345 50145
44268 49276
56443 39259
14939 48972
29713 3130
15819 41229
29373 63862
63749 26045
33794 28256
44607 57087
46563 19290
6118 58975
35061 18330
19816 39581
13651 51952
6609 32047
57387 18654
59918 2147
14540 29763
13880 57545
13353 63803
5502 52330
66494 61126
13817 60976
21896 48703
15475 26830
26921 60726
20583 17094
38290 54500
66309 6731
13015 32161
20224 19076
47676 13276
43858 38722
18059 49026
16120 6963
26463 45948
57555 60961
54494 50667
864 56805
32155 10240
62085 38529
44738 46501
37586 67183
66195 5312
22448 62844
11172 8881
34868 46201
48816 43445
54397 25360
47271 40678
32172 1450
69423 19129
55276 35339
29909 7850
18088 3236
56207 66783
54187 28665
53649 68301
60130 48663
67654 58768
47419 52877
3902 43784
58010 60332
19083 45473
1304 37346
67810 48231
11113 6674
44343 16161
41263 57462
52646 63900
21539 56808
56895 67368
8057 4740
51547 71827
4862 66316
19786 8820
7578 20098
68129 49536
38762 43274
54960 35011
52692 18869
39889 18640
45110 25734
1036 12215
36672 50318
69179 36145
52945 51695
58483 28867
26888 5491
71359 39704
57953 1588
45253 17425
53020 25493
25860 54838
39523 25384
11047 54735
4846 19877
70443 55957
43843 71704
51118 75
16516 8681
68220 21417
70883 4911
37215 34801
28015 63264
12167 8663
40928 28718
68333 61382
20976 21707
3070 64682
3656 10482
70771 60242
33908 44924
31633 48775
39839 61464
55411 33828
66228 71818
14476 43333
7858 69037
48888 20395
34047 68164
