3649 15552
820 8701
9013 18956
8025 18928
7315 7457
4573 1683
3359 19121
17871 15744
2849 5588
19350 17179
13826 12459
1042 4843
977 7937
3071 1035
7165 18762
7624 3602
16560 6252
19727 621
870 14452
18391 10280
6516 13723
17857 4963
13747 13532
7224 6682
14720 13448
19310 16444
9116 15454
213 2041
5232 4525
13849 16997
11150 6795
9106 18380
5095 10652
7056 15676
11030 17219
3350 12348
3040 10282
12450 5675
3170 15063
11764 17470
11271 11218
19783 17901
8668 11610
1424 8663
15055 19991
17572 15866
4091 6301
12404 8078
2583 9143
18090 18288
9607 9782
11851 7369
18919 9753
6301 9471
2280 6793
1502 16024
7468 10389
9483 15723
2615 11430
7629 18367
3310 8961
12456 9431
9109 3994
14858 18792
11955 17800
5330 12442
12131 12929
11642 11310
6866 4800
8749 9518
2340 1379
19961 9426
5608 2590
17503 11350
8022 14496
5355 8404
15148 15699
12434 7012
8846 6622
18251 17649
7197 8885
10627 18417
1833 8901
7506 4499
1052 3580
10337 19230
13146 7841
8774 7945
2169 1664
6914 17402
18586 7395
10312 7630
6968 1721
16359 3284
12965 13544
15036 10824
4682 15480
8680 3295
4576 4505
8082 170
18395 18034
17662 5176
8610 13334
19156 15588
14039 15646
19122 6536
13088 9413
11862 10525
7187 9353
4533 1939
16697 2932
16172 18814
2979 7610
1544 17536
3593 1223
5009 5737
5243 13694
13834 5761
19544 1191
2082 13009
12609 16233
12505 6106
19527 9486
15338 1228
17339 304
8239 9778
18129 18611
377 19752
3754 3517
17596 10979
8744 9325
11147 14889
3656 17803
9618 17181
14247 16185
5183 4398
14868 16523
107 15337
8631 8941
16404 6319
5855 3692
16636 10836
3487 5325
9780 15038
19955 8431
6518 6102
12253 462
5294 11047
17675 9668
17379 18606
19 6330
19627 5751
10622 13288
16011 14015
639 16885
3666 10746
11895 2843
10077 13135
7847 3126
1899 6055
7893 4608
18592 10604
2581 8129
2807 224
15925 8546
2268 12569
17456 7718
4121 14639
4208 8749
15575 10802
18016 9895
5411 19087
8686 18773
17291 375
19877 8571
13866 11782
6941 7744
17672 2036
6592 3874
10215 15251
13075 10054
12237 5234
14356 13285
16960 16467
14795 10191
3966 3848
8124 12044
7363 7237
2099 7181
11079 4377
690 15670
19278 5020
18151 14909
7541 19849
19283 12243
7217 13627
236 17998
2327 15429
1930 17614
7502 7157
2209 8109
1030 19524
10828 2683
2322 17220
16848 14640
7799 17308
9126 11855
15907 2560
7021 18487
17670 3677
4336 2024
18712 17946
18882 16564
15489 6625
7963 18767
15499 17586
13339 4911
6240 5392
3091 10752
3177 17051
14125 14479
11610 3809
13880 6731
13471 19109
15304 16018
1776 2980
3225 16724
1987 14598
13194 1824
11119 14859
3581 4324
8148 16819
6279 13613
6233 14969
17574 18479
14701 1892
4594 18311
13825 15152
6013 10099
9128 714
15160 12975
8186 8339
2471 99
14521 7141
18034 18951
3209 2394
1658 1485
17714 13884
484 11290
3057 2090
7746 17733
5450 1975
13318 2262
15914 15469
15774 1040
7005 9408
13142 13398
1922 5898
5395 4438
12419 13775
71 12271
12794 12534
8691 14698
14910 12370
9348 12310
13862 2630
18212 17672
15948 4358
5073 11396
6223 3888
9723 5849
7134 17605
1917 12880
18979 17330
17767 4173
1998 7298
10277 114
1874 745
1644 9777
19143 15172
15624 17841
16478 13898
17404 17431
5159 12429
1864 7526
16641 8111
2626 15094
6090 11343
2246 5084
19499 9033
2227 6177
7708 3698
13231 1056
3929 13738
18668 513
8068 7887
18971 6753
19482 2205
1303 3307
2687 19463
13738 1101
19126 14629
18522 19589
17131 1596
10367 8020
8545 1450
6694 13182
10296 14384
7822 7679
8704 17687
12970 7120
4289 1850
9831 4592
14983 16512
10361 9479
2378 7674
306 18878
15018 10450
18449 18923
3277 19593
2401 10508
17618 7763
6985 9889
16577 4695
4341 17081
11437 7244
2255 13552
8005 9847
12109 9017
9339 1998
5170 18243
14359 19388
17801 5739
9913 13999
17333 18215
257 16241
18174 1537
9811 11286
3395 12490
4401 17186
8667 10445
3783 13643
3508 13378
5094 4890
8925 9827
9233 12336
19820 6026
6902 17627
11236 15517
6672 7897
8651 7385
16562 9855
16009 4731
8229 15173
1665 1889
3025 18429
9067 13523
1445 13649
117 18262
10930 17367
4287 4394
8584 12728
5295 7958
14479 8356
18078 6663
14015 10823
18380 2591
317 14739
2466 12160
4885 3030
17878 17552
1181 6242
12099 1689
19088 8797
18106 12360
4853 19824
14084 19757
4177 1296
1371 2385
10102 6166
11949 19254
1308 18313
11725 7112
6884 15709
8177 6845
3369 10911
11590 9935
18347 503
13317 6941
5065 6227
7758 3845
5325 15694
5802 7950
13511 19806
813 6702
5878 12997
10886 7843
13492 18091
8132 10539
8743 9276
5217 12474
3543 15279
12536 17487
1269 11773
15424 10107
7289 11785
6540 16804
15084 16295
11458 15271
10001 3232
7458 15385
7305 10494
776 6657
6329 12148
13057 10254
10757 13564
9130 1499
2275 18433
9147 7251
11507 4782
16693 532
13097 18131
17571 19138
10852 18978
905 13684
3780 9673
8560 4995
5852 6429
19025 10810
8699 7538
1254 12447
3553 18671
19549 8053
14240 16362
11328 18044
10279 11062
14300 8433
19865 16012
16759 16076
3790 15101
12623 5513
18894 11541
6229 5547
8347 4587
1455 17910
14289 16002
56 6031
17037 17765
17644 1925
6457 17169
11935 1109
14133 2436
2293 1590
10820 210
10287 13514
4084 4506
9841 7584
16618 2228
10135 4949
13383 300
10689 7168
13186 16572
9689 14943
18167 12230
4171 1981
6287 15834
13778 15987
12424 516
5703 217
18649 17440
9862 18077
13307 13479
17955 389
14 549
9958 17348
9402 9003
6888 17556
14087 9395
19005 562
19880 16457
10560 14110
15237 5875
14477 3507
14489 3157
7003 17184
16751 4880
15506 6290
5561 17251
2779 8272
9300 11615
16891 8760
10984 13006
3061 12225
7697 13305
10172 15041
7362 18514
6526 7970
4829 7401
801 9830
1515 2642
8024 1039
15570 3064
2387 13281
14924 12428
13581 18111
18864 15598
6372 1839
12583 310
16200 5616
13096 2710
7995 16380
4836 14219
182 10856
3493 18542
13932 3125
7171 17307
5764 1395
16973 7529
15223 6928
1646 18573
18266 15582
8166 8884
3977 1526
14958 2437
4370 9188
15226 17795
17405 18466
18315 1079
19512 5878
10398 10306
14503 514
16541 6789
13984 19236
17953 4725
14612 13052
5216 2522
15555 9807
14748 5324
8494 18480
8102 7880
9087 18570
17082 12752
15880 17714
7840 10871
8999 12578
14414 4586
2539 2570
9363 16410
7684 11334
8904 1760
11006 3201
10477 14323
17700 7607
2641 2491
4535 11161
4943 19831
7578 19517
12552 13000
5008 10695
7011 971
2105 8957
13595 14764
13357 16077
10843 7476
17781 11660
15268 18122
13625 12302
2041 14151
6778 6087
13768 19198
12763 12455
19140 2809
641 9679
18865 8076
12465 2409
15630 2689
194 8781
11527 5054
9785 12452
12780 5056
13731 12768
17637 10377
17896 11820
19768 3492
7227 2999
15999 171
7191 10102
8944 14574
14282 11794
952 8840
12743 3350
11015 4342
13249 2861
5409 6141
15316 14123
4183 14708
884 18252
12912 18178
19396 16792
18494 13371
889 3385
2751 861
14045 2937
4447 11598
15129 18161
5955 3050
1648 19561
8525 19597
12423 10631
10727 12624
6936 405
14900 9564
10711 13560
11060 12708
9118 2776
13814 18335
8267 7955
2684 18742
15412 17076
636 5557
17676 12476
1707 5555
11468 4550
7348 8812
2249 9868
1320 8796
1017 16159
8103 2074
6533 5480
668 14244
4994 9043
7817 13799
4137 9823
15518 15868
3749 2521
18481 11834
7143 8248
15239 8081
8397 16247
12088 19458
5499 6408
19854 15004
19899 3506
5367 4440
10193 9984
18963 222
842 12967
10223 10887
18868 12449
12299 10799
12998 14426
6499 10969
2491 14111
19402 19478
7958 4461
3340 9845
9883 19767
19675 6582
3967 15697
18545 10296
1346 5821
11378 13050
17457 10458
14038 9551
12143 16090
2260 18871
16580 7944
11182 10679
415 12323
13765 9185
16063 12876
3459 11961
14206 3732
11869 18477
15065 6548
5014 19407
14271 17880
5772 5896
17097 18026
8851 882
17635 15127
15844 6870
15233 14368
14273 9547
19415 2267
8795 13407
10562 4561
8045 9924
2840 7931
9140 8280
14772 5051
7991 13866
15228 12354
18673 2424
11024 14716
941 19594
16198 15704
10651 19079
5959 13134
15977 17511
6951 16601
11627 13707
8466 17815
11153 1205
9164 17594
19535 19459
9053 2785
18213 3584
333 8135
16929 11633
6261 5451
2806 1452
7909 18456
16010 13095
18193 10866
7875 14106
15601 3472
16084 346
14686 8479
566 7275
3050 16734
9642 17000
7262 18285
13252 19023
7973 18850
10034 7243
19057 14608
12093 12260
15508 12817
18137 15174
17398 19287
11265 16400
13943 4940
18036 11304
10840 805
11529 15820
14869 3426
8878 9681
10048 13631
8238 2814
7555 3804
3954 4643
6311 11415
10340 10221
3918 11242
17560 14921
6067 6779
6277 15825
7091 11414
15867 15603
9061 3199
19320 14358
17192 14826
19556 10451
9274 2202
3295 9840
6361 1465
9708 3772
7455 741
11826 5386
5880 7993
9905 16909
464 5717
4148 18085
8989 5248
1492 10846
1787 18346
18133 13972
9573 15141
4138 7598
16086 13273
3362 6045
402 6108
18811 14161
9318 12963
15382 957
15687 6466
14434 14732
11165 19406
6042 14076
1684 12742
8274 146
15655 7039
3739 6744
2142 9121
13131 2051
16114 18919
2428 3335
18908 17593
1757 6127
4972 11987
4889 10682
18444 6458
9957 14994
2792 3735
8133 8597
3882 16040
18287 17293
13638 10270
19868 19562
19534 12735
7396 12863
17124 19235
14763 3744
14508 11401
9744 11534
19285 5654
14052 9747
10007 19339
18633 2778
1974 4390
19977 10263
3252 3863
6809 7818
6915 10007
8672 3833
2661 5999
5147 12233
7860 4633
5696 16739
18088 12730
2460 13705
5130 19544
88 4518
13387 18836
19459 12574
15399 13863
9544 15948
1070 17609
7586 5677
9441 18184
9265 5468
14878 16045
2333 9465
7649 4598
8669 6131
19327 10309
6483 14779
13931 1757
3761 11765
17845 315
7367 15880
4883 4474
8705 6394
4661 12582
1955 18402
5437 16563
10080 16220
18652 16113
9458 13620
14391 14545
4075 16014
15359 5481
9965 2709
13190 18527
8921 1012
16400 7227
17695 9572
16181 1072
14345 9007
2636 7368
19597 17617
1307 9460
14157 5512
8205 14986
848 18536
2993 16231
18849 18014
19239 3710
680 3743
8832 8779
18883 17797
1319 12022
5741 17762
15418 1364
17006 14463
14491 17903
9115 7162
5948 13932
19181 3356
14284 8112
16113 9756
2990 1057
15402 14737
11402 8612
13381 11423
10922 2851
10521 14388
3428 3847
5270 7765
10808 6878
13489 19266
16236 11490
9445 19998
13123 14031
18026 5439
1203 4563
14904 6771
2886 6782
10307 1946
8271 18681
10594 11496
3799 17442
13245 9211
16863 19558
38 17655
17780 5518
15139 10606
13542 9590
1777 9481
6147 18768
16989 8761
11855 16857
16335 3121
14485 4443
1692 13488
6671 1943
8751 9088
17997 4158
4294 4349
9439 8182
14357 4793
15884 10555
3979 12869
946 16039
19952 4659
7842 18922
5190 8806
10183 13574
18050 12294
449 14811
18097 2475
13370 3051
3055 13201
3718 16896
15121 9117
3850 12094
5046 14900
16331 15993
9564 10725
16675 19070
8960 82
13615 3053
15811 15023
15474 11739
7987 2076
14968 17513
18064 13033
4740 7138
12570 14079
6246 6942
19641 16211
16655 8800
4474 10580
2288 9293
13597 11068
11138 17935
16638 18938
8755 4280
85 18552
9269 15904
9784 11264
19233 1587
19003 1506
16045 3263
4870 15060
14633 534
17649 4072
15871 5177
11310 14461
10894 14960
18086 23
17808 14019
12361 6630
14921 4323
10545 9892
6182 5210
7826 8980
18737 3059
12550 11811
7654 8205
13461 2701
1431 12185
10427 5424
12493 1697
12652 12988
4985 10011
16231 7673
1214 14066
16460 2989
19340 3119
10879 36
3289 6994
14428 15625
3268 2554
17235 19454
14973 7412
503 17022
4724 14584
13435 305
5059 265
2452 11259
15385 3952
8685 13839
11094 4332
13025 15654
2632 2321
10767 7503
17486 12553
12453 2928
10377 3357
15990 3382
17729 10268
1177 12045
2243 9806
7693 4494
9417 12542
2962 4363
14221 4682
3226 2242
3294 17384
14539 18458
5452 278
9813 19999
949 5378
1508 14422
10630 11508
1839 6982
9614 4961
11747 13491
12283 14497
14113 7119
4771 2841
8002 3293
17406 4588
13503 4036
5901 19320
5571 12584
5737 11520
2588 14071
19972 4582
7892 8120
16308 9076
19109 2761
4690 8132
7609 18134
15111 19694
8323 19662
15060 19910
8367 9337
308 879
15246 9885
9426 6733
17911 16966
5177 19888
2421 16697
14475 6182
11324 12837
19254 9685
9803 1789
13904 16217
8196 12645
14970 3695
9900 7900
6528 16371
12606 19462
15834 2327
3495 17311
7773 396
12497 11833
18741 10371
11763 4325
18836 12676
9696 18625
9675 13791
719 11974
8995 17904
266 5662
1608 15435
19871 2392
16277 547
9379 19247
19893 2213
11545 452
7177 8592
6231 7070
8213 1306
4482 1982
3184 13041
1292 9388
10124 16419
14445 13880
1094 17583
18992 17618
11956 5004
4307 9093
2954 2740
9671 10156
10706 16755
13616 6659
5756 5092
6580 17577
4331 10707
11989 12804
17395 19217
16443 2167
8931 10164
5392 14336
8421 7820
15790 1898
9672 8012
11100 2826
3774 14238
15347 3801
2468 14857
4613 19951
7393 1804
13023 10135
18263 5756
11986 3914
2960 416
12930 4497
457 372
8666 5369
17583 16267
4050 11361
14903 17138
12078 16949
8591 8496
19155 5472
12486 12186
12173 4160
3551 8807
7662 3869
15450 962
821 10978
18397 14069
10749 8913
19992 17166
7254 2093
2072 8617
15214 18896
9903 2526
13380 16258
3824 14916
4581 16738
1486 11801
1220 1817
9974 16372
16143 18576
3806 5469
3185 12049
7694 5155
17615 8360
4446 3372
12736 18806
14865 3780
12158 7485
17702 16674
13734 85
19246 1444
5064 403
3245 8014
16035 1507
13374 15459
9167 11927
1073 12550
12142 4918
7120 5865
14529 1159
14572 18117
7737 13742
11885 7357
3256 10545
12037 8136
17842 13640
11754 10484
1985 8889
13047 2553
9041 18729
6220 12217
4003 3913
14901 16451
3004 1726
19568 5877
700 7314
10929 16901
7982 1505
4127 13138
18501 2259
6725 15241
18161 9251
6789 10181
19215 2831
7077 18124
7635 14967
19530 262
93 12089
9086 6576
4742 9555
4260 18475
8214 9959
5718 7949
3603 15202
845 12068
4319 19389
487 16167
11739 6404
7797 8033
19296 4934
10610 209
518 13437
5710 784
8696 7635
1718 17746
4154 11352
13795 48
17239 12330
3725 10077
2083 3407
15606 6724
14690 17361
11864 7805
16818 13757
19454 16123
3574 1963
14812 4666
16510 9170
7260 3049
1421 1439
17087 7585
9884 17032
15010 13536
1021 12206
1994 2783
15696 19031
13161 3132
13969 16562
3538 4375
16066 12923
14535 2453
2409 19396
2648 18607
10555 14254
19933 4284
4861 7759
2153 9558
4136 8553
9012 10323
19182 12877
17969 10691
10656 10423
12482 14836
19576 8912
17386 7655
9664 2448
16566 6643
19839 19160
14097 3571
3250 5093
3750 3463
18067 5387
7046 15272
14093 10291
14797 13321
7488 3957
13560 17562
11107 11741
14861 6804
13066 14809
13632 10103
3116 15183
10242 8684
13985 3930
10241 2963
8353 5165
12266 9969
5002 19770
15541 1322
2200 7046
2798 10742
14152 4861
3165 8134
12211 11657
4264 12985
18232 16826
1966 1605
19218 9793
18403 8526
18406 5698
10802 1019
4006 13252
13462 14818
11587 18218
13859 18027
1686 8188
10239 3104
11523 3340
18938 4581
16627 3980
6972 392
5071 2021
15801 7284
7349 6493
3547 13127
11473 12198
18228 2754
12045 19082
3765 19206
9129 8482
18813 2458
7411 715
14062 2113
18382 6480
18244 14531
861 4221
19956 3014
8764 10865
5912 4015
8955 1400
10125 15106
11136 1660
11503 5505
201 14194
5945 12944
4695 967
18558 13981
13133 5663
2281 11599
4649 7036
1005 6133
3007 9011
17383 9171
7050 14615
12328 4871
13758 1136
14866 8054
11171 9671
5158 16348
12126 13501
10212 18045
18599 1999
19538 2875
2784 9168
1724 12551
5099 17230
1631 8165
2674 640
8917 11768
14520 15719
13895 17843
15915 15882
13572 11274
8952 16463
7064 12727
16789 8862
3730 5893
11311 855
14088 10449
3634 19567
9282 7177
19436 961
15946 9206
17267 1920
10107 15457
1489 17349
7226 11713
12952 19137
19639 7628
1796 5231
252 3282
6699 8122
9877 7903
6922 8734
4497 17488
8373 1833
9485 7190
10752 18865
3932 11627
254 5693
16299 5771
14112 7752
5758 19416
4234 10421
12459 11757
17452 19385
16393 925
18309 11524
11606 18601
2362 18469
13012 4657
1387 18452
14295 6169
615 16130
15066 10128
2552 5753
10259 16071
18867 1244
14067 2958
18790 1841
13253 7623
13687 19716
9487 7170
3775 654
13273 15663
684 6602
10643 4276
5632 11166
15077 5816
11858 1952
2888 719
14311 4841
3469 19223
14277 4642
19297 3635
13122 17246
17170 11957
2578 2377
12969 12242
10168 19203
11126 3311
7261 11029
10914 10572
5510 4472
2503 5162
16728 14316
3737 15965
17387 10397
16711 5709
6354 18415
11449 11693
11505 7316
4840 19299
7743 5746
4799 12399
8388 9651
6465 5824
5686 59
19740 18771
5010 12832
2470 18596
5805 1062
16192 5967
15203 19740
18473 10428
18989 7239
14710 18532
18498 3412
10591 16259
10360 4609
4947 10852
14411 2550
2238 7799
15366 11365
9923 10470
9001 5502
19380 2908
1841 11002
11533 14636
16625 374
2432 8691
15131 6871
14809 8177
1233 2222
1865 11485
12083 8411
9407 3541
2515 42
2959 1578
19467 12647
16616 14360
12599 13752
15163 13567
19017 16158
18164 12410
1345 11510
14737 17893
18733 12300
6169 3324
10536 15712
19825 18942
15586 7392
16429 5330
4944 14788
2028 2416
3392 1095
11254 9664
2764 658
16534 10444
5655 8557
1283 3432
8119 2432
14399 11201
17173 5575
17130 12304
19983 5273
5202 17926
11925 11074
12218 19466
9270 15819
12695 1016
13395 14134
11088 5407
19592 19901
1716 14228
10966 5148
2160 1755
10804 3319
3097 10850
18284 6736
12667 6226
9311 13412
8258 18158
19750 17699
4928 8693
10924 9225
2671 9746
19096 7784
4635 3143
11463 1627
10166 12875
12844 18736
4226 18012
2777 16088
10145 5033
12344 1787
10764 11824
4188 126
17249 14012
3063 2872
13875 9652
16663 19668
11857 15740
598 6543
11882 3179
10121 844
5907 5598
7019 9563
11198 2685
15935 15518
6292 3785
7424 10105
4508 13025
5078 15432
2529 16027
9693 2987
3315 17830
17688 12699
17254 6059
1237 12158
11036 12500
4295 12105
19571 6114
12345 1463
5055 8628
5317 14410
5926 15240
5425 8632
14342 7414
1432 8801
13464 18490
11938 2020
7784 4953
14556 3169
9337 11266
14711 17743
7668 13566
17499 19325
7838 7456
10141 18141
15369 12685
6358 17124
12054 13718
18692 17548
14438 15560
9234 7722
12514 15607
16480 2588
17284 12937
13719 1138
5311 16453
6544 18718
19814 16936
4536 18727
8193 4832
1710 3942
15748 14715
12164 5665
18172 5478
16906 6944
4086 6316
9341 4135
2749 1399
5254 13874
8939 2568
14724 14267
16822 6617
14336 4846
3006 19499
7276 8451
14783 10478
11456 2196
874 2852
13596 12718
1746 18231
12992 13021
16450 18090
12254 10687
7726 9051
12654 17030
2675 15013
12286 406
7358 13750
924 3688
10443 13581
3247 4904
10987 4857
4786 18567
4509 19094
1256 3462
9401 18439
15482 3310
4548 9375
15372 11268
14700 13465
173 8656
2597 12552
623 15912
8387 18745
7067 19955
4900 15501
17984 5643
17295 9025
13870 13205
3644 4714
7787 19945
9869 13164
3993 1271
1565 12970
7814 10863
13757 7785
14979 1616
2059 15572
3633 12205
16379 663
19554 11072
17566 9931
539 10190
16888 9187
18844 16110
7928 3219
4705 7470
9545 4404
14066 14520
52 10515
11562 8829
7883 13657
18700 2926
13651 6159
6138 14475
17154 6927
11817 13343
2218 15875
17238 16925
17829 12253
16634 1842
18159 2151
667 10195
12795 16607
15406 13219
1427 4445
12678 17180
12233 18635
8312 949
533 5694
11702 6317
2214 6578
11299 8176
7902 1084
3397 14957
19068 1657
10896 11809
4372 6525
1453 8978
17892 12071
5738 15212
15225 16552
15681 13008
5973 4060
4419 1002
2068 7928
14998 16017
1212 14618
9616 5820
6606 19231
1436 18067
6537 11461
1374 11281
10342 5359
10161 8476
16889 2962
13050 9342
17795 900
15513 12667
8301 5339
1200 18752
6263 7023
9376 7254
11698 7377
1567 6775
10877 8818
8953 13419
4079 16820
12060 292
14319 15536
13108 4336
14410 5676
12670 19699
11110 7333
6122 8271
16260 19935
16303 10010
12038 9024
17016 13888
8740 12337
2708 11427
13911 8258
2587 7151
14111 15293
19742 9901
5914 17061
17875 13014
9627 19153
10526 3353
2624 241
10746 16762
9688 12263
10044 18398
19747 19457
13963 19958
5461 9263
14546 9781
11520 3543
14652 15786
1388 2092
11553 11020
14253 9060
8997 10655
1880 9073
2459 8558
13311 9791
11905 6173
16813 4913
4679 16951
19909 7875
1141 1861
2204 13242
7734 10473
12004 835
11867 16298
12546 9687
18588 8501
1062 13716
19828 13258
5028 12723
14744 1158
12156 19105
12191 6224
14548 11245
2520 7287
18807 17519
4512 15589
17350 11748
12025 16624
13043 9837
10302 5571
9133 18293
8180 5936
850 9627
6097 15427
16353 4193
16966 18319
12681 10999
18405 2927
3859 7283
8578 11642
8530 7319
14624 10063
7032 13779
9358 10857
16096 12180
6560 8539
4019 19188
4448 9636
2427 15197
14813 3860
5658 15419
14586 1759
2877 19123
10473 19016
11385 2334
2128 15474
18023 6375
17766 3927
9515 12507
9829 17362
5162 13537
5705 1772
11846 4941
16671 4502
6586 6564
4551 11229
16189 13409
862 18659
18155 4694
18753 10368
12089 5910
18077 2649
4253 15978
2826 10900
2155 5795
15685 1901
17226 155
13417 14813
18839 8963
2417 6862
4107 5525
10389 18884
2431 5192
14745 16043
15265 2885
16953 4241
11290 14212
4206 14059
18066 15644
19261 12561
5963 153
4229 1237
14177 17491
1816 6535
4069 12226
16978 10559
5015 17401
9966 6245
5396 588
5308 136
10573 8154
7389 7415
11339 11284
17004 10227
9308 4225
2585 3366
8212 16494
6433 19290
8994 10031
4102 5473
17482 2140
3062 9772
16469 9530
5526 14940
19393 17049
19027 19542
5053 17175
5610 11071
19830 14211
11064 4385
18469 11231
1350 16063
930 11772
2662 6175
1490 5403
18900 627
8673 7351
6908 4300
18748 6921
993 19324
16320 16536
9492 5538
15826 12013
9747 1225
14862 12295
2392 8382
1964 17523
5180 1593
14405 1572
13620 647
15868 1581
15219 3795
6686 14560
11148 12461
4708 4050
10243 17934
10464 8282
11318 15546
4285 5018
16875 6734
3480 9867
10457 13792
7922 3309
15286 17050
4015 8847
8765 19846
14733 4495
4617 13725
3173 3438
1659 16764
9510 3858
12588 9264
13702 3736
8136 3483
5234 16310
10730 6510
18930 19956
10248 6546
6221 8618
5222 17143
16328 6609
16867 11729
15297 13427
16344 5256
10111 1292
16298 17962
760 16265
2951 6806
12886 15751
16563 10834
7889 7685
19116 90
11564 418
1595 2917
1657 3619
9220 16191
16217 4888
19580 2952
15421 16768
9364 2460
17587 3320
268 8386
3523 7575
14121 9701
4389 8655
13214 15214
11992 1642
1483 3271
13127 5725
1677 1293
18687 9522
18410 11804
6379 10247
11880 13960
9457 3798
2410 3113
12660 1504
16524 317
14758 4535
18018 10770
9166 11716
3894 14344
4217 8792
3169 3046
12908 12211
12229 5993
11112 3731
18280 13133
11981 13116
4728 8908
6523 12640
16683 15672
13153 13820
16387 5466
1485 3705
1276 4343
4491 1922
15524 5224
17018 3399
14975 13633
4881 19358
19866 15817
16893 18644
10747 5940
10438 12444
12877 11751
9806 945
19456 4282
11023 15830
16624 15995
16703 3701
17444 13477
16052 14441
18446 8573
9824 10297
15562 17198
546 18515
12071 7340
10855 11086
3592 17010
13650 17142
19127 14184
10082 8146
19560 15792
