1825 3728
410 1481
4507 7111
4013 1613
3658 1647
2287 7270
1680 2726
8936 4907
1425 475
9675 754
6913 5315
521 920
489 4807
1536 5874
3583 6142
3812 7057
8280 2386
9864 4001
435 8703
9196 6752
3258 9273
8929 2951
6874 2786
3612 2869
7360 1294
9655 9986
4558 6268
107 3946
2616 8154
6925 9555
5575 2345
4553 3805
2548 7556
3528 4162
5515 7530
1675 4184
1520 154
6225 7623
1585 4713
5882 8956
5636 2589
9892 1211
4334 7238
712 5662
7528 9627
8786 4902
2046 6952
6202 4098
1292 7485
9045 4950
4804 3264
5926 6303
9460 7917
3151 1748
1140 3887
751 6249
3734 9371
4742 5882
1308 9418
3815 4848
1655 4838
6228 360
4555 6485
7429 4498
5978 133
2665 804
6066 9936
5821 8139
3433 4690
4375 3771
1170 9947
9981 5773
2804 3589
8752 3116
4011 4107
2678 2241
7574 1592
6217 646
4423 5062
9126 7223
3599 547
5314 9496
917 5978
3753 2154
526 1477
5169 4836
6573 5353
4387 6808
1085 2878
3457 3290
9293 2166
5156 8838
3484 5995
8180 8698
6483 8222
7518 4466
2341 2696
4340 4211
2288 7895
4041 5550
9198 1887
8831 7674
4305 1234
9578 2307
7020 3697
9561 6512
6544 9132
5931 5993
3594 1480
2267 6465
8349 229
8086 4333
1490 8792
772 2025
1797 7452
2505 6039
2622 4296
6917 9578
9772 6243
1041 6087
6305 1776
6253 3831
9764 7725
7669 411
8670 9199
4120 5375
9065 9996
189 3627
1877 1036
8798 7607
4372 4952
5574 6690
1828 1912
4809 2291
7124 743
2592 610
7434 4987
54 8072
4316 1903
8202 1593
2928 3847
8318 8808
1744 2223
4890 6368
9978 7433
3259 6079
6127 8851
2647 6867
8838 9623
8690 2532
10 6798
9814 1623
5311 8018
8006 6687
320 4584
1833 537
5948 6071
5039 3560
3924 7265
950 7286
3947 3869
9296 5943
1291 1628
1404 6019
7963 8921
1134 5877
8728 993
2061 6524
2104 4521
7788 3110
9008 2002
2706 7451
4343 1502
8646 3476
9939 9784
6933 350
3471 829
8836 5465
3296 3991
5108 2064
6538 9251
6119 3363
7178 1125
8480 9081
7398 3395
1983 9608
4062 3539
3682 3818
1050 5384
5540 2418
345 9765
9639 47
9076 4543
3771 2371
9642 2130
3609 2859
118 1802
1164 423
965 2160
3751 244
1105 5870
515 3899
5414 9648
1161 5305
8424 259
3900 2855
4563 4348
7954 859
3511 2077
8835 6898
2168 8620
9356 1863
9441 1042
7745 7803
3982 7345
7750 5932
6670 8409
3120 9727
1546 1787
1589 7406
7063 8255
5805 3630
6940 711
6736 8544
7652 4942
888 7505
1613 511
994 997
6597 7848
5560 6581
1791 6985
4074 1769
3140 8033
3117 7268
8787 1205
7351 1324
2297 5278
3007 9967
4564 2431
7580 1077
4093 2068
1236 4506
7261 9591
9017 8985
1605 5328
829 6241
8857 9788
242 8693
1529 4832
3873 7434
2725 8283
6659 9920
7957 7049
7887 1625
3503 1875
6571 9034
961 3523
2698 7047
6210 7399
36 3744
6397 6780
4346 5554
7455 7431
4674 6533
6931 6816
9106 1558
7974 5121
2537 6993
3112 4177
4862 6133
3567 2501
959 7771
9490 1100
8884 1495
999 1399
5139 1528
937 7076
822 1583
9572 6106
7812 2132
8239 9116
8702 983
2580 9609
932 9202
8321 9203
1313 5401
3045 2003
1123 6731
9750 5794
1114 6930
3854 843
6616 9838
1965 5120
9334 5762
4034 1698
9486 9469
9741 8314
652 3486
1344 2536
6869 7901
9563 3675
9261 1774
8566 5737
5184 9114
4273 6023
3347 1883
5148 4565
3911 9407
4352 3706
6485 7031
2145 9191
4916 9122
7492 431
5181 9978
1189 4382
153 2956
7509 4478
9225 5063
1639 5568
1201 5752
8809 101
3493 2973
8289 2348
2171 9279
5719 6567
1128 1141
4003 2325
6055 503
4670 1504
2585 8692
7180 3525
8901 6164
4957 6879
8667 5586
129 2579
9087 6063
4906 5106
1698 9300
2201 9769
1892 1392
1754 862
2547 2550
4463 2580
4617 816
9910 1337
3451 4459
5618 7260
3336 6948
4326 7958
8281 7243
8005 6786
4115 4476
833 3532
1513 8395
4534 1865
723 5656
59 7044
5465 1817
2144 4641
4292 9718
2648 7973
7240 8634
9039 5054
7008 745
9190 3613
159 6476
1233 9820
2443 898
8939 126
591 3350
6050 4939
9544 3461
9053 2249
2427 4187
7042 4743
2089 5376
686 1966
5051 127
5975 8150
654 7056
5863 2879
3442 2117
4089 6230
1685 8726
5795 8197
9174 9155
2533 5803
3879 1181
2663 6506
2901 694
6756 7148
407 308
2939 7533
5443 1276
6746 5130
4066 9434
2609 7034
1772 9395
6268 6627
635 6844
7712 4744
3645 1888
3270 6637
7542 342
5729 5322
5001 2816
3729 7539
3653 5929
388 1444
3165 7156
6529 1735
5379 3987
4565 7139
1138 9649
4574 6561
5754 8585
8347 1289
6549 5084
5426 5563
453 3631
1890 5457
4280 2755
2926 1252
9513 8364
4350 1869
627 8694
1777 8356
9775 3177
7120 5725
5664 5753
5140 2420
7150 3872
9933 1685
8380 2400
1895 4194
6312 3233
9447 2843
3115 9870
4174 2505
728 1235
7145 2903
28 8096
8519 7602
8822 9237
3229 9495
5968 7355
7067 9249
1147 5296
5410 5180
5144 2474
2042 7206
4921 1119
8309 7683
5068 7246
6692 4962
5345 4501
6593 9690
4845 921
9084 5767
2086 8313
3144 1216
6889 5086
6212 7566
2852 7405
9325 617
4931 933
6654 6042
8978 4704
7 1258
4979 9734
4701 8308
3444 6300
7044 7582
9503 9509
9940 9082
5280 673
7619 7369
7239 9367
7245 3085
3502 5268
8376 9913
7753 7793
2781 8215
1390 2472
4650 1014
8446 7382
5492 1696
1531 5627
3849 1382
5086 8267
3681 2828
3263 642
2415 4060
401 7173
758 7200
4012 8587
7785 8565
1194 9992
7462 2601
6791 5963
9432 6109
3186 4635
6292 6348
8100 6698
6548 5544
3998 9796
2418 858
91 5483
1747 1080
6966 5402
3586 1549
2882 9142
8487 6334
7612 4656
823 4129
9133 9875
4083 2464
1989 5462
7479 1336
2185 9548
7613 2318
8703 5732
9158 5083
9756 6422
5199 2113
7252 9750
8271 1389
6992 5073
8977 9158
7306 6172
2608 5382
7778 2094
7374 8625
4247 1532
4051 6938
4544 8332
8541 299
7940 5941
3920 5061
4500 2954
7207 3510
1270 5599
4682 7968
3842 3146
4452 3712
5503 2254
5239 2539
8850 1265
1321 4847
2268 1658
2472 8318
3789 8844
6276 8627
2504 619
3506 5518
1053 2148
6798 9786
6679 6173
5422 2528
8891 2659
7634 2963
6813 2713
1021 7171
3389 716
6884 6732
6382 5969
9570 3892
321 7278
9433 4669
6233 7356
7815 3834
97 8750
5764 3919
4893 5071
6390 7685
6866 3179
8819 6027
8948 9346
9884 7219
3614 7565
8000 4617
3596 6257
4472 8240
7141 8642
476 6860
6372 2656
5508 3272
6625 9907
2705 2268
7658 4097
2092 855
442 7874
6456 6082
9698 9086
9247 1681
445 8453
1376 2043
7023 4671
2224 1375
7565 2627
2978 4470
824 7362
4263 8411
5364 2415
3468 7168
7450 1503
5356 3638
5530 7392
4559 5728
6907 437
4134 873
1342 6496
7706 8225
318 6127
854 3863
5734 6327
3674 1338
1125 6143
660 3679
509 462
4052 5222
3267 1624
334 5494
2497 2393
3909 2255
2069 628
7759 4701
1875 7741
9241 2274
3572 7686
7620 7350
4199 87
6044 1299
2750 312
9927 3534
9950 2450
2684 8992
5097 9976
9482 8648
421 6935
5112 1822
9434 4721
6150 3894
6499 4935
3250 1997
1246 783
9701 3907
3979 7490
1670 1030
4942 8190
9838 9777
1984 8783
9273 270
673 8444
5689 9422
8729 3964
7019 2353
6072 4773
1130 7033
8290 26
5591 5781
208 3942
6883 9350
8032 6826
1730 3069
7103 1403
5935 8577
7533 5909
2507 1109
7136 8619
2886 8915
8549 8317
4426 9080
8818 334
7922 6398
7617 7703
7137 714
9708 6339
4398 6117
5281 4156
4023 267
1420 5851
4570 1107
7386 5650
3996 3951
7614 1699
9337 9534
5512 5448
471 2186
8099 727
5326 8946
2980 5547
7989 7613
3476 7841
5814 2987
4233 2210
5577 1034
4582 7499
9768 606
4527 4808
9107 3303
167 718
8465 3269
3131 687
1403 5171
3955 5081
9097 8445
3938 6525
7801 8898
8042 7757
7343 4151
283 600
1525 3132
4821 4688
3631 5849
6626 784
3987 5439
5017 4477
9529 2040
6047 6030
7754 7160
9069 6554
8699 7205
5633 6335
6972 5555
9018 3061
5420 8130
5765 8152
7435 8508
4439 4370
5024 1354
4119 6956
3778 9871
1977 2957
3156 8938
5170 4814
1959 5263
8780 1312
3034 5373
3139 4844
3546 5022
7934 7306
4531 9874
9660 6982
8596 2731
9778 7273
4637 5760
1648 7326
3181 5777
4854 7127
3728 4499
5913 940
2940 1230
4953 6656
232 5953
2074 8407
4495 2622
746 2340
894 9955
9067 7180
4787 571
8043 2069
1681 1102
201 3867
9406 6002
4659 5934
7691 6273
7844 9294
7217 531
5583 9914
3021 2514
842 7372
4137 6078
7828 6096
1870 7274
1071 1260
6566 9404
8057 2256
1214 8675
9454 6013
879 6522
2486 5151
2445 4567
9222 4090
1396 1859
4067 425
1941 3049
9144 8177
6819 8483
9934 6341
9767 1930
3698 4289
8562 4265
7382 7312
7254 3516
4872 4679
9643 8048
7026 3280
5004 2010
9317 2224
987 1214
9989 7407
1626 2829
3405 7293
3458 1439
4336 5237
1331 5693
2574 1064
3930 9012
2848 8883
9044 4758
1230 4915
2565 2581
44 2853
6694 5923
9730 8336
7700 3674
4772 1989
535 3293
3793 2276
4721 3879
4633 8095
7439 5913
1167 9078
3825 9377
4335 6045
9664 7658
3242 9039
1881 2127
8923 1413
3684 1078
2442 5068
4353 7843
2331 8613
978 6709
2719 9420
5040 1209
9326 2054
4729 5195
7196 7373
2038 7633
7680 8477
4983 5645
6595 2103
4461 9033
8200 9631
8848 2982
8091 2115
7173 7089
1318 8239
9799 908
7079 2035
4103 8489
424 2508
1497 4983
9425 2698
9620 2654
340 5287
4416 3695
9442 5670
2871 8502
7709 4654
8503 1293
7246 4106
2974 3217
9591 9025
7142 4497
1495 2051
7701 8741
5701 1531
6691 8235
5461 2763
5261 9697
1714 9514
2635 2527
5404 2805
6745 9915
8118 5532
4723 9235
6562 675
9013 465
602 1331
7452 9450
1443 4337
5154 3454
4136 9374
5297 497
1900 8160
6623 8939
8432 4746
19 7913
8890 4013
7570 6654
6771 4874
889 1196
3074 982
8495 2590
5928 7203
8168 6810
7243 7934
846 7610
4376 3343
8999 5574
2147 9940
4720 2354
7179 5122
7942 5232
1990 5659
473 2143
9976 8438
3921 1740
2595 5229
5092 3961
9025 7643
225 2008
9049 4383
6685 7367
1528 4062
1859 2309
7561 1587
1925 830
2523 4755
8166 6294
4782 6851
8338 4068
4480 2617
6808 5365
7906 9465
7737 5124
3994 3111
7484 2611
9032 8164
2370 8434
6285 7649
3123 8172
9821 5056
8328 8149
2237 380
1144 1476
6799 6443
5569 8282
8319 7492
4378 3945
43 9558
4635 5782
4892 798
9617 4610
9502 8109
8023 9790
2435 7711
7317 4682
8825 8794
7936 134
5655 1762
5447 7061
9043 2195
8904 4334
6181 6607
7461 5996
5273 742
3091 6564
3913 839
9369 9344
6275 9205
3827 3190
6731 5940
716 9065
5214 4729
6247 6330
6326 8262
2493 7379
8116 9009
607 4583
8230 1947
9670 2109
5440 1585
1645 6454
7214 6115
1634 5556
8618 9140
7487 5991
252 2364
2362 3262
6718 8342
2530 6577
1226 8194
7693 660
5547 638
6513 2246
1316 7762
5384 8509
8743 7488
6227 2441
5189 9933
7995 8447
8865 5374
589 5219
1122 2663
3847 6439
4709 4903
