10477 1122
1825 3847
410 10341
4507 11214
4013 4709
3658 3728
2287 1481
1680 7111
11088 1613
8936 10384
1425 11533
9675 1647
6913 7270
521 2726
489 11371
1536 4907
3583 475
3812 754
8280 5315
9864 920
435 4807
9196 5874
3258 6142
11732 7057
10648 2386
11491 4001
8929 8703
6874 6752
3612 9273
7360 11171
9655 2951
4558 2786
107 2869
2616 1294
11439 9986
6925 6268
5575 10154
4553 11193
2548 3946
3528 8154
5515 9555
1675 2345
1520 3805
6225 7556
1585 10452
5882 4162
5636 7530
9892 4184
4334 10926
712 154
11956 7623
7528 4713
8786 11102
2046 8956
6202 2589
1292 1211
9045 7238
4804 5662
10300 9627
10134 4902
5926 10469
9460 6952
3151 11311
11544 4098
1140 7485
751 4950
10835 3264
3734 6303
4742 7917
1308 1748
3815 3887
1655 6249
6228 9371
4555 5882
7429 9418
10416 4848
5978 11457
2665 4838
6066 360
5821 10785
3433 6485
10981 4498
4375 133
11499 11237
11200 804
10618 9936
1170 8139
9981 4690
10404 3771
2804 9947
8752 5773
11947 3589
4011 10431
2678 3116
7574 10173
6217 4107
4423 11105
10486 11812
11275 10801
9126 11156
3599 2241
11217 10294
5314 1592
917 10281
3753 10590
526 646
5169 5062
6573 7223
4387 547
1085 9496
3457 5978
9293 11999
11763 2154
5156 1477
3484 4836
10739 5353
8180 6808
6483 2878
10533 3290
7518 2166
2341 8838
4340 5995
2288 8698
4041 8222
9198 4466
8831 2696
4305 4211
9578 7895
7020 5550
9561 1887
6544 7674
5931 1234
3594 2307
2267 3697
8349 11081
8086 11866
1490 11050
772 6512
1797 9132
2505 5993
10281 1480
2622 6465
11150 229
6917 4333
9772 8792
1041 2025
6305 7452
6253 6039
9764 11024
7669 11016
8670 4296
4120 9578
9065 6243
189 10462
11146 6087
11809 1776
1877 11057
11170 3831
8798 7725
4372 411
10502 10151
5574 9199
1828 5375
4809 9996
7124 3627
2592 10612
7434 1036
54 10411
11831 7607
11792 11487
4316 4952
8202 10638
2928 6690
8318 1912
1744 2291
10245 743
4890 610
10469 4987
9978 8072
3259 1903
6127 1593
2647 8808
8838 2223
8690 6368
10 7433
9814 6079
5311 10986
8006 11412
320 8851
1833 6867
5948 9623
5039 11905
3924 2532
950 6798
3947 10731
9296 1623
1291 8018
1404 10087
11992 6687
7963 4584
1134 537
8728 11310
2061 6071
2104 3560
10810 7265
7788 7286
9008 3869
2706 5943
4343 1628
8646 11235
9939 6019
6933 8921
3471 10565
8836 5877
11960 993
11303 6524
3296 4521
11681 3110
5108 2002
6538 7451
11005 1502
6119 10859
7178 3476
8480 10514
7398 10478
1983 9784
4062 350
3682 829
1050 5465
5540 3991
345 2064
9639 9251
9076 3363
3771 1125
9642 9081
3609 3395
118 9608
1164 3539
11598 3818
10340 5384
965 2418
3751 9765
1105 47
515 4543
5414 2371
1161 2130
8424 2859
3900 1802
4563 10831
10961 423
7954 2160
3511 244
8835 5870
2168 3899
11852 9648
9356 5305
9441 259
7745 2855
3982 4348
7750 859
6670 2077
3120 6898
1546 8620
1589 1863
10797 1042
7063 7803
5805 7345
6940 5932
6736 8409
7652 9727
11946 1787
888 7406
11033 8255
10707 3630
10588 10078
1613 711
994 11916
6597 10796
11932 8544
5560 4942
1791 7505
4074 10541
3140 511
3117 997
8787 7848
7351 6581
2297 6985
3007 11242
4564 1769
7580 8033
4093 11672
1236 7268
7261 1205
9017 1324
1605 5278
829 9967
10685 2431
8857 1077
242 2068
1529 4506
3873 10229
2725 10373
6659 9591
7957 8985
7887 11668
3503 5328
6571 6241
961 9788
2698 8693
6210 4832
36 7434
6397 8283
4346 9920
7455 7049
4674 1625
6931 11498
11413 1875
11969 10727
9106 10665
10845 9034
11771 11811
7974 3523
2537 7047
3112 7399
4862 3744
3567 6780
959 5554
9490 7431
8884 6533
999 6816
5139 11954
937 1558
822 5121
9572 6993
7812 10898
8239 4177
8702 6133
2580 2501
932 11253
8321 7771
1313 1100
3045 1495
1123 1399
9750 1528
1114 7076
11063 1583
3854 6106
6616 2132
1965 9116
9334 983
4034 9609
9486 9202
9741 9203
652 5401
10148 10978
1344 2003
6869 6731
10771 5794
9563 10901
9261 6930
8566 11814
5184 843
4273 9838
3347 5120
10973 5762
11735 1698
5148 9469
3911 8314
4352 3486
6485 2536
2145 10760
10576 7901
4916 3675
7492 1774
5181 5737
1189 9114
153 6023
7509 1883
10178 4565
9225 9407
1639 3706
1201 7031
8809 9191
3493 10187
8289 10053
2171 11059
5719 10530
1128 9122
4003 431
6055 9978
4670 10778
2585 11362
7180 4382
8901 2956
11527 4478
4957 11514
10022 5063
10715 5568
8667 5752
129 101
10943 2973
9087 2348
4906 9279
10869 10770
1698 6567
2201 1141
1892 2325
1754 10374
2547 503
4463 1504
4617 8692
9910 3525
3451 6164
11758 6879
5618 5586
3336 2579
11264 6063
10392 5106
4326 11823
8281 9300
8005 9769
4115 1392
833 862
1513 2550
10393 2580
4534 10123
723 816
59 11043
5465 1337
2144 4459
10439 7260
4292 10846
2648 6948
7240 7958
9039 7243
11562 6786
7008 4476
9190 3532
159 8395
1233 1865
11322 5656
2443 7044
8939 1817
591 4641
6050 11112
9544 11117
9053 9718
2427 7973
7042 8634
2089 10931
686 5054
5051 745
5975 3613
654 6476
5863 9820
3442 898
11175 126
4089 3350
10928 4939
1685 3461
5795 2249
9174 4187
10169 4743
2533 5376
3879 1966
2663 127
2901 8150
6756 7056
407 2879
2939 2117
5443 6230
6746 8726
10976 11529
4066 8197
2609 9155
11490 10946
1772 5803
6268 1181
635 6506
7712 694
3645 7148
3270 308
7542 7533
5729 1276
5001 5130
3729 9434
3653 7034
388 9395
10814 6627
3165 11625
6529 10489
5379 6844
4565 4744
1138 1888
4574 6637
5754 342
10511 5322
8347 2816
6549 10128
11134 7539
5426 11299
453 5929
1890 1444
4280 7156
2926 1735
9513 3987
4350 7139
627 9649
1777 6561
9775 8585
7120 1289
5664 5084
11937 5563
5140 3631
7150 5457
9933 2755
8380 1252
1895 8364
6312 10375
9447 1869
3115 8694
4174 8356
728 3177
11613 5725
7145 5753
28 11918
8519 10575
8822 2420
11254 3872
11788 1685
10988 2400
3229 4194
5968 3233
7067 2843
1147 9870
10883 2505
5410 10740
10210 1235
5144 2903
2042 10289
11793 8096
4921 7602
8309 9237
5068 9495
10927 7355
6692 11160
5345 9249
6593 10535
11424 10409
4845 10233
9084 5296
2086 10277
3144 5180
6889 2474
10895 7206
6212 1119
11098 7683
2852 7246
10085 10345
9325 4962
4931 4501
6654 9690
8978 921
7 5767
4979 8313
4701 1216
3444 5086
7044 7566
9503 7405
9940 617
10727 933
5280 6042
7619 4704
7239 1258
7245 10563
11070 10077
3502 9734
8376 8308
7753 6300
2781 7582
10795 9509
1390 9082
4650 673
8446 7369
10877 9367
10371 10680
10146 3085
5492 5268
1531 9913
3849 7793
11024 8215
5086 2472
3681 1014
3263 7382
2415 1696
401 5627
758 11704
4012 1382
7785 8267
10016 10587
1194 2828
7462 642
6791 4060
10319 11594
9432 7173
3186 7200
11770 8587
11410 8565
6292 9992
8100 2601
6548 5963
3998 6109
2418 4635
10749 6348
11267 6698
91 5544
1747 11124
6966 9796
3586 858
2882 10337
11402 10606
8487 5483
7612 1080
823 5402
9133 1549
4083 9142
1989 11115
7479 6334
2185 4656
7613 4129
10938 11858
8703 10758
9158 9875
9756 2464
5199 5462
7252 1336
10038 9548
11785 10873
8271 2318
6992 5732
8977 5083
7306 10749
2608 11444
7778 10849
7374 6422
4247 2113
4051 9750
10448 11614
4544 1389
8541 5073
7940 9158
10269 6172
3920 10543
4500 5382
7207 2094
1270 10980
11691 11516
4682 11230
3842 8625
4452 1532
5503 10585
5239 10985
8850 6938
1321 8332
2268 299
2472 5941
3789 5061
6276 2954
11370 3510
2504 5599
11574 7968
3506 3146
1053 3712
6798 2254
6679 2539
5422 1265
8891 4847
7634 1658
6813 8318
1021 8844
3389 8627
6884 619
6382 5518
9570 10126
11396 2148
321 9786
9433 6173
6233 2528
7815 2659
97 2963
5764 11352
4893 10236
6390 2713
6866 11816
8819 7171
8948 716
9884 6732
3614 5969
8000 11082
3596 11790
4472 3892
7141 7278
476 10004
6372 4669
5508 7356
10959 3834
11128 8750
6625 3919
11865 5071
2705 7685
7658 3179
2092 6027
10196 11114
442 9346
6456 7219
9698 7565
9247 4617
10863 6257
445 8240
1376 8642
10531 6860
7023 2656
2224 3272
7565 9907
2978 2268
824 4097
4263 855
5364 10506
3468 7874
7450 6082
5356 9086
5530 1681
4559 11656
6907 8453
4134 2043
1342 4671
7706 1375
318 2627
854 4470
5734 7362
3674 8411
10652 2415
1125 7168
10679 1503
660 3638
509 7392
4052 5728
3267 437
334 873
10180 6496
2497 8225
3909 6127
2069 3863
7759 6327
10969 1338
1875 6143
9241 3679
3572 462
7620 5222
11461 1624
4199 11710
6044 10649
2750 5494
9927 2393
9950 2255
2684 628
5097 4701
9482 7741
421 11405
5112 2274
9434 11560
6150 7686
6499 7350
11715 10082
3250 87
1246 1299
9701 312
11316 3534
10277 2450
3979 8992
1670 9976
11423 8648
4942 6935
11211 1822
9838 4721
1984 3894
9273 4935
673 1997
5689 783
8729 3907
7019 10205
10839 7490
6072 1030
1130 8190
8290 9777
10610 8783
5591 270
208 10354
6883 8444
8032 9422
1730 3964
7103 11773
5935 2353
10414 4773
7533 7033
11589 26
2507 10074
7136 5781
2886 3942
8549 9350
10658 6826
4426 3069
10092 10886
8818 10949
7922 1403
7617 8577
7137 5909
11978 1109
9708 8619
4398 8915
5281 8317
4023 9080
1420 334
4570 6398
7386 7703
3996 714
7614 10415
9337 6339
10000 6117
10948 4156
5512 267
471 5851
8099 1107
5326 5650
2980 3951
7989 10766
3476 1699
5814 9534
4233 5448
5577 2186
4582 727
9768 8946
11489 5547
4527 10532
9107 11218
167 7613
8465 11394
3131 7841
1403 10351
3955 2987
11798 2210
9097 1034
3938 11732
11315 7499
7801 606
10583 4808
11663 3303
8042 718
7343 3269
283 687
1525 5171
4821 5081
3631 8445
6626 6525
11335 8898
3987 7757
5017 4151
10879 600
9529 10599
6047 3132
7754 4688
9069 5849
8699 784
5633 10744
6972 5439
9018 4477
5420 2040
5765 6030
11516 7160
7435 6554
4439 7205
5024 6335
4119 5555
3778 3061
1977 8130
11818 11339
3156 8152
5170 8508
1959 4370
8780 1354
11308 11913
3034 6956
3139 9871
3546 2957
7934 8938
4531 4814
11872 5263
9660 1312
8596 5373
9778 10829
4637 4844
1648 5022
3181 7306
4854 9874
3728 11759
5913 6982
2940 2731
4953 11302
232 7273
11601 5760
2074 7326
4495 11909
746 5777
894 7127
9067 4499
4787 940
11427 1230
10451 10997
8043 10446
1681 6656
201 5953
9406 8407
4659 11132
7691 2622
7844 2340
7217 9955
5583 11110
3021 7180
842 571
4137 2069
7828 1102
1870 3867
1071 10571
6566 6002
8057 5934
1214 6273
9454 9294
10313 531
11247 9914
879 2514
2486 11126
2445 7372
9222 6078
1396 6096
4067 7274
1941 1260
9144 9404
6819 2256
9934 8675
9767 6013
10133 6522
3698 5151
8562 10643
7382 4567
7254 4090
4872 1859
9643 425
7026 3049
5004 8177
9317 8483
10175 6341
987 1930
9989 4289
1626 4265
3405 11535
10249 7312
3458 3516
4336 10025
10821 4679
1331 8048
2574 3280
3930 2010
2848 2224
9044 1214
1230 7407
2565 2829
44 11688
6694 7293
11295 1439
9730 11173
7700 5237
4772 10942
535 5693
3793 11626
4721 1064
11583 9012
4633 8883
11518 4758
7439 4915
1167 2581
11263 11663
3825 11473
4335 10449
10241 2853
9664 5923
10833 8336
3242 3674
1881 1989
8923 3293
3684 2276
10611 3879
2442 8095
4353 5913
2331 9078
978 9377
2719 6045
5040 7658
9326 9039
4729 2127
7196 10027
2038 1413
7680 1078
11284 5068
4983 11747
11465 11778
6595 7843
4461 8613
8200 6709
8848 9420
8091 1209
7173 2054
1318 5195
9799 10525
7079 7373
4103 7633
424 11143
1497 8477
11048 5645
9425 2103
9620 9033
340 10483
11015 9631
4416 2982
9442 2115
2871 7089
7709 8239
8503 908
10675 2035
7246 8489
2974 2508
9591 4983
7142 2698
10401 2654
1495 5287
7701 11622
5701 3695
6691 5670
5461 8502
5261 4654
10980 1293
1714 4106
2635 3217
5404 10405
6745 9025
11366 4497
8118 2051
4723 10241
10856 10067
6562 8741
9013 1531
602 8235
7452 10502
1443 2763
5154 9697
4136 9514
5297 2527
1900 2805
6623 10793
8432 10232
19 11807
10776 9915
8890 5532
7570 9235
6771 675
889 465
3074 1331
8495 10510
5928 9450
10202 4337
8168 10669
10247 3454
7243 9374
846 10470
4376 497
8999 8160
2147 10276
4720 8939
7179 4746
11441 10518
7942 7913
1990 4013
473 11223
10323 6654
9976 4874
3921 1196
11630 11283
2595 982
5092 2590
9025 7203
225 6810
9049 7934
6685 7610
1528 3343
1859 5574
7561 9940
1925 2354
10613 5122
2523 11770
8166 5232
11741 5659
4782 2143
8338 8438
11558 1740
4480 5229
6808 3961
7906 7643
7737 2008
3994 4383
7484 7367
9032 4062
2370 2309
6285 1587
3123 830
9821 4755
8328 6294
2237 10083
1144 6851
6799 4068
5569 2617
8319 5365
4378 9465
43 11815
4635 5124
11896 3111
4892 2611
9617 8164
9502 8434
10813 7649
8023 8172
2435 5056
7317 8149
8825 380
7936 1476
5655 6443
5447 8282
9043 7492
8904 3945
6181 9558
7461 5782
5273 798
3091 4610
11428 8109
3913 9790
9369 10720
6275 11019
3827 7711
6731 4682
716 8794
5214 134
11555 1762
6247 7061
6326 2195
10874 4334
10683 11920
2493 6607
8116 5996
607 742
8230 6564
9670 839
5440 9344
1645 9205
7214 3190
1634 5940
8618 9065
7487 4729
252 6330
11837 8262
2362 7379
6718 9009
10728 4583
2530 10212
1226 11148
7693 10012
5547 1947
10212 2109
11350 1585
6513 6454
10647 6115
1316 5556
5384 9140
11049 5991
8743 2364
6227 3262
5189 8342
10270 6577
11776 8194
7995 660
8865 638
589 2246
10117 11692
