7297 4907
1640 32221
18025 21014
16050 15788
14629 21686
9145 18230
6718 3300
35742 33223
5698 14596
27652 24815
2083 26430
1953 15401
6141 5167
14329 30088
15248 29111
33119 29367
1740 5769
13032 32667
35714 29300
27494 20714
14447 7780
29440 32596
18232 1165
426 6727
10464 26440
27697 27024
22299 2349
18211 35986
10190 12
14111 5957
22060 19963
6699 33315
6079 13557
24899 29899
6339 22339
23527 23813
22542 3557
17336 14610
2848 29784
30109 21757
35143 31008
8181 23809
24808 29658
5165 7473
19214 6386
23701 14533
12602 144
4559 22372
3004 23275
14936 19136
18966 35894
5230 34209
15257 24504
6620 6968
24912 3001
18218 10759
29715 32272
23910 9205
10660 26819
24261 7010
23284 16666
13731 12840
17497 12291
4680 7914
11216 25749
35006 14129
16044 29953
10709 12490
30295 22147
24868 7063
17692 27163
14393 3048
21253 8076
3666 29525
15011 29976
2104 33044
20674 8824
26291 32692
17547 285
4338 34758
13827 3184
20623 28365
13935 31650
32718 11614
25929 11381
30072 8414
9364 6787
17360 25390
9151 21093
16163 33038
35323 25210
17220 27438
28078 16269
26176 17931
23724 26075
14374 22470
9066 19279
33393 29678
32344 8741
5958 9056
3088 27050
7186 33574
10017 19590
10485 35902
27667 20573
4164 14244
25217 13166
25010 13744
30675 19044
34677 22630
16477 8695
753 11654
7508 33024
35191 35553
17487 21128
22294 7564
7311 23085
19235 31482
28493 27360
10366 34990
29736 18739
213 27682
17262 837
32807 34258
11709 6978
33272 1657
6974 24961
19559 9525
33271 3478
13036 3710
24505 13101
10588 17497
35349 10548
34758 18784
38 16421
21244 9597
32022 4066
1277 19343
7332 13370
23789 35467
20154 2118
15693 23507
3797 29662
15786 6717
5162 14701
5614 25487
31850 15572
4536 33484
34912 18851
8242 3079
8415 25008
31149 25399
10822 27301
17371 20491
34582 3526
27731 850
13881 16472
35344 13310
13183 29037
20429 14782
26149 24101
24473 35823
28712 12876
33920 12682
29589 19280
7931 29414
16247 11628
14726 4881
4197 12254
22157 11390
1379 33676
15081 7822
14433 24721
472 2664
4653 28083
3859 18292
15004 17318
4418 8525
2059 10547
21655 16713
4644 370
33696 21664
15598 30562
18251 10146
31813 2618
14041 10074
35340 21144
8672 3333
30977 19737
15926 32149
30997 23468
26678 4777
12479 20832
6182 34433
6353 14416
28250 12051
23220 34119
27760 4469
26942 33105
30607 10445
3551 27259
6450 35592
3973 35196
26387 26439
22237 6026
7162 22899
16296 14497
12557 13983
12466 21751
35147 21697
29401 23646
9187 19240
27649 14317
12026 34767
18255 31121
30319 577
16372 7519
4941 22676
29042 29208
6417 15752
3316 15980
35428 2614
968 21033
6113 24994
15492 7431
10900 25289
26635 16816
31827 35405
31547 18536
14009 1620
26283 33874
3843 24574
10790 33706
24837 33341
142 29201
25587 31904
17381 2874
29820 19428
18695 12617
27723 20993
31895 33679
10145 5397
12446 6289
19446 10971
14268 35257
3833 34945
35534 481
3995 4291
20553 13814
3747 13971
3287 27801
31247 6811
32955 13473
34808 35243
10318 28524
3728 4727
33282 10077
5251 1557
12179 30096
4491 21740
4454 2483
15415 5736
26462 4801
7857 11665
16136 16510
2605 4617
5373 14919
27475 16951
34262 26715
20734 25431
17090 29565
13387 26506
20591 28379
15643 20736
17408 1107
25939 25527
8578 7754
19661 35051
29965 387
20721 4145
4755 2983
611 4758
30035 23443
6553 32954
4802 6956
35235 18995
13970 19750
33154 5670
8681 18450
22873 28684
4509 24997
16010 25895
24218 2020
18677 31064
10339 10245
28717 34962
35601 14410
19826 8938
34665 25625
513 35765
19621 19332
6789 9443
8801 19534
17333 24454
7565 731
7015 9266
10188 8077
17849 2738
18466 330
13804 25827
22472 35203
13343 35883
17301 5579
33123 19969
32017 13767
16458 22535
3330 13877
6049 27044
18133 33591
2890 9336
233 10549
21860 12059
8574 14470
17168 16564
10590 12736
28957 7512
28029 11886
634 3565
4932 35970
9769 30230
35756 4794
2362 19049
24197 4415
9706 16430
28167 6436
8353 12938
2742 31929
20203 21683
23898 23406
2615 8403
23450 15371
13768 6557
16354 18687
6737 4575
23179 20827
26633 31842
10129 29534
15515 21519
10650 20033
11604 9988
27021 23888
1625 20732
11755 28070
21771 11052
26983 317
16264 20527
17486 16134
10434 14518
7085 28582
25071 18133
2538 23560
30848 8802
14578 21730
13080 31455
30167 30334
22916 29187
20001 23511
14916 20020
14610 31915
1551 7133
12657 11520
26114 5373
21513 18391
18259 9176
4550 35299
18293 12874
23013 17252
33385 5012
26194 4942
35142 1221
21703 33239
1809 2045
7560 26551
17119 13944
11703 2403
17398 17080
2508 35617
7105 35369
28480 30940
22655 9741
20558 23975
28600 25723
33517 14635
7579 19071
25245 8775
12458 30455
16694 32842
2909 33451
28578 5935
111 26004
34074 23847
35288 32911
12913 695
23870 15656
28266 10869
4586 33695
21640 9200
20573 29244
8168 10435
19682 11741
33235 9582
20270 31687
26765 23515
21377 2649
26372 14341
19377 31959
8342 15188
12573 4120
27555 17325
24848 24212
11406 15337
19724 2806
26613 13552
35910 33941
27 23675
19915 25435
18804 30781
13775 29796
28174 3044
21119 2616
30474 21239
28953 6765
28978 34169
14006 17924
33501 17257
31011 35675
11121 11394
5558 24685
18599 24807
33781 23941
21967 5102
6121 33861
15393 16488
20344 24664
14723 14608
13051 33841
9657 26598
1601 23128
3029 22613
16047 31907
31139 31596
4773 433
29847 32889
27161 9108
12743 28830
25165 10854
32400 15073
26192 5053
15990 33721
9672 18404
364 13862
6986 9847
27863 12250
14342 10313
11527 23739
33945 7755
30445 15096
3292 27173
16332 21642
7954 7428
29915 31557
8739 31380
30451 31394
34809 13809
20795 10568
29005 26929
33082 1472
27967 15970
35906 2828
29224 8382
10431 10560
31109 8830
29496 33597
16987 2569
16204 9625
18174 3665
34164 10902
31759 16926
15680 11799
17997 33859
28828 26572
5078 18577
18726 5620
15368 14195
17808 29439
22011 30895
20953 31567
35400 11179
5281 14377
9069 26921
9885 9353
15156 11920
25103 33477
10015 17336
14022 10992
4210 22458
27189 29719
26713 4512
21685 15062
35561 24787
30535 25262
27249 8665
4081 7116
13556 1086
27535 13262
25525 34257
1281 33054
24929 27512
31260 9802
387 6312
23053 31187
19570 2559
25559 34828
27461 32987
35273 7702
35792 6108
14454 31605
31997 8542
14381 35343
17888 79
28563 28279
31828 34213
1903 27570
25485 24274
22029 2847
26498 34723
10817 28113
30631 15040
8365 31597
35005 24985
1768 22972
25823 6404
1777 27885
5502 16681
28090 31270
8894 15238
30258 5494
11910 18565
3296 35634
17050 26782
24845 16896
21454 12388
13872 359
29800 467
21421 34246
22119 7723
24847 34064
18236 472
27628 24578
16533 13463
5368 20703
30823 26795
1271 23742
35352 6986
3414 10144
22936 27924
14695 16623
4497 17125
2639 35135
2034 27759
16206 23963
13066 18060
1336 26048
9987 13350
15634 27082
8273 31620
31036 11713
7497 24263
14285 31704
30477 16632
16794 20097
24176 22568
10997 26092
7507 9049
10733 7805
20385 15059
1683 29269
20445 10604
24597 6572
25996 14055
12998 26252
4981 22180
15916 3412
6679 10535
19765 25501
7934 347
2692 5970
22755 30912
34914 28533
28075 5777
24286 4200
4520 17242
33159 14534
22363 24304
830 5246
27529 2475
32126 25188
6917 26257
28412 34145
23737 18775
30130 3766
10027 11487
28541 32399
11544 28769
34194 702
17701 13220
35270 33958
31687 18744
30466 12763
28546 2203
17590 33460
21123 33805
16089 15183
5680 11108
18280 2364
29544 23576
15982 15680
30456 19
24838 10319
22047 5692
1881 18084
32395 26178
21301 23143
11918 25897
31953 13128
13902 33931
23254 1008
16932 4497
22305 5910
18328 18645
18106 22813
666 22773
33858 18122
12522 14831
5611 12749
15818 29804
26636 26474
32020 305
15750 17112
31202 11472
32167 26682
29372 33177
1131 4744
6099 32976
19284 19285
14523 22281
26503 7669
15946 33639
20068 16889
24185 35253
31016 16394
34795 29018
22529 24713
27886 31696
21679 15944
23057 22261
29737 30072
17755 30194
20095 1793
16476 31587
15109 7620
7908 16897
12622 4428
20680 25079
7836 14443
35119 15069
12134 20692
12553 27029
14181 23141
31733 33850
18121 35105
34383 638
18547 17259
6589 16270
12722 18828
19415 6096
14909 26145
23651 22413
11760 4983
19810 11698
928 31232
8296 20570
17978 23170
2983 14324
3574 17635
19146 11979
8276 12463
32171 32703
6724 13086
804 15392
18635 15864
30763 17394
31374 15022
28867 13289
22329 16365
12083 23333
3368 10224
16547 6992
31309 7857
7477 5144
4283 32288
26261 435
32228 35487
4856 2770
3514 31608
9944 24327
9778 20672
19913 32267
5583 18005
16266 32166
7763 11985
27275 33498
14791 18368
34248 26076
29525 14556
29015 8405
19488 3549
28104 34455
20014 27734
3948 31348
6504 35440
13618 2135
13830 32931
17344 22760
5321 25803
10293 11456
15720 29963
11392 7889
4920 33962
10259 30152
176 20687
26773 552
30797 775
19088 13812
2140 24867
15171 6603
18882 21328
18529 23698
29756 17020
4665 12266
15298 35951
17338 17227
12965 15542
27862 17656
7522 30891
35689 22486
14734 23982
9765 12053
17409 32688
9322 27784
3909 13798
10874 27466
20160 24400
18915 23926
28781 26254
8150 18326
30717 29539
19929 11790
26379 8595
17842 14980
32799 6546
35389 17692
32362 15454
28689 28326
5272 24962
2613 12850
28314 9559
21124 9801
16409 30998
1696 639
5986 11575
15003 27625
1360 32742
17663 8813
2637 33883
11482 34996
30835 31892
34011 19664
28982 16448
18230 3127
11895 26110
28567 6487
32226 10705
5980 3935
30803 14121
22804 31231
26762 29482
21844 21933
21041 17025
6856 23657
10540 23614
21615 16890
26978 22554
32472 1300
18889 26986
26245 7946
2405 23010
29808 13039
5772 35288
20613 11439
16542 18653
21187 23273
7598 21306
26489 33453
33725 31949
76 29291
35560 5139
30277 24974
27083 18778
3553 30393
12294 9493
33977 10983
23710 22112
32670 27645
28970 26528
3383 4676
13341 5185
17502 10617
35994 22520
8587 14957
18877 20545
28713 20767
31767 19095
7958 17530
1892 25917
15683 17777
10380 29157
20366 23801
897 34141
26739 29511
6109 27132
7436 10966
30242 12052
7699 1514
10091 8195
32662 15377
19128 16492
33350 5248
17920 13801
27230 10939
31622 26021
30948 6751
15974 6263
29936 4181
9480 31011
25139 35943
12492 3528
33309 1728
8947 26019
4576 34340
18105 5456
27194 6812
22275 17201
33276 10177
17510 5526
169 25549
18537 20275
19567 15032
32090 16214
9739 18624
29265 29043
35297 8285
31742 8604
22619 34521
21787 11181
35615 1873
24721 2304
29842 23386
21089 21313
12364 31206
15651 30618
25099 35428
15307 17853
26921 35950
2861 29154
20853 8855
24985 11603
25303 29921
9969 28507
32462 34306
2427 34983
8274 20294
32919 22753
21758 31566
6578 35368
28856 14886
6535 5870
34469 28958
29946 20177
1006 23972
9448 27015
26869 17027
10117 10206
4904 19895
30769 692
17369 7
22188 34297
26050 8933
5264 22537
21533 18794
34972 30750
24905 35069
20753 546
31979 32240
35457 31266
2353 19636
4485 599
15386 28210
18834 19197
5924 15153
28441 474
6452 35928
6587 24488
29077 12359
10903 26984
19626 28647
1898 25871
3015 16378
21259 10701
3678 25541
19227 24797
23493 14457
24566 17235
28226 5192
9541 27672
16004 15700
34811 33857
27005 17817
11801 18657
11141 34862
11474 17618
5176 27061
15784 12321
32616 4487
9380 11955
15217 8954
30222 18979
16645 7233
30119 29842
16734 29673
616 17835
30491 32244
18851 12307
35822 1272
10354 9972
4841 3253
28950 35060
22647 1451
19606 12186
27808 6703
16391 18489
29940 17642
19800 28733
13056 538
25212 15258
31668 5912
6990 9876
15546 966
24994 32348
23525 14234
19391 22408
19349 27542
1438 20420
25940 32663
17989 24340
531 30389
3215 2080
32554 21644
18757 5258
15082 9575
23090 3673
14353 17466
12461 25718
16426 4679
8964 35599
6368 30812
2584 11902
20247 12596
28890 16390
2187 827
23912 7993
8613 16316
5907 25219
19341 29030
21412 16199
27231 2197
11511 13054
13160 30202
8662 6158
35351 34154
23977 13661
34790 30988
32886 25502
17861 20455
10784 21173
16841 10395
31579 2765
19343 34140
22199 8005
7548 16602
30693 31538
4935 19584
9225 13024
14786 23621
26045 3414
23972 14273
5919 7401
25859 15465
913 28454
17332 21268
35165 988
8100 10969
29805 18095
24156 7842
17182 25940
24971 15932
24345 586
7101 2753
15324 31148
30899 10158
1641 5865
21497 16301
14508 10335
4143 32763
30427 5991
19805 22179
26759 3936
7647 3918
9161 23300
2972 10088
2439 35151
19947 7039
32285 8247
7611 31972
6370 15249
15388 20758
35229 22762
8891 28752
25471 12647
29730 1400
24315 24758
35403 23473
27468 2588
10127 31805
27190 28673
6490 19315
32070 35569
26747 32119
18334 12438
2145 12231
24284 35627
14239 22785
29058 21213
29144 30697
15474 18044
23769 10509
6512 4514
24074 34809
35683 10160
23507 29451
3969 19378
26093 35495
18081 24060
12440 29759
8006 48
29801 33159
6008 24841
13901 12160
1400 1227
3315 23861
21857 15650
15963 21018
8253 4152
13449 35322
13577 25395
14153 12444
15270 34346
9671 32608
186 10102
18172 18556
9483 21142
8520 26857
35404 21105
16427 7240
11436 6309
7205 34289
1690 4370
8638 2869
974 8505
23478 11708
15594 2050
21219 13244
1035 7016
11420 31810
17392 12558
3435 6472
8308 2086
27589 25468
34478 32107
7449 34461
4166 16774
31212 3217
29379 24010
23727 14466
33636 4645
7147 858
29623 13680
33020 32205
14520 5241
2842 30675
34174 3979
19768 23654
30019 27260
2042 24188
3987 3821
31391 17421
26321 34670
27937 2665
7076 4613
32131 19917
29070 5108
4817 14150
5295 34045
21110 6365
9722 6634
4305 15140
8271 34843
18024 25254
35938 12417
21312 12657
24963 34485
34771 16303
19327 11725
29735 27210
33132 6915
28194 23460
6500 30063
7499 27989
14092 6823
28186 10933
29594 11823
14975 26317
27120 33076
22213 22120
29721 10367
26132 29034
27263 23090
6232 20654
20484 21277
27969 24362
20482 28220
16705 21198
24531 15776
10004 35759
31082 14020
4400 24581
5979 16652
5595 23594
6110 29649
28304 29328
6329 26024
24422 13
8528 2272
3931 18644
21604 1069
8011 33923
26923 8853
23174 19782
27718 431
3372 19683
20477 14542
23046 14079
6790 20638
33254 1423
13943 18086
10141 33507
31601 10140
14697 6180
7093 2474
22946 30171
24089 23309
7530 10231
18257 9071
14822 17367
28123 24058
1721 16375
17528 15270
11824 16794
17910 19681
20250 6024
22271 26202
23005 14250
401 5060
11889 21280
9389 31624
26266 11332
4561 32000
9298 6250
2010 19687
6014 2450
34766 25006
14099 21915
24655 22802
27515 28463
29731 27298
22341 7900
10316 14859
24252 750
20424 25067
5568 3548
3448 19975
10197 34366
10317 2699
3262 20927
5347 35385
17833 9803
29040 21420
27789 32926
31829 14471
27144 10040
17903 3311
14128 25748
33578 29204
7460 33078
22622 5904
28175 14555
7268 28308
18563 18992
31892 25843
34534 9701
20213 8664
2977 22032
14452 5410
25904 31186
3591 3232
504 35924
13398 26162
19754 17207
13844 5576
8994 26118
16746 32888
18970 28475
21504 8545
7864 8839
507 31518
32597 12984
28224 31973
11515 25908
8467 12852
24918 34358
34904 16138
32786 15881
23211 4696
4724 17450
26023 28185
2773 21196
28589 5872
1229 7375
30131 27105
5103 27758
20517 23939
28134 22827
26505 12484
27374 21020
18974 22579
7549 1587
26545 19977
1367 11093
21285 22920
11264 28981
30153 9557
23715 28867
5776 2942
28621 15302
6938 13087
28553 24499
26244 5624
34339 7365
5155 3575
25937 15929
20335 9679
22251 18854
14521 901
21828 22497
11019 7293
5006 19997
33456 29496
7473 30880
34774 1491
33421 21750
12708 13698
22897 35259
23010 13886
9680 13357
15485 35811
6738 34293
9598 16952
16776 35967
12929 31656
11371 9264
10019 1206
4939 24682
11610 34525
32383 2850
30406 16742
29420 11163
21182 3940
20719 18614
9894 13153
28821 17779
4476 3479
30732 30472
28981 547
19846 4365
18002 25471
3682 17781
23065 23608
33249 7071
4863 1251
20343 19169
30261 25332
29617 15150
2465 24950
3729 33328
24166 6528
18814 20674
5029 31763
5918 34837
33232 12218
25198 13034
30325 32811
2689 30015
29474 1409
12337 2606
21072 34696
31171 19984
32858 21861
9887 32109
4055 25782
29526 10290
6784 1205
22508 22727
5527 23063
33067 23291
11309 19814
2566 15480
16237 32851
28798 18080
34346 4064
34259 16888
10404 25374
23849 1932
24436 18363
18540 14784
25390 9943
26790 22400
22176 25746
3432 8996
21932 5754
4320 25049
21607 34126
6194 14905
25334 27351
18622 15753
16515 10011
9855 27949
21848 20473
5342 21581
9269 29437
22926 35536
20332 8636
25688 13551
8451 9082
5553 35479
20289 13259
24687 9052
21528 20251
8376 34329
34498 8864
6125 9513
27749 10358
33325 20808
23713 4445
1195 34929
23764 7759
20242 12068
11814 20815
14038 9537
22396 1933
31869 20886
12584 27135
14847 26952
9016 19881
10155 29033
5058 17944
19386 9959
6629 12317
35375 6998
34507 8621
2474 12108
22071 1717
8589 17490
24689 15134
10110 15217
10634 1710
11852 23545
10849 5209
28684 31235
2864 8788
26927 32921
23875 30721
15567 24508
29112 12058
18674 25393
29421 32208
15336 31055
34997 9013
15675 10734
20282 12666
30738 14830
12716 2113
24107 26778
28875 984
30257 17686
18467 27070
25027 14586
32959 13293
34568 13407
27438 4335
10621 11605
13088 28789
9071 21293
16385 29986
3420 16174
31496 28021
24328 26534
33811 2742
8171 24929
18682 20507
5497 25832
10507 35138
17878 34422
29447 2524
33644 34122
28671 7165
6011 29597
14552 29944
29566 2780
22911 16104
1748 33994
27191 35250
3491 25927
25983 2573
32900 25389
24508 33825
15452 3231
25308 12443
5349 19083
24571 28807
14716 26086
1848 19960
20886 18738
6494 30235
21974 10911
9572 27687
9018 19296
2511 33881
18801 9322
30963 30382
9096 29603
30744 5928
29400 32812
345 7417
5193 11782
1246 35810
16773 8868
14134 25761
9799 27104
35967 21199
34589 29550
27739 1633
7287 11723
15574 29733
19737 13234
7986 29799
3130 5911
15627 10748
27514 8097
29958 5977
4117 7482
7266 29452
32757 23786
35131 5591
1078 25172
33776 33533
15856 10480
9410 24818
19089 24944
28131 2878
103 11200
23123 21968
15766 9837
27301 10625
12276 9477
34308 3363
23633 27498
4436 20190
34476 20285
35657 29246
33268 18926
1333 11843
25589 7705
30811 8623
2854 13295
25355 232
24465 16588
16624 801
1065 30058
23403 32613
4428 32680
22597 35619
15803 377
6794 32340
21792 15590
8744 14214
2906 31177
23089 29737
35784 26880
11475 28959
30450 5204
31362 16038
11946 35871
8838 18227
4136 13608
29995 3206
2424 12114
19232 9717
13212 3609
2871 22874
13073 2407
2747 9528
20683 2126
20322 19559
33777 21700
26099 5748
35589 3214
31025 7137
16602 27326
2400 11682
12525 10574
18751 18638
23395 23606
3133 6104
21754 19615
17906 21157
8158 24155
24119 24835
28637 4435
26216 28006
28819 4255
25340 19192
22220 30856
12244 8818
32520 7997
32606 17985
24075 21576
34032 34541
17480 27117
5415 34384
27821 13753
5173 13701
28221 3814
11827 7164
35749 34666
19253 5746
21051 31698
5248 18822
21491 27988
19376 20742
20087 17018
27926 23191
10922 8501
29092 32532
23039 34060
29304 32620
2776 32277
23106 11791
28505 15252
17994 19038
3760 12685
4918 104
26622 7747
23810 1572
33626 30467
2041 7729
9358 13588
2281 27174
4407 2982
15467 21876
24008 22915
23734 13916
25091 741
2123 13186
10056 18457
29487 16674
24312 4446
24381 20171
29095 19680
5039 33207
9024 21229
34699 402
24049 7461
26086 21843
20604 25956
18265 1909
16359 11511
7435 12716
1699 21661
12193 22148
32706 31399
33931 31097
25362 2331
7718 8897
17156 31556
17059 10184
29247 30188
14063 35191
18716 21962
32192 30309
13119 27129
8038 3672
8896 34150
4854 19618
29626 20677
11316 35120
29171 13649
5754 23174
20945 4340
22769 9785
4256 18381
35532 2043
19030 22227
19658 24592
10323 35015
11410 10877
23691 25531
33342 12281
14696 7658
13172 20204
9102 20612
32377 2073
1723 17793
23652 27124
24177 5689
30632 32575
8505 15575
5651 24353
4309 29617
26094 19834
31370 14165
34452 34413
26922 19813
26833 11470
4834 7356
8214 24525
20777 2451
4861 13245
29490 6069
30529 29084
33906 33161
22579 1635
8411 31632
11926 32772
8457 10098
28353 12466
32956 22290
3632 31685
8138 34317
33955 20340
10029 21453
19932 9391
10791 6440
10615 33827
21146 8698
14777 13448
22677 2396
34007 30106
18616 25401
5169 34233
16424 7592
12865 270
17987 20381
8204 2886
34963 5707
6123 30598
32937 3024
11052 6757
10106 34117
11220 20479
22127 1474
2700 20457
1860 21030
5324 13144
2980 12619
17345 18781
13816 18131
27302 34884
1985 20916
32640 28909
35755 7711
18984 17869
19799 9786
31651 10322
16049 17934
26614 7502
19493 1000
29724 33690
4783 6710
3927 13539
10360 35556
28810 22959
27239 20873
31736 17764
30438 9278
13371 16045
22295 11225
9416 4669
20486 20407
20927 22200
22635 29075
26131 3325
8570 1901
33750 30851
6959 3307
20914 6943
15843 25140
30571 5644
8030 25685
17530 11730
29465 29219
16248 23307
9233 20477
6345 21780
3317 12986
19020 34963
25176 5148
27403 30520
16271 8638
10467 6090
21459 30689
20495 6375
12441 29858
10443 20342
32655 30501
33734 30838
30594 15185
32687 14667
20221 9419
32596 16912
1519 23820
5902 25696
25772 12017
33125 21649
29966 21284
15777 29707
14100 31950
23128 1984
3189 4284
3313 31152
18439 7399
32434 23033
30841 31369
18727 30228
35173 11194
536 18499
7045 22847
28242 8349
8778 33289
26428 6746
23983 26588
2966 7012
26253 21357
3353 4649
12757 19800
23759 34915
18914 30211
4819 26268
25320 27096
33047 15636
29515 15971
18332 35911
7787 10422
8433 31613
6337 25154
25815 4330
24458 22330
22223 13648
23961 28256
9455 28532
13046 22427
33366 35687
26306 15477
32774 11344
2970 5105
2551 7493
8981 30338
21827 21324
31048 6400
34035 29178
29950 11546
9761 20188
33785 26595
21494 4562
20876 7127
25753 24833
19611 21458
22045 32395
33248 4030
33405 5934
34888 14262
32103 9105
19648 9616
31123 9780
1091 29687
24141 34817
21709 19104
7184 25558
27299 29306
20164 12824
1747 13479
31103 20749
17402 19644
14913 19959
3366 28491
31487 22562
11175 5852
34357 533
24917 33452
9685 26490
15873 8360
2070 4091
7203 24198
12504 35972
1242 3482
28904 56
20559 23544
27446 7190
9925 18495
27064 2044
13363 15417
26895 28293
32888 25839
30908 20849
4082 25087
9050 26610
33993 25007
13589 28521
21303 35725
31351 13843
34438 11365
24696 31122
20563 9115
11350 12336
30125 25205
34940 23612
22435 27344
35801 10111
23219 18906
17326 8228
31732 8801
12601 761
16156 4702
18285 1030
19563 9437
14737 31897
19505 28622
18941 8899
13585 5549
32048 8993
20778 27254
31445 29887
22860 27899
17922 11784
18861 29780
7988 33386
35599 27796
24884 29495
25857 25213
9600 23286
19036 14795
2757 12177
5180 27838
22700 487
28992 32648
16807 15516
31397 32882
14024 17646
13243 26925
17769 35794
17801 24050
8997 2193
7159 2482
15682 31672
15890 24156
3327 31558
34803 9312
14790 34499
15260 18313
3441 30471
6567 33879
27087 5128
21647 34299
30960 5797
6590 16072
9010 30963
340 5118
10351 35337
26668 20480
31176 3459
31291 22515
13072 35064
18825 707
21049 30728
18705 29756
3878 33598
5863 30752
15219 21727
35072 27592
2445 23129
27387 19309
11521 18954
2382 10978
26018 2316
32466 19928
12211 17069
18971 4026
2456 31010
608 11081
19556 3383
7033 19121
21958 1790
18650 18797
29777 31770
35606 5408
34362 8312
32370 33135
8795 5038
33045 18210
30673 16519
17881 8687
12637 18414
7383 18037
21672 16840
30076 931
16861 7311
12203 11444
924 9905
22093 29272
19335 24234
12660 11495
11502 17122
26575 31780
28030 11850
33770 34563
21492 2169
5685 22469
26270 5532
6252 9508
12110 10103
9216 32503
21208 27063
16257 25112
448 15595
17091 28848
25138 10964
15436 13819
29278 22615
17498 3561
21603 17328
19789 7602
750 3443
17142 10984
23564 30410
15487 26133
4072 31211
7748 19751
30501 31213
20107 34900
10468 15314
26570 24891
32934 25564
20381 31103
7695 17212
19336 34764
24088 778
14474 18927
14361 25036
8754 20689
31339 34751
10040 2689
29818 6381
24486 34819
27253 23189
35995 28298
30857 17865
35227 21953
14314 17717
16218 17504
5366 6441
34440 16735
29279 25635
34615 30220
5119 15847
7354 12775
4048 34076
35891 22113
33128 11792
13249 20531
35171 35889
9821 694
34102 556
7618 4454
13462 784
32036 6403
5960 34424
33448 6810
29196 29226
3647 23037
29717 14380
8648 18567
33637 16509
27226 12654
29937 2231
3784 1554
30303 3728
20197 14210
1427 7982
25949 7863
16677 5662
198 8514
14281 24639
4787 12109
2969 7265
27768 12076
22580 16603
4179 19305
35466 30603
3949 4963
4524 29717
30938 18114
2080 27983
18815 21195
26796 16865
11796 10615
8876 4850
27549 18173
24541 4089
25067 25088
29396 25467
24740 21801
24619 3937
5260 16924
8716 17346
22792 11661
7775 28874
11697 4549
35210 32226
25760 13152
34659 25732
8346 11695
14595 32248
228 7107
1490 9429
19554 35431
30344 28263
35681 14313
27796 6964
34861 28940
24857 16974
15052 6770
16221 2285
30188 4779
22686 4615
10167 16424
18065 29222
12353 1230
7396 32618
2112 9756
27476 57
1026 2480
15773 25591
13506 17462
4410 9936
6613 21616
2201 25647
29258 243
3191 33777
16039 32158
2900 31336
26363 28578
28768 26471
15358 4595
35374 35398
3700 14802
9184 217
33024 25194
18958 31593
15347 7944
20900 35082
21016 23523
15526 21853
19777 19847
34161 26255
14487 3618
27104 5942
19694 23944
18033 35038
11478 22287
27998 5273
32482 30123
3073 19003
22572 13312
24980 2578
34372 25177
20889 12518
27285 19587
26756 25566
9780 31884
19654 5562
24672 28704
12051 9172
35254 2340
31033 12655
15793 1663
14769 15630
19710 32063
9461 25479
30345 4129
3777 35426
27046 20168
27297 32748
34734 34993
8788 29446
25456 1076
16712 2428
13326 22236
21645 3674
5182 22133
29478 26576
24319 7746
6060 13873
35104 34284
12484 30040
3378 35165
17594 9762
24719 15269
2592 4721
4770 2417
12332 9280
14223 32041
31418 1250
13690 30882
21822 3002
19870 15905
1005 8555
13882 942
12454 11289
7689 3275
31387 20142
15899 6377
13403 29897
25994 11187
15685 4192
21078 6969
18551 7483
24948 32581
30557 14456
34974 4136
23545 13281
23570 27933
33608 22109
32590 26347
30541 21250
6463 7917
20987 35776
13313 9001
24295 21076
20508 13975
27128 2988
2997 11368
14502 21988
9564 4144
1063 17950
27367 9257
19346 27208
9989 11014
12858 24244
21619 10814
15075 28749
24894 15968
16105 2668
32723 6552
22123 24651
16865 10339
32023 1025
32152 31914
30201 5291
11026 417
23081 11759
11093 5842
9173 18595
35819 27278
32003 31196
12062 8317
35530 13511
3850 9378
34338 17757
2217 34282
4872 29519
3180 27003
419 11440
27027 2466
9011 11797
15168 32761
4455 19740
9898 22797
600 27446
14335 300
33144 15443
29886 12577
24459 7701
3962 34748
31973 6271
1031 23718
434 35372
34880 33263
26958 14371
777 30423
1097 13639
34696 18116
18006 12696
35111 7385
18789 31092
1124 32606
32914 11556
28219 10471
11749 2826
7014 3541
6313 23868
34367 18682
9759 13736
12579 28487
34502 16475
16543 21909
23229 29698
17520 2839
26012 6844
5179 3438
24449 35217
26610 11527
30081 1905
15939 31789
14802 33745
19660 7607
5284 4644
2077 15421
6128 29152
26561 21363
24856 27464
31196 13026
620 21345
11232 15078
5419 7218
32759 21374
28437 14928
21711 6427
6250 15540
34614 27040
2789 13105
15058 24611
13856 14462
31163 4819
17767 30867
3052 31747
4873 3562
18375 28565
2157 9499
20611 14167
1027 29819
9450 11670
26103 25385
5043 24477
19614 8940
10647 29999
15760 12725
25504 23501
35427 17675
21741 13253
25156 22013
9172 8337
5140 2104
32820 3910
22667 18390
3520 8946
6402 7282
28646 30510
15214 30054
4982 27409
22322 11220
25999 22517
21390 14409
1942 19344
17913 10276
29528 11137
32153 15054
14952 5668
23319 26981
24604 34195
28302 32062
12173 14185
24909 31031
5617 30328
19358 18296
16152 951
4818 28057
5377 16165
17562 16242
10108 21450
24904 28459
10111 14576
25535 9763
20754 333
23639 27380
6983 2899
5998 2626
341 30845
29147 33045
23588 2204
17680 34808
6700 31410
8684 6423
5722 29652
12281 32460
28245 15763
29416 5446
33584 815
26742 26649
6770 14288
1722 23489
5874 19385
23195 15668
6100 5947
21262 1044
25247 31444
809 19978
19127 30100
25415 1600
5551 29809
15909 30394
34152 9085
11114 26566
24952 12121
11109 24276
9100 30429
17624 90
19735 4634
17591 25224
32318 21818
4147 34795
10959 2144
28487 19438
18086 27912
27598 17681
19645 35550
31735 13576
5042 5306
23667 22001
16496 3593
16161 33734
32493 23855
12816 3380
30007 7273
7011 25098
8880 23960
19967 30498
444 2679
25933 23959
21773 24015
24897 4392
21597 13417
28851 21950
21938 15640
8922 35366
19690 7443
13164 31359
31393 13750
11642 14775
26100 21002
20916 23116
19101 17522
32179 33002
15888 27718
21358 18163
24646 3570
18370 4153
25752 24433
23922 22625
7464 29650
13095 31866
35759 32864
11792 34517
1764 8042
30253 30813
13740 34859
28735 34922
19093 19154
4533 29621
26814 24127
9122 4301
19847 12344
15862 30008
16560 5722
10102 5255
24707 25604
4848 11719
29431 18899
31408 5043
26268 7168
35021 10799
33202 18085
27414 7342
35629 9697
2410 32528
23563 9864
35187 13387
5570 34124
7168 1488
16269 19214
23266 27299
10902 35484
2904 8653
26190 31058
21732 22722
28211 27534
6944 29089
692 1408
16957 19105
14550 12391
33468 4126
34000 1445
14486 15226
29215 34054
24519 22466
25634 21385
30348 31861
9880 34745
22608 35945
1610 29181
31639 30016
6852 19929
19362 8648
27262 20087
5627 11255
7607 17040
9285 14863
22829 31736
20441 24373
22484 18884
29841 3102
13558 9722
31650 29880
22827 10903
31206 10538
6398 35083
28716 18694
29652 11946
20901 11493
4403 10059
19679 15592
2929 7663
7543 2697
1481 20751
10772 8289
15986 28895
33817 17067
11433 24227
10495 12092
21692 13446
27943 2274
30282 20772
15195 9696
26546 24440
12089 29389
12216 35381
28321 10656
25925 34973
1914 19764
12932 7962
29464 1634
28152 26514
25483 32730
292 30019
14077 20986
13487 10228
18242 282
4101 35793
6669 33254
35186 21711
12253 19370
23973 31059
21364 9640
12916 28974
29987 22197
7469 7361
17194 31391
32079 2627
34585 9138
20540 7660
25470 20191
25726 1626
7487 26322
22802 14442
23068 29228
11307 23423
19494 6061
5555 21389
8779 3607
20525 12790
7725 34501
15636 14559
7665 18215
11997 12827
9265 1478
33478 5479
25459 35286
27410 29194
9036 5727
25147 33541
27725 25849
12174 12744
35218 32144
11354 20825
10936 33526
18930 23663
9195 26055
12262 28026
20617 24225
29557 25305
23530 24434
629 799
31760 18655
8948 22605
12788 23027
25163 29202
32439 5741
29089 14136
32028 29113
10962 27238
5418 29000
2023 18916
14453 10735
19143 27777
2143 27145
18013 9147
14736 5642
35233 9414
18919 13618
11024 19873
29972 31105
32461 34427
33477 21982
7420 4333
7485 24627
17557 434
35594 26835
24043 17913
35524 27166
2727 11462
28926 30286
35806 8974
14323 13059
6712 12191
16223 25020
19511 18971
2113 32152
17224 2768
22845 19792
5701 19918
28775 32382
7694 30373
15529 14715
13755 1759
22979 161
28061 10095
10878 17215
9125 19672
13542 30969
13563 8139
3891 27339
22992 11756
34884 32237
18422 16040
35309 1865
11035 7823
21211 18168
19179 32313
18962 4373
17521 23709
33713 31490
6241 28579
8886 16903
26975 31198
3886 7838
18175 24459
8316 33589
8697 1150
16363 17010
9585 10673
21109 3835
16224 9578
25737 20951
32078 30215
9318 8880
17611 23422
27147 10703
24588 3467
29622 17870
4950 23670
6102 27494
26402 23330
33792 3193
18234 18997
24188 19115
29799 34709
31985 5035
21450 33677
163 12702
6105 12010
30045 6194
23477 10954
4151 35633
35025 21143
26065 20724
14276 19732
28158 17791
13884 23759
32422 6281
17599 35024
21160 23045
18586 846
22136 8976
35869 33959
8559 18443
31808 24446
22528 31779
3173 27001
3011 22303
6526 10685
30120 6713
1068 14279
8143 10129
28921 32990
29919 14491
45 12349
28037 34450
13260 34872
8646 7469
19784 27352
10419 30179
17959 5007
6118 7640
23622 8601
16410 1139
5402 31426
24370 22821
10848 23762
3394 9111
25975 28963
20022 22417
15345 11286
5977 19968
6238 1885
72 7773
13987 14573
31249 8436
5108 9330
14824 14849
34043 20148
29168 8215
609 8534
529 5152
22517 27841
7904 7322
27677 5095
8663 1233
31307 31737
4642 2787
15005 12869
25105 7066
5855 2150
6713 33652
6764 3885
20536 30742
19612 7794
8987 16582
25083 2837
8726 4342
9363 19769
4484 674
34768 6325
556 8113
10756 13462
28843 13109
23016 12110
13963 23039
9921 1918
26982 5950
28993 9540
14238 18179
5682 22796
6585 23082
9176 10523
8072 32810
25168 15849
28141 33090
20612 4479
9164 6495
16239 917
18152 34658
5522 14222
18673 12554
1758 18472
19769 11258
13465 35202
33932 284
25674 6468
19369 14026
3577 33043
15686 31111
32433 24017
25290 12133
7389 28814
15800 7034
32741 11853
4654 23254
34622 24879
791 27794
23665 14043
20741 33702
8650 14913
25352 26712
27582 7396
23948 20597
35807 8102
11323 30534
30869 7230
4784 34061
1094 8908
4426 32494
904 18893
17183 2662
14139 5391
2611 21504
3963 32356
26082 7584
18776 25218
32837 18587
26364 29947
35236 20448
10007 29096
18185 14803
5479 26692
20311 19045
33509 28047
13317 12373
10183 31174
35153 24081
21414 11751
25607 838
4333 6893
20328 25977
28672 28709
15640 34254
3795 5571
16023 7814
28475 9396
7602 25875
29713 26256
3607 6667
11512 11058
7828 4241
831 23837
8993 13048
744 22193
10737 13125
32533 26496
22722 8046
34276 15262
33897 27834
16991 32710
10943 18253
24371 17890
8319 26230
17614 23338
7737 31184
1924 31755
21956 33517
28137 18278
17825 9659
34332 29795
4186 7081
17233 8008
5051 32070
32516 32590
29832 15128
33475 8822
23602 1948
3634 3464
32743 4472
10937 32646
24097 1754
10310 11738
16720 25077
6744 21428
7559 10010
14969 19842
33347 6314
2887 5015
806 32257
16027 30542
3014 19239
30918 32631
23854 32130
9836 33083
11729 17149
2318 35425
27484 35824
14714 1159
21090 2071
27280 28208
20968 7808
17778 25142
5105 29499
24433 20615
7826 29004
32902 30125
3452 2359
11754 2154
14627 11592
33802 19861
3010 10758
26276 32210
4518 28226
30481 8814
18502 20478
20362 25499
5662 31946
29934 7169
523 35350
24178 30791
13152 31190
19110 10244
19918 3653
15898 25650
30404 17262
24136 32421
32333 24760
12808 23119
35820 18641
16065 21004
9868 1845
418 2957
26873 8402
1567 24014
35491 22864
22704 1763
96 22365
24660 24942
6813 6380
13448 28060
34722 22620
15609 23421
32246 26997
3926 23021
9331 3700
18339 16006
6097 16228
2878 20454
15170 5567
34063 4293
27071 19983
24412 22125
30046 11127
5565 1292
6264 21373
33124 30207
8750 27688
25845 33736
4905 27602
28508 17474
8567 1338
15518 30783
19116 1458
17105 20744
20645 24756
21382 25579
20845 21131
29672 6405
17823 32006
15310 6558
4895 13495
13285 22018
8921 32554
7142 32950
10185 22253
6925 10921
10773 19630
29463 23812
30544 28574
20581 13223
26642 32569
7913 4937
35123 35117
23481 14030
13608 18833
20206 17378
30366 3116
17368 19486
7859 26348
5926 14804
10330 6027
19938 6209
2644 22076
21483 17916
9721 4409
5978 34804
16268 27991
23314 13746
25969 5025
33651 33073
3209 19655
19585 28372
17051 35387
11395 20536
2037 13113
29636 27153
16375 26366
6208 16467
30281 33776
9162 29703
7960 35886
784 11836
4042 1220
14568 33832
12985 12226
24396 32716
5508 13957
16963 30625
4915 17560
1429 34913
4226 28425
12960 3925
29061 34228
8441 13150
6028 23874
21729 30310
2799 9683
30212 15754
3319 9862
11010 19679
28388 28534
25887 26887
32515 20884
1933 4223
27962 13341
11326 27030
23197 17494
14072 18812
12266 10525
18022 16807
18341 15476
29230 26599
9741 9828
2271 12578
16108 1816
32696 16095
27001 20352
31394 30420
3997 31811
5749 28583
18336 27658
25102 2426
34460 13238
16329 10444
35630 17873
1280 8942
25068 1910
23535 16935
31437 18205
35686 11534
31764 31841
22547 1305
32925 3626
21077 5501
25453 19529
17724 4167
11785 26674
1709 23819
20898 5919
14354 26011
1921 9212
18412 15470
3840 7336
30913 32785
34697 7907
23425 34208
15255 16503
10462 32536
6563 5915
16244 15603
15805 8014
17468 20540
34976 25556
3665 15463
14380 27714
23253 9456
11385 7001
11541 11479
15503 14032
20841 17993
23514 28802
1849 26764
23048 16667
9313 3666
32259 32137
35529 24557
20255 7404
11506 35766
32142 27773
2488 16145
5916 18202
15246 9497
14340 23790
1307 31145
31326 20197
13204 1382
8552 2282
22332 3584
11631 15708
21207 16580
3904 25212
1437 20269
9681 23781
9284 7999
7270 35056
34492 15492
23914 28994
4754 25459
24484 516
25926 25755
6622 16747
22057 19720
21143 15432
8943 19492
28631 13788
31930 10501
20794 28761
11417 20787
23385 26627
14631 2221
11492 17960
24798 5250
20108 32224
19302 30874
11647 27064
118 21806
25664 27681
11933 6580
20855 17103
14477 33184
6823 4350
32518 23060
9218 27583
21704 35896
5100 21416
22729 29705
20940 3415
11003 12042
5815 29059
22004 8919
29271 202
747 26258
13742 20025
4443 20561
22970 5390
16821 7264
7081 10344
84 16359
3156 8526
25293 26891
28720 20933
27503 29589
27134 31351
32315 8750
24820 17084
23019 11370
35785 21469
24599 18468
6648 13020
31424 27165
14784 24092
29576 11921
4831 25789
2190 24729
19328 14712
1316 1359
20888 1506
17114 14989
6864 5832
22401 30306
11149 12994
24607 17157
10546 11060
4916 3263
35852 26283
22148 28109
31637 17050
2032 9782
28268 5837
10814 24113
28456 11150
10296 7691
3510 926
6637 34462
21699 28519
13471 29735
12451 32385
26823 7767
35398 13314
17385 12488
18450 17446
19491 18872
15568 32386
6286 25040
3253 8533
25750 28267
32175 13541
10066 14128
3573 18545
23648 12411
251 27416
28024 11821
5743 26774
19304 9565
31479 1886
13086 19019
6357 17158
1687 15433
11196 29556
19125 16274
5370 30027
7570 5619
20209 677
26049 30729
30864 8730
32054 21185
5973 13908
35660 25133
25397 27741
12117 16793
24316 4788
24999 6245
24210 3851
12228 3416
2925 21815
17256 15391
30479 30864
17263 23220
14828 352
17601 16624
4040 33066
9905 24966
6338 19826
22531 25867
35485 24308
27132 8667
14911 2696
25370 17059
27436 11133
35096 33014
31119 32299
15444 22229
31213 30677
19586 8646
5175 5876
25874 20796
2276 34762
32906 28373
33871 9293
9664 17066
7883 2895
29429 8381
11330 32717
10956 18416
13887 23632
12631 28187
8270 18542
2797 17251
27747 17286
5136 20514
28534 28559
13233 10813
9692 20680
16901 32197
20956 9914
4392 28836
5704 3488
25435 12382
26042 3577
21374 15065
18102 12003
34059 2351
30026 30819
811 17055
34247 10719
27499 30615
7375 28602
9807 7604
9713 32435
6923 2674
6619 28936
18750 23365
22536 31799
26929 30000
17311 32309
25104 7373
31824 9703
31002 8104
11286 22912
18050 6133
26410 13352
9428 18620
26328 11840
2542 11030
21725 17878
15570 13920
3231 271
31144 34473
17602 11834
24409 27291
1326 5036
22143 16133
19862 32645
20379 6181
18373 21539
32219 1702
6437 18631
14940 7995
8808 25833
19693 24482
21029 6952
17657 21204
27314 10078
5852 1893
12317 5313
28949 30162
13854 31448
26685 29757
31750 17651
33850 381
3684 21590
33769 29695
4301 21294
20390 8476
33214 13853
26437 3191
8890 18544
34360 21180
11387 3640
12633 4635
13155 35859
16351 24995
2168 6066
29914 26140
3314 16723
23618 11667
13049 15734
17956 26144
30424 5846
33104 1345
26015 13647
8119 10679
2003 25461
24410 26372
32034 18674
29236 7904
11639 19566
22922 32169
22561 28336
10717 20323
16952 8605
18683 23531
1799 6299
3254 24082
10677 13099
14046 32088
14507 29193
14753 25434
13549 31224
17635 17596
26838 27727
33639 5913
1315 27692
584 24133
31071 12214
11351 28450
555 27920
14665 6092
16541 2651
20019 33643
18048 22397
27775 30378
24673 14696
22854 10163
14301 32462
30586 34556
19802 34386
34121 5504
26028 19052
6706 30686
482 28663
33523 5190
24526 31301
18526 9740
19561 8375
31572 19688
4184 16296
22039 28032
18120 19365
21309 3128
18146 5016
17115 2956
19582 33648
12345 7054
9826 33467
33902 27848
15749 27068
3721 6193
26483 30452
9171 16606
1669 23296
19373 16703
17002 5359
27432 32994
26516 1067
25446 7467
2315 30336
12447 11768
22490 11942
14573 25753
35038 2967
31178 5459
23495 27280
19674 19507
11871 20575
19254 29488
6397 17372
30854 22370
8385 12268
11998 13833
21997 12130
5853 5127
14566 16995
14637 28430
20126 35021
27557 1175
21714 384
24359 25883
17077 7647
19271 872
30394 31269
7719 30158
30838 26549
3518 31898
4668 19845
12750 23641
32800 25887
7853 19835
25014 5744
34724 8198
27074 910
3544 12505
9882 7335
9003 1042
13127 1758
22458 13713
26817 31531
29988 15846
9387 28560
20735 35297
11820 12512
5297 5643
31955 19721
21800 30372
11589 9711
3802 27649
309 1430
17926 7633
13723 10886
11050 9990
10384 30900
32085 1287
5770 29460
8481 15901
28424 13195
28142 19323
28117 25673
31287 3338
25122 21880
306 517
2473 6729
34982 27243
13069 32487
24452 19057
923 26194
21117 31858
34802 33644
12490 31976
1175 15199
271 34624
16307 1247
14829 27657
22568 20700
20454 4163
8450 17554
6732 27338
25137 31021
32987 7664
20062 32427
10946 22726
4279 29382
19543 28589
19060 1364
29880 18876
34098 12597
34349 30753
22141 28713
28421 15212
8769 33269
22462 14399
32125 30702
23544 8596
12349 19228
10806 25584
1254 27320
14970 23610
14702 30955
8599 10619
13841 13580
33072 18512
11075 5649
24025 31647
2449 8461
24589 11357
16764 13074
35045 32256
3185 6613
3144 27262
7086 32357
1294 19901
3162 15383
7589 13726
29119 3084
24921 1189
35867 23514
16564 17093
31091 23400
10036 11451
13468 32996
610 2096
19734 4173
27583 22134
6618 28222
34099 7470
17694 14857
8990 7910
27449 14687
6876 31875
33528 22304
7716 23282
18528 3059
7472 17531
6965 9908
32620 6826
13019 3305
13091 28694
17236 29959
34285 7270
13217 6940
23457 6677
26854 2751
19357 33247
10511 6909
2583 10948
35923 7738
32530 13461
13612 23701
31501 10292
21667 19145
15369 33155
180 6508
836 10112
5833 23838
7238 21929
32382 9030
9775 8060
5904 13232
33536 28778
4919 27247
6639 432
16771 16078
15150 31043
19401 22369
17310 18793
3283 33098
6542 11224
11450 5586
2586 17434
19043 24408
23608 27199
20494 23636
27919 16086
7596 34712
6226 27638
3008 14955
9070 9044
21540 28104
23431 27094
28687 26825
17584 30065
6092 23710
24421 1951
22461 29005
11985 9542
7461 652
26231 33905
29920 4561
17815 5557
25279 22172
31343 20632
27640 26323
10931 10770
7410 28448
8685 4029
3844 25774
10447 2431
6797 9893
27265 3789
31633 34065
11880 19381
24888 27480
23502 26346
1889 19945
8563 20559
31660 22555
31990 518
7402 18336
26954 34590
28881 26473
3013 29242
17146 13444
20594 35680
34395 28977
14680 22627
22171 26510
34020 12930
34283 19762
6242 5524
28368 2423
16291 35222
31584 21922
22660 25559
25224 8258
9743 34110
764 35442
10285 18608
33133 14008
30756 6084
32496 20464
10840 34167
