14593 70883
3279 37215
36049 28015
32099 12167
29257 67066
18290 72324
13435 40928
71483 68333
11396 44658
55303 20976
4166 3070
3906 3656
12281 70771
28658 33908
30496 31633
66238 39839
3479 55411
73564 66228
26063 14476
71427 7858
54988 48888
28894 34047
58879 66519
36464 46462
852 16229
20927 6257
55393 16352
44598 58817
36422 39055
20380 684
28222 59395
44119 44431
13397 30946
12157 69900
49798 30650
12677 45920
47053 39217
45083 37295
34672 18347
5696 49502
60218 68114
70285 32458
16362 13793
49616 42972
10329 67693
72358 25239
38428 47353
47401 59548
25204 12844
9117 19210
6007 55797
29872 54009
37931 10741
10459 12092
30513 8152
13239 55691
49824 17048
36435 62424
59430 28153
47820 58480
21320 10234
48521 48405
46567 68978
27461 52790
34994 73266
9359 68020
22432 51745
70011 34563
32088 65383
21418 55499
60590 57683
49736 64166
35383 54647
73001 21345
28786 18920
42505 66295
7332 16663
30022 63540
4208 59994
41348 16959
52582 67265
35094 69356
8676 15475
27654 27872
41246 59695
27870 62044
65436 4274
51857 20558
60143 73273
18727 48410
34719 15567
18302 53559
32326 14462
73580 15843
70645 48443
34439 37958
56156 5280
52351 68522
47448 20094
28747 15433
18132 48689
66785 39968
64687 49082
11916 39749
6176 38533
14372 63692
20034 3668
20970 18727
55334 18631
8327 55281
50433 6377
50020 39999
61349 37157
69353 28257
32954 23997
72513 64068
1505 274
15015 16034
70382 71767
34974 45699
44588 8856
14622 5857
38470 54733
56986 63069
20731 40594
59471 59294
426 44280
34523 49455
65613 62290
23417 17408
66543 18157
13948 66161
39118 60416
66541 58974
26072 58862
20033 19528
49010 42627
21175 11707
70698 53691
69515 50756
75 30517
42488 51826
64043 44434
2553 70910
14663 6006
47577 58078
40307 36357
31386 11604
7593 21708
31572 3252
10323 40482
11227 73538
63700 16225
9072 73316
69823 11162
16484 25222
16829 71020
62297 6931
72064 68388
21644 24825
34742 62369
69164 65882
55462 2447
27761 15766
70687 69712
26366 23560
40858 2487
52297 36040
48945 26976
57423 32151
67840 58227
59178 11095
15861 69933
32494 42000
29452 52665
8393 5897
44314 64419
2758 3050
72604 44559
30162 57281
28865 23660
943 54387
9306 3154
7717 69194
30008 41600
8835 50071
4118 33709
43310 11931
9288 15027
67392 13020
31196 71013
36501 22041
63625 37402
28081 18879
70679 23943
17343 33497
61954 11748
31851 20215
61994 40213
53355 53383
24958 22177
12364 7722
12705 42637
56499 23785
46439 3562
55520 7668
53884 39063
61214 51111
7101 12943
12900 41949
7945 18673
52773 54110
44474 42496
14323 33808
32592 49220
25113 15856
24932 6800
70293 26550
58801 31408
18374 30998
55297 64616
24051 66667
36510 66116
60638 50470
32743 15084
9881 35297
58083 7948
72133 41725
12834 60926
6631 72499
70856 53357
1935 8580
12225 63462
30983 3789
21799 53412
53270 30637
63654 2441
63093 35280
28017 72624
52566 13306
7686 32286
21580 72707
49673 16459
283 39927
51174 53314
34761 58456
59639 10999
37389 65593
55445 26668
72846 18661
63789 48930
20290 70837
24891 22045
38891 32134
28535 70456
7666 55543
71067 72765
7990 59211
41105 5478
7493 132
6573 60903
62494 37913
65910 21940
69616 72
20636 7888
7456 63202
66563 35823
10501 32885
24357 49828
8982 46062
8908 27887
30829 66890
52924 36873
15714 5962
32272 21158
5210 70005
10746 73805
54949 9167
68523 39406
41468 11760
34180 51814
26773 16119
41181 18305
31286 72939
34815 36630
51877 56619
17155 27637
39322 66168
59930 41721
41442 44910
9509 34258
1221 59339
60069 35785
73793 32235
13105 42158
9603 44779
70469 27607
27939 60267
66308 43052
17362 2081
45746 17528
9017 269
32019 62460
48435 561
37354 1256
20677 22746
57434 54155
71201 72849
39652 64092
69330 51484
1026 70534
72693 10637
39241 10162
13578 70602
17602 4057
34665 58351
15130 16177
14030 46268
20375 49333
35698 46920
36931 50693
27608 23225
44943 1106
26686 16354
34601 60647
66245 48560
64033 25296
32915 58272
6659 1228
12098 29036
55519 2593
36266 36849
5779 46901
465 25102
43720 11793
17147 39739
34336 28987
21179 30705
57913 64725
72310 47580
56058 4823
73520 36800
1268 64598
14664 27406
9863 936
19537 25702
71512 51916
4723 14542
48394 36353
72421 65579
19411 64752
56334 22345
16705 25398
5483 23007
40405 8567
47796 16810
5230 8527
46899 16703
27536 34030
32707 29880
13474 68562
46358 35957
73386 25147
53265 3031
20258 69854
31030 33151
21300 73416
23207 59498
54041 257
3249 55983
23510 6798
43541 42337
53965 56695
32528 53331
34971 35919
20867 15954
14169 67934
50141 61157
5076 64956
61695 47379
29155 67798
26159 5698
60333 29432
45831 6156
40002 36430
29832 55059
29220 69785
3102 58834
25314 41451
52228 677
43026 51362
36518 25508
9100 43871
36586 10723
46026 3326
66769 29574
52387 55551
70283 9758
43405 32766
3618 25806
15119 21559
34238 43153
23406 40738
34796 8238
5015 12679
14209 3654
56960 62911
45310 56617
41115 3149
57200 43818
67034 32822
15158 32395
50489 14135
24915 62073
33387 31243
5818 44670
57155 7135
222 43725
68147 68115
70576 31031
25826 9557
47740 57479
56532 12540
9172 58518
43280 16362
41146 11212
16335 7955
39364 4371
66470 49466
40539 41063
53529 8524
42754 16717
52744 8127
38753 57924
72668 7182
16684 39515
25145 56603
55109 8624
49696 13347
22811 7313
39447 73304
53226 6843
71820 38656
54 49999
39830 52650
37607 12561
27550 53885
56347 30555
42238 1391
60947 59430
57906 50322
57955 60845
28011 56113
67001 13275
62022 44515
22242 3405
11115 59517
37197 67793
67562 43018
43934 25229
12241 14157
30785 13460
40688 1611
29445 8854
26101 25378
19314 16513
3202 66703
6058 33592
32093 46582
62278 55183
9546 63098
59693 58278
54322 24370
25486 31871
50329 18046
64800 5777
52384 7929
31980 16736
19343 40851
727 57128
13971 67257
55725 46891
28684 40789
23054 70929
67890 19088
60890 19322
6583 61542
73061 40459
32663 44945
15907 38151
59830 48344
17478 1060
60902 67854
69617 18954
73260 7513
41589 31115
58009 66468
66163 73329
55934 7158
71811 55321
58447 45065
20862 25613
62217 26264
58992 26380
33973 8966
32407 44768
36348 24820
68328 62355
63518 61264
31359 43404
35993 43996
57655 39274
10156 54880
37451 43073
30736 21271
35615 13743
44021 59547
41905 5531
70799 65003
10562 28758
18137 485
19770 29233
30312 30183
50206 61150
20029 27937
28044 31329
8419 63013
54378 43453
53425 49272
43370 26912
71122 52470
61070 24150
54497 882
8162 47556
27111 1297
55070 9665
51050 46909
2561 3935
49858 72705
62519 15099
773 18665
46106 38087
39140 57726
51117 25481
54922 47175
70546 5755
71583 3891
28907 26100
63994 25930
28761 37238
35775 22826
57126 28698
63655 34341
3805 22844
50969 44541
44058 72681
52995 32240
21633 23402
61262 25689
16729 2818
70009 23079
3535 34314
51646 13264
73976 2752
3553 17989
11004 49667
56180 14545
17787 44353
60516 27557
23820 39987
6591 59796
34100 31477
49690 48450
42907 48805
27743 22461
59599 69066
42841 56849
44237 8570
49693 15532
36472 18932
55256 17144
33066 24857
10736 25125
61645 69804
2541 49571
70703 49055
6827 41675
45871 56301
29390 32054
8994 6055
5277 24786
4068 70185
32412 38560
26131 19473
2672 42950
19974 32398
31267 6981
16545 36710
62071 16576
14994 66620
73921 64093
28570 27426
60953 10671
33587 61692
48352 8504
21993 21946
15013 66666
21466 50872
40769 66737
3366 49056
40889 65351
49193 68013
51991 60853
25996 23462
9962 42183
31831 49006
13357 68876
39530 63347
15867 64854
5384 62097
45509 35172
69828 52553
56149 4798
48572 27159
9039 28774
66318 26608
44726 59256
1659 30722
55058 51892
64252 28652
13834 40108
56823 55709
47473 49426
60259 20606
20053 49035
57081 33362
23087 72162
68387 11110
35401 17607
70540 11014
63373 38673
60932 58263
57092 68003
35180 46082
42246 30170
32178 5393
11360 60982
36560 67144
59088 44090
31964 55851
60911 59134
49675 61283
44093 56690
3762 53603
64790 48171
42601 65214
23835 41553
63905 35786
27803 50119
46508 3240
33863 23537
44609 57893
36656 30644
36212 34816
72849 9947
1331 47068
67716 10803
25043 38604
11222 65768
31636 67213
53272 71651
64039 10245
72769 36232
31500 29851
62403 12899
64333 15544
58744 9352
2261 47217
12197 5018
38567 71569
29046 26255
53006 43747
31891 25775
40136 43155
48369 32772
62032 39678
72545 35975
69589 24988
45057 18071
55772 71189
72141 34228
43358 1119
46113 39253
59474 36943
35510 45434
40190 52929
32952 53184
30218 1559
15815 61867
25243 67194
41360 19567
15671 52102
70237 29830
24268 29744
25106 27509
28362 62186
63465 30635
36242 67611
68766 72433
37094 61439
13177 60477
25444 44651
38830 11256
29817 41036
47302 24622
23520 56203
39619 54748
1855 27471
16592 57499
35955 58979
5966 73197
7147 3946
72530 49113
38291 18213
16552 16823
64341 40052
13447 1269
1608 65510
37269 46487
61525 44542
62747 29556
57734 54939
44658 55800
24165 52871
6735 70465
33093 39275
62617 42740
14954 3047
8565 4222
52522 18237
64455 20145
9711 43287
7027 51235
19888 49981
19556 26766
73773 51202
39825 8351
11165 70057
32531 50651
15526 24686
73148 62231
54549 14240
29582 43102
68495 59184
49857 39931
59050 12222
58029 22469
38975 13673
56208 72471
40027 23284
7895 4203
13007 64044
27236 3518
27660 24471
34688 26084
10642 9109
20586 50580
31440 37201
22783 26987
72351 30545
9839 38156
20518 68734
351 9173
53546 59594
59049 7531
61593 48320
38176 67965
4279 1448
30341 22522
37763 42831
37057 53853
59511 51263
9330 20583
30596 14516
34676 16927
25929 70314
55724 54843
15044 62686
71377 9013
29467 50987
19529 27064
34817 17031
18644 26959
9360 40601
7817 56650
21748 20812
40320 40674
37829 26605
57561 65861
16300 60157
61434 36103
39858 26438
52758 976
35684 18703
65598 58423
70777 8385
64723 52329
57378 32354
10544 68926
5225 43109
56627 64351
42248 60320
32817 5123
3391 11942
11971 37738
30006 59810
2720 45454
35326 38988
5274 51261
22963 22955
61670 54402
68022 32655
57964 23538
36459 56634
23789 60009
57133 50419
64452 24045
11960 12522
61606 51584
45608 5724
53524 31418
43688 20701
42082 35885
13711 70483
21080 38259
43229 8749
53956 28477
64943 64683
37778 53908
52489 72460
72103 15890
4810 48331
59615 10032
11543 13792
41225 66113
33083 42732
42373 53753
15195 59106
52977 21606
67450 33131
151 27181
71119 66331
60553 5851
54166 60578
7105 3502
24587 9594
67953 60543
47420 49959
65339 45044
57940 52343
6765 51993
26681 4952
35004 1408
71988 32848
17173 15032
37753 17889
57425 42876
63533 60850
15916 63539
3784 60471
31366 8944
20759 10820
40731 71884
72200 31758
1793 57374
72385 18384
53477 61708
12218 36588
14872 21151
60483 22360
15397 2368
20182 13175
65324 23231
38255 38555
66699 16273
35839 70079
54460 51230
63243 22080
61895 10170
31947 1470
59872 35816
72256 20120
18959 57758
50278 46936
24984 23323
66617 28400
17893 4515
9151 69770
36209 28334
54388 57942
44549 6260
66551 68535
35019 13474
337 51200
37073 40413
39133 58195
64179 6871
19477 612
58530 6379
70593 26443
63484 32729
45237 49106
43574 31266
72341 26213
71229 11979
49442 2103
59683 55271
42177 3663
24728 1909
31301 44187
50197 25186
30614 8281
53842 28911
5721 12662
41705 22005
49969 21896
50605 5769
19937 54485
64924 67175
4853 14115
16548 42880
65837 42295
43516 73670
13155 24845
57712 27148
13070 71003
68938 51782
59891 56084
2012 15835
18895 30463
53737 28021
20233 13879
9808 46738
61538 42385
34738 22757
44376 1966
52099 52710
10528 1571
43066 51012
69943 27888
49809 60133
41506 28849
63957 8653
70913 36498
4706 48363
8969 5760
30772 8826
37668 28648
29818 53884
11847 39523
56882 65481
12904 13345
13174 70279
58154 22474
21806 33023
39252 12419
3795 42514
6029 50931
42517 17424
7356 43523
38453 22981
46985 41677
49132 63194
56451 8850
19081 43923
32008 2314
69622 58840
54009 66982
23601 30465
22281 65985
22947 1743
10351 30489
31567 2781
65231 16261
18759 30985
30434 56165
60444 31923
33290 10406
60237 7855
33467 18030
1232 49090
60982 65370
37701 38878
71644 26479
20707 19880
9682 49251
57899 26790
45294 4969
39211 31204
55616 58161
32781 43083
59879 17599
39600 36455
26112 41621
50423 5192
63336 68272
13980 54381
31092 37809
49987 3106
47050 30017
38781 43421
38697 44923
2876 31753
51880 26977
35977 70689
1062 7088
6429 32551
65108 29157
37513 50003
30163 68351
46180 24058
28706 57982
24921 793
32851 8470
17928 64441
12736 9174
5168 25227
40493 6830
57780 18551
4374 26768
47824 16458
17225 12028
11814 22765
38681 71939
42824 26788
54461 30974
23022 66510
26319 10246
17323 55869
70702 61221
47954 40825
69580 21517
65772 25892
35721 32103
21568 55577
33682 23126
63157 32633
38685 39729
44397 58756
15096 26399
61386 35634
9870 10488
18450 47132
29572 52199
52090 49509
73049 21990
47943 61698
11837 57853
51718 55404
1825 66230
34664 56811
70330 20432
16200 63177
59610 2597
48312 49994
34363 56020
49942 10910
48690 39352
14202 70412
30648 20028
61798 72464
3281 23030
73585 33724
42993 49867
29016 60772
8286 40089
60853 59455
39609 37123
53517 49172
15293 73682
18321 63026
5944 9430
4878 43678
39894 17912
64570 61507
15221 25653
12740 20281
30776 24855
70458 548
17782 1683
50941 65628
59460 64416
48630 53026
70805 54503
54936 51728
20254 48909
54380 50337
12979 64167
64140 40346
53493 9337
36667 53581
4289 5090
48567 16316
28478 50440
58116 21282
58288 25458
30948 57187
47538 33458
13023 45689
48148 66796
71365 64045
47013 48259
7937 7564
52185 50507
36161 55580
24879 32348
16012 31766
59601 62617
12016 4523
27802 47372
2800 3704
6630 19384
43714 34254
31926 59700
16506 19316
26897 33331
8993 32430
72642 21159
27153 1618
28306 15301
30540 12099
43065 50378
19341 52123
372 10532
36343 67966
18965 24750
17039 55437
70808 21735
32854 55951
22872 33145
14409 39613
3380 65621
17276 69888
1948 50173
46956 40368
31187 53951
42438 11649
2069 14323
22839 45141
34783 18706
6869 35262
16615 27463
55177 52163
68956 40384
14897 842
8331 22073
62423 64452
58757 207
47454 12698
67272 9155
14294 54768
59246 68808
66040 54637
29039 37794
5684 56486
68348 22366
39536 23122
60037 49107
4083 24432
7973 17608
62782 25955
52641 63763
55873 23854
14151 65879
64261 14450
58139 59070
9633 27863
10590 24332
42220 26338
19443 7731
8610 23951
16541 25151
36047 33994
71875 53582
42623 57768
49926 14313
69542 21775
38653 10461
59470 38421
66264 11234
56388 49510
13000 16343
14997 36276
72265 8424
28184 44847
56371 3889
59187 30774
29950 62639
54240 63596
44425 13214
59442 1247
52263 8003
54525 34876
12464 948
40967 5487
55937 12694
40964 27666
33409 68464
49061 952
20007 49240
62164 68168
8800 34844
11958 62028
11189 44176
12220 56290
56607 44113
12657 48600
48844 44968
17055 41318
72925 31405
7862 47345
73609 52229
73621 49603
43208 7503
16022 46666
53846 43288
46347 13131
55436 405
6744 59890
40954 52666
46091 18202
13580 3366
66508 16109
27885 69551
20281 36631
63202 32577
29393 48291
14185 59234
45891 62286
72911 67491
48177 54150
15059 24634
36513 411
29644 42230
56245 2180
73527 47213
72973 5998
3442 42668
35055 58237
23648 30613
35819 63510
40500 52451
44542 10666
46010 45657
801 56088
23778 62407
18777 13167
52532 50445
9121 38518
18596 25570
4019 18765
12027 68165
69532 66144
28198 4161
49309 16760
55029 65265
59461 11416
44682 39499
20632 71926
48504 61185
40847 22028
42518 58496
11136 15163
6896 63199
20393 70867
20633 31576
6523 31898
10694 27741
35666 22339
58080 11723
55577 13825
63657 57003
54288 3831
35805 21003
28256 42796
67155 50265
14919 36748
45243 28886
56350 33768
14535 62430
37126 16135
63784 17794
69067 70064
40426 64483
5953 11855
28904 43621
51808 29335
7181 8477
1008 44988
26795 49416
39508 50024
27687 73650
17988 57274
33492 30588
37939 29302
43008 33960
15727 15164
1014 38139
65194 11493
56447 14600
23029 11684
16933 44596
49835 24663
69807 15219
65571 48201
73234 16701
46422 41075
9448 49833
52045 221
5545 8112
57177 70203
2457 24886
60261 50876
10206 55536
41034 41897
56268 47845
53009 16556
54748 68125
37948 29117
15097 13971
53089 51815
2734 1205
42569 70556
22528 60373
60306 41410
47429 18967
11552 38906
57241 28693
13876 65515
31892 59741
57105 19324
52488 37145
68677 19120
10309 4502
51874 41962
40669 40488
44501 65848
29042 16183
43656 35842
22038 62690
10012 28273
66911 64884
14946 38207
69548 49376
66841 7709
25416 43666
45794 20015
46020 27606
19359 29501
30969 6890
13475 23465
19195 63899
33551 51356
25857 39204
22741 20866
20037 2827
9877 71820
23219 51418
64765 44226
60812 55370
73890 62053
58839 45654
73990 51297
42364 51258
41437 9415
19787 69186
57641 37099
8951 37011
61463 25572
57962 71829
39692 51613
36003 12756
7363 17158
46130 42392
66498 7095
9725 39856
40686 59970
60522 21456
59234 18031
4930 57919
7457 63235
48332 38153
37628 18983
10058 27495
11836 28592
66463 25645
50395 1198
60649 47478
72656 13363
5377 19347
58948 49356
24673 22050
42144 7384
62342 12590
65716 46608
19774 62112
8110 23545
59051 6878
13567 15381
45016 67560
11054 44367
66133 56862
22618 19474
5131 52953
32473 32113
57596 4456
68691 15572
68518 31570
20808 51990
47697 64046
48871 39675
37080 22609
50780 49201
53579 11746
44351 60775
6864 50083
43864 36074
8640 58343
43214 48146
12388 1521
73134 15729
50668 15287
37244 10832
33030 15998
19710 64123
43695 66814
10683 29483
18538 3019
45852 62849
40663 35878
51375 12394
16902 23737
11105 50327
40578 63464
49373 56841
43055 39108
16751 16415
68996 13034
12250 42629
55497 8323
66649 70453
47426 24234
2390 53128
47527 2589
40484 51616
23628 72884
28075 70310
44792 69480
63737 64037
25167 8380
29694 68014
18031 70646
20309 16265
10115 27193
38771 15379
13257 23681
66544 23585
70749 698
69014 72709
4948 58620
44141 41196
17177 16128
49378 5131
20219 16885
21267 27031
23704 21131
21698 11511
57367 73728
5727 33655
53853 4589
47750 11091
31134 16347
58223 66342
37347 39136
58842 47653
30672 71360
69994 22493
31349 55451
40563 12
61475 39401
25431 6052
48214 68085
57750 38457
60514 70006
36933 58317
50053 18332
65917 64284
69136 41018
54875 68507
21242 46153
26175 70545
18141 66925
32769 27505
6840 12978
62992 5864
48656 31078
72685 4815
67622 24652
16342 18569
37364 39284
10994 28209
21013 17591
35756 72362
58894 28317
67287 47064
57341 36359
12022 16842
29103 55315
59131 9747
45821 72070
3496 33420
54382 34168
6981 50041
51965 21407
65800 52437
49016 59778
30904 10913
50616 33316
10697 55751
49141 18776
29431 70243
3695 26708
41771 9249
12988 35311
43948 25249
19143 48778
18036 73878
5021 67034
37602 21502
61926 55010
18192 20119
61488 41466
58800 56837
689 49669
10385 3397
2491 32441
33545 35406
28267 16335
19598 69661
71933 14417
69177 71876
55477 53318
14574 8646
31148 43170
39473 11663
15971 43715
6259 19180
31253 29592
55028 35868
59915 1293
8233 12839
14531 49435
65514 29128
70262 49629
2155 13763
67552 16188
31712 23034
18819 69007
38178 40181
56262 64176
206 12523
46245 69332
31532 45732
54601 36962
24552 72292
68615 35528
47266 12985
8871 6287
68952 22381
71314 41681
66497 51061
66536 23682
72634 45243
2666 69689
51178 72309
61622 52777
5707 62504
50710 16722
48930 33956
33247 1245
2129 67315
46806 20381
8856 16564
45194 18701
31605 49651
13588 35045
43584 6930
17487 48517
5812 32652
46177 54821
71568 60004
44375 24000
22950 57536
60900 46400
62723 61429
23892 65829
17676 37595
8271 36153
59989 56069
4848 68236
38463 29985
26423 40002
5742 11396
26145 40064
5493 53283
41366 40992
40643 11815
67553 10417
52197 10053
71177 31463
62050 12273
33203 21642
4800 7526
25049 11087
37502 37468
46790 72635
6266 64599
43507 1402
35812 55573
16316 66675
48238 17882
57273 62870
52432 65249
57638 67504
50679 69784
44439 16344
24487 53146
65039 1822
65212 24928
48149 956
68063 55703
34960 70036
10829 45228
55641 32012
10346 69221
56441 5552
23653 58806
71497 22090
38505 68619
42102 22914
13448 9847
10495 48111
42982 17475
38751 67330
40174 46307
58448 6673
55852 55408
21843 64948
58184 49689
46078 22346
58607 48928
5552 14842
46211 44297
57009 32738
35987 70664
7519 15449
9836 38020
53243 39214
47620 63325
67252 38476
4082 34702
18715 27927
57433 293
4562 51593
16546 28504
8813 39954
30933 67572
48016 4644
47468 60694
50182 63999
4245 7537
20112 46629
58973 773
48624 60340
48761 43064
58189 39106
10078 46386
18048 14047
69398 676
48097 45839
52172 24401
41208 52700
36529 46470
32718 1162
14870 13283
3397 56467
24386 64494
65411 25893
67862 11108
50724 69350
73620 67413
15436 20148
34312 53834
34117 16233
58494 63887
28125 906
37432 20399
64383 32786
26238 29635
16075 61696
17791 51821
9707 49062
59251 39228
22631 47776
58342 56144
11507 23879
41890 70311
45538 35322
8512 14247
72090 57485
71064 57588
38059 21212
39316 18334
20645 46366
22819 56881
47382 762
66684 47086
29392 26014
15908 14506
26343 24847
18203 37343
64753 5277
3446 17522
47304 51714
72617 55189
48354 43413
61264 4143
72306 21013
17010 26083
11301 62823
8618 34839
40540 15571
52188 55194
62740 64104
68904 72106
53844 16704
53666 42584
9667 52413
16427 65780
41554 50968
9721 17226
58980 14383
61058 14140
67812 2773
45157 16532
16822 20388
72261 45105
23851 65537
16913 1789
56705 31000
65912 6821
7264 44846
16275 56318
67909 1053
20057 56929
39863 62940
21582 37941
21230 36992
42292 10829
29553 56224
45354 32473
68013 19988
37231 67010
10337 24493
32848 32699
25730 36850
35973 15076
16407 34542
69925 32422
12246 56251
65874 26007
22104 62115
20211 13509
22440 65842
44253 23749
73875 24730
5400 19494
3719 30066
10647 15790
5959 17341
34689 52597
27632 5029
54603 35896
3970 25190
65279 19164
71510 55877
37968 2315
39597 26168
63301 11920
32097 6679
53228 49854
38986 53386
59447 68810
9565 40167
7853 30334
20720 29069
57620 44064
54477 55847
63472 62810
60876 8042
26742 66829
44590 55978
18831 6771
40971 39884
41854 14426
45269 35291
52261 47655
17140 36774
48568 46010
67500 54798
73617 32371
13918 41923
41828 6234
31686 23823
61142 5360
16060 71
35059 6833
58930 27785
32496 37398
18466 61874
12690 36722
6633 13208
38039 56480
50352 24228
54806 33065
32542 64394
20933 47656
42918 43816
40989 39893
24882 14619
20886 12700
65309 1791
67467 72322
61187 17080
65374 47261
40442 47368
65192 69320
3038 48706
11803 31229
51544 36169
66250 27530
59931 50339
31553 11434
28200 13942
46255 17103
6378 15776
6625 5380
36878 24961
64867 25288
61681 58428
37454 12929
70346 9815
1072 71642
14090 39516
56483 62155
17556 26477
47944 69935
52856 20143
47965 5743
5931 16756
52506 25128
6706 54816
73639 72155
25514 33100
47517 73446
37828 45527
9638 47974
50640 58784
66094 15392
59029 57164
72071 8875
36664 63285
15573 54920
16865 68651
12673 66044
51630 2868
48916 21881
44445 35934
73117 16900
47921 37966
18910 5957
26091 7969
66732 24929
52611 52101
65547 64885
5939 69792
5101 67304
17962 9829
43653 21695
62095 57377
68070 66753
59899 50352
19522 51151
67569 52541
18322 35586
42988 27123
41751 24126
51506 472
39222 20972
44090 28549
66495 67214
66810 59696
69775 66037
64206 68823
73784 33926
39295 39769
62246 28880
2181 38845
48282 35195
43417 72372
14367 15612
54597 22428
40328 29351
3493 5979
62206 69936
34804 31224
29825 38253
6732 5124
62974 19417
22350 36407
68713 17429
49833 35447
19370 6753
31746 32638
4139 27522
14405 70071
25007 15229
2483 184
57808 45543
41117 48381
54891 42541
19849 10912
54128 71995
26725 34609
53789 17513
65775 53523
61815 38653
8164 42551
18099 7506
67985 1365
27177 46594
73517 28742
42605 36660
62702 23166
68876 33553
49392 2050
41125 70437
22700 13952
60250 50068
69879 33731
44870 72205
71602 27022
46438 57959
34651 28920
63463 42502
25201 35232
32312 26729
36570 51835
73150 20401
39125 58466
29474 30373
39009 56873
37881 48319
27169 19443
64095 62785
41556 12281
62889 65007
45719 23792
73465 60214
35843 24252
37722 23084
15975 24755
71198 64294
49768 23647
51713 36969
45238 2759
19199 40654
38071 21355
5514 23296
10359 51669
45399 9104
57984 18812
33613 9444
62794 55889
28048 32146
26486 59641
35538 52758
73665 13138
35602 69046
17993 17996
14317 1546
31364 13072
31780 49529
6654 50331
69605 2716
29580 14423
30519 1777
6881 5734
13134 17325
54173 10958
43293 35083
61919 18696
13179 1770
18019 1232
680 13939
72136 71090
20702 44354
53335 11137
62351 26519
62581 18250
26144 62971
37650 73775
42097 58239
37410 21384
7755 40290
11726 43484
30438 62772
70144 20253
4889 31957
54774 7324
23041 71242
4764 35057
52035 71253
64931 16132
24421 2780
37942 5837
4911 13477
1215 71388
39111 38895
14065 13444
43915 67049
37299 54433
59553 18591
71212 159
68724 29402
64739 3146
17590 29711
66089 55986
61345 50513
35762 19317
25273 46310
14765 37598
43344 29608
21299 50430
60151 14734
33721 64464
24406 22225
1847 14436
44186 29429
38670 13335
25319 36938
23003 46834
53149 10000
56060 43742
67539 15513
42983 47251
11369 11116
52539 5682
12503 19806
24220 23340
18431 56182
42416 69532
32513 43889
896 23772
34182 55738
50276 19690
30871 39527
58555 37619
34996 45664
43205 13622
39577 35533
1499 65438
34283 34787
47128 10010
30973 286
8143 19483
15496 19214
61001 41977
40214 19370
20935 51197
53139 58550
65867 62710
40761 8823
15390 14833
38672 56028
48175 36501
28948 18962
28722 11856
17508 42344
62677 23839
20079 50466
59635 46218
48972 41854
54506 64777
71990 55553
61713 63084
70454 54257
28628 43708
32436 18117
10731 32232
68880 50225
58557 54875
69229 72003
10238 65157
73947 70615
14708 69963
8095 64567
71782 69793
66256 70283
26498 30162
70342 50414
19642 10960
21567 55292
68203 69068
15236 28749
26923 11437
64072 30828
11920 47410
66896 376
58391 26645
7293 2249
59433 47501
17295 73188
67273 62119
54451 17511
59874 14439
73913 7809
7568 45790
73243 47299
60605 18265
40393 38627
2854 60345
51898 18893
33353 72287
396 55192
28561 31785
9573 27622
5937 29438
55535 7323
45159 18062
8358 15367
70932 18754
7898 49475
9047 3454
61876 55668
4160 48718
37630 7089
53592 13895
23591 9670
17751 62499
55098 20733
49082 3957
50133 19253
58791 47874
49480 18518
49237 10354
10519 32119
70688 10102
17432 1636
45583 54591
15550 19624
23393 23911
70420 61574
51519 18365
69317 69134
16692 39258
29189 61629
456 53940
2980 44216
39108 58193
60687 1732
71362 37588
55592 14584
69722 20433
49713 7865
30103 4210
32442 22752
60376 65968
45372 21018
20333 1425
36130 51956
24705 55525
14791 59546
4223 33824
54951 65782
2051 40113
31545 29795
27012 55532
8820 20553
13225 35629
4401 12051
58516 68355
6381 49488
32078 16402
5799 27770
52726 52482
57536 7340
30716 51419
70748 24078
7399 73308
18368 10120
66047 61399
37915 62576
30693 41051
41800 53098
42031 49869
31052 21604
39553 7166
18778 48691
68322 55604
28973 25524
54207 35379
39388 14209
36065 13684
72971 10199
22956 47541
55995 43971
72857 3677
64963 31396
6146 36990
45144 21334
49959 70985
68743 13955
41778 8562
54569 27776
53512 1439
19559 40517
39307 24608
49344 72312
24102 26441
70508 4243
62066 31502
31585 35281
29537 11147
39419 5882
18921 73891
60690 63414
7553 5988
73714 6298
54091 41233
54593 12218
73045 40450
69468 1112
17576 46747
50911 37016
31832 52185
33423 65565
26652 25544
43289 41219
10364 51203
58955 46641
48638 16977
12120 12764
70207 43427
24967 53384
6756 66006
35188 13239
49437 65822
5184 19686
9540 3105
24663 50085
73250 62516
28445 4904
62836 38027
27380 21132
43643 19863
39740 60701
2010 10323
27763 12228
24907 30353
15377 28266
62774 18464
31798 21109
26806 65749
51988 67673
31370 68589
72363 44750
42155 58653
37102 17197
49895 44437
61113 38122
69947 47228
47089 5245
34284 50808
47140 31341
67216 27371
65180 9831
61081 19976
12925 65212
41974 12768
26625 1959
48590 18694
41016 40573
54255 71715
5993 11426
73732 65394
29003 12336
19127 59613
2126 41120
34181 22246
72524 38746
54733 21165
38692 8935
19977 36716
25716 47623
43237 46317
30150 11696
49787 9324
32209 23487
65445 60391
72174 33810
44246 62032
33729 33558
64045 57940
64304 18409
60402 16249
22051 63998
46161 5190
22186 47642
18345 37569
71637 52552
64005 53613
24124 16907
71059 57781
7699 48069
68675 67172
4434 41111
9743 48980
6359 10944
837 54159
54054 66315
18022 58995
30335 34450
8909 5594
19796 7479
1199 32089
28669 73506
66288 1042
59771 20259
48917 13802
7924 38098
63335 49260
63945 20737
2062 52335
867 9566
69759 29236
53915 50886
1554 60592
2193 12256
69392 45736
36011 61064
70221 61406
37577 70139
2247 60930
65827 14303
56437 11249
23497 23629
14027 14202
12625 52029
68733 56770
19517 26146
25157 52629
69004 43087
33085 8451
46458 41588
35039 44883
52023 63740
10358 27871
48897 62420
53219 14985
60162 36488
31878 59583
29604 71445
39319 20414
10567 61600
4153 19073
12256 27980
53121 41968
49711 4106
72444 49845
62391 8179
1239 47382
22464 56376
10838 62051
65518 27974
56874 27721
43421 3008
12500 55434
69227 35370
5578 33040
30116 23083
27711 10957
62325 18578
35533 9078
6103 35902
9745 53094
36750 10710
73861 39104
4313 59169
23509 55014
41221 68784
2053 28064
18900 34007
52206 24128
10085 7045
39227 12117
21293 56169
73920 44830
31520 38916
51008 21566
70853 26032
43481 45781
50312 54933
18344 63128
10280 62325
65640 70190
45333 21062
7039 57251
12804 46491
57291 51006
30428 1302
9964 73520
44643 26026
51997 18956
42779 42433
3884 41487
35826 1860
59055 19728
64305 60118
29903 19332
46637 65464
72488 41473
49208 14891
56604 53266
24346 34447
49817 68249
11233 482
38716 59056
32303 16479
9635 58895
10753 12773
35124 4783
20215 28656
49808 24597
20222 55074
51069 71577
41508 21772
47278 28330
13966 45625
11996 25056
681 1884
40406 48531
58293 47684
47176 2123
35359 39577
13400 40235
17368 65810
11443 16351
24562 65423
56490 59769
58831 54271
73006 53791
72711 46102
67167 46166
53484 71103
13539 55817
3443 68573
11747 44018
46389 14861
72643 23045
12199 60139
42524 56150
50494 48906
1618 23187
38254 72451
54239 21320
50830 71142
11102 57132
73340 50013
31817 37360
68303 57344
22228 37126
49904 13006
22217 11485
18199 13607
35248 11750
39470 2154
35181 13589
64635 65065
19128 71400
8293 13069
21917 58210
56974 65977
36171 4278
55195 37999
39290 55135
63470 27771
10083 29214
47334 59590
32991 72298
32322 49949
64986 15008
25631 25633
60013 61549
14022 16311
17759 45956
39933 60811
888 54125
51865 51880
43545 997
49793 29352
43194 66528
57701 37173
43875 35077
56442 34669
17843 40292
39379 54358
26327 31662
62785 545
23284 54337
52199 4283
41831 2036
38201 3441
64358 20104
31776 49075
42715 68022
49291 41612
36740 43921
51503 22337
47844 56364
14928 31698
73906 72842
26189 25253
71517 51553
23584 6761
3528 56244
60506 16892
27480 51173
57470 22770
38186 52838
9065 41698
53628 67801
18243 20768
39693 57332
31723 30274
33120 13052
20204 16559
55461 66094
49413 15516
9695 51382
58861 34109
62815 20848
52535 42259
70041 12224
66403 12225
54828 3361
71257 57334
4819 1513
47125 20061
70374 3647
11139 71261
14336 10325
32537 50123
46532 3315
21803 17112
5807 59469
73823 46940
52379 24453
43464 31421
56421 29066
13887 38919
1383 25406
33914 70179
29099 49560
66936 34142
68000 6783
73138 36041
28972 10875
58430 18845
49037 3034
51267 13556
60695 14541
19759 60179
45216 16081
3220 14035
63278 37023
13704 23676
38723 12161
54523 10143
11254 64782
15214 47370
18570 27260
45657 51223
40881 13196
44967 64362
59682 2878
27115 54231
68304 9644
63299 63769
45653 10003
62412 27564
12796 55039
57432 49186
59304 41103
41801 59098
8805 21117
39357 23568
5857 39159
15085 1330
2961 23420
44968 4123
14335 15363
21543 44933
31971 63428
67633 71629
22866 658
72340 20761
20990 68387
43384 33358
73381 15938
55886 25277
60563 3874
30390 70249
53091 3020
24177 67895
24431 67076
56641 19969
51850 28352
3827 47827
25864 15046
58927 28438
56303 3867
50966 42932
584 18162
28154 28805
26973 10938
36484 16592
8201 35074
13337 35871
70372 63121
24506 26115
47946 12055
42728 45686
25831 72286
59973 38578
14937 61217
34388 64986
64158 57156
69169 67195
41079 52422
50940 25305
51452 32781
14973 22671
45604 25937
46136 36843
22614 51489
38987 13487
11109 40841
17557 21713
41050 26979
15449 63942
31271 56816
15329 58479
23993 55541
18529 35609
66955 41780
50917 14098
54820 50207
18071 56271
50294 26178
55449 46258
24348 49016
70436 58905
22707 21922
72734 4425
21872 67025
37859 33170
18389 53715
24524 38467
41233 69534
59114 46171
47060 52207
1257 3925
63519 15028
17896 23581
25576 56281
50325 24369
73608 32155
66249 9522
64877 28205
53627 48715
54478 48755
58177 19011
64055 41216
21923 16031
10836 1263
4045 41759
28906 1429
38285 43106
4286 28020
36026 60998
29471 42148
70466 30494
37837 73616
22048 8682
59943 50541
64922 37174
72054 27811
66953 69110
14839 13490
14970 73526
35113 36445
71187 9808
48086 55280
71047 57044
5454 41653
57851 41959
71612 25972
28645 25838
55726 6510
13424 64741
32445 65360
39022 6134
4225 35969
34448 55213
45689 15632
11402 16266
57550 59348
15387 22432
31057 42845
27510 50182
45958 30989
56121 2788
21756 37361
18250 2338
27083 610
27125 60526
7781 37273
45983 17179
69768 52798
36843 4851
70618 69923
22070 69143
42422 5128
38357 44223
37924 2133
35042 61590
67426 12468
12482 54406
17772 39453
53949 36003
7771 41575
36350 45328
16632 52474
17393 10456
32726 72936
19169 41049
42218 64726
32448 6170
51473 51555
64155 39118
18635 64663
35222 15914
54294 49009
49175 13467
59244 3839
9899 29363
12203 6270
52803 1363
67583 18185
36468 13781
48375 42318
59598 57106
63969 29668
42899 22308
325 11537
12209 48350
60090 70459
46953 648
8301 6881
70049 34038
52130 5647
28552 14524
56315 6292
27768 9836
64844 34568
35198 43166
42319 49750
37172 35378
44271 22327
71738 18057
17118 60385
63615 15716
45055 16553
6346 41856
6022 19399
13052 54172
60239 58561
2135 16040
16285 68389
20708 69153
57841 31526
59837 62643
89 64239
56073 36772
26519 42194
17291 63270
39567 29601
20838 12033
35917 34579
12235 38829
47243 10853
32820 46270
10804 73206
48739 31769
21696 10226
6788 9850
51950 64829
40044 7900
30690 27850
56261 1721
11954 61362
12476 50471
143 24631
27974 63917
62497 13702
10216 44624
17394 27350
29648 69160
68085 67362
58336 41073
1218 40872
1057 59510
45033 20185
15807 66128
55354 13850
17325 28677
62614 47664
9284 50539
30009 59302
50210 67301
11709 26611
13426 52456
13527 24636
41072 8997
48178 36417
39224 55456
17974 21522
50165 40259
17452 13378
18725 19306
8967 60419
69535 14048
73832 14445
1111 31532
21512 2175
57685 60405
46031 24515
27926 34965
19841 3747
53964 62422
57985 69585
28475 59329
11363 46132
13169 34810
18352 15510
16143 72130
50336 11019
46077 46456
56281 56555
41223 27796
18328 19743
32478 52027
36303 65824
11043 56473
72535 66575
37346 43744
3516 6968
39538 57848
26929 35729
67863 48468
24727 12821
51348 6441
38738 50138
7153 55390
31371 25420
64866 38536
50579 24832
14778 52782
31600 23154
65482 36167
9308 69411
69244 64700
1582 67977
47330 56829
41481 14312
17300 6537
50704 32630
55164 14560
47896 28781
71613 15098
22646 6965
61737 4678
9568 34889
2188 31296
8852 8631
1808 69748
34366 13243
28278 36106
5221 29684
7926 53027
52164 51369
37551 51497
65674 13279
54452 28822
52728 35163
70329 64904
70472 26963
20013 22418
36369 26684
10958 45565
40621 37748
67018 37746
26634 408
20366 12353
70306 24259
42828 65961
51214 62490
8666 40020
40655 31277
57343 22313
31279 41303
7590 21843
32045 24556
56949 43537
15203 59667
59425 1670
7213 62207
23023 56089
15656 43786
1661 2730
17985 23268
1488 34582
21474 10090
65066 22378
45444 1276
68552 46157
67794 62106
33981 64004
21885 32442
48742 61941
16638 14338
35228 5922
15474 2280
3848 29923
43911 68849
56273 65949
35650 21929
68663 19213
8372 12309
34466 13107
10102 39925
65032 43998
59664 59326
66950 64313
47203 45978
7267 71528
65485 63766
21874 33232
48194 47749
20619 60130
33439 1778
13488 46220
15118 39471
29938 67874
66693 63486
5773 14780
1611 35382
32054 68067
6027 2717
61836 19386
47708 53782
50198 28870
19672 18565
23457 46819
4636 65252
72466 4051
54968 32030
29428 56456
42180 47110
32541 27042
54560 11702
41935 25408
35555 49517
10209 14147
48865 35904
15651 71424
65804 58887
6904 69063
23508 22932
29254 34775
67604 45724
6020 43411
52551 51253
9035 54696
60961 36209
37003 40544
40724 24979
42900 5388
11323 44994
72495 16117
59867 56815
1045 59642
48355 45482
26303 37803
38220 14443
73900 1093
39835 65396
31796 19285
60808 61122
48271 19691
64666 68576
25615 37983
71639 73157
32130 21314
19736 39800
836 63810
53745 37783
3134 38631
70982 2044
45407 59489
1258 5368
43912 28486
192 37096
49320 16179
13625 6973
26896 64012
69444 40085
31218 668
55027 56404
64492 85
7851 6541
18662 32956
36678 18052
12194 45904
5755 37129
30340 65798
68126 73499
54141 20322
48824 11273
60092 35478
11129 18697
12528 25786
66248 56630
17500 10580
51689 38117
9809 28687
57015 4213
17133 62021
31035 46483
38231 32602
34209 50626
41289 55387
42763 52313
41689 12864
59344 34244
35646 39587
30620 40729
9790 22716
26570 73913
17841 57124
14284 42269
20370 18243
13849 26150
21545 32771
58926 17786
61087 54567
41161 72652
53283 26152
15826 39461
70245 39977
46962 11220
27216 38973
40411 60445
60732 71544
34736 24035
15718 49279
11852 57265
20659 12589
39875 18168
5287 69019
42965 57921
19442 41060
11956 46866
32535 61392
46628 46425
51937 56056
67301 61152
6417 55117
39170 53774
34101 60462
22790 3628
4074 73258
53005 3464
59271 55171
72870 11591
72106 18427
32749 39635
12416 31805
60561 67136
13358 48905
18323 16683
15920 71208
1568 38450
8084 7018
29136 51467
17134 16507
25970 52815
48791 781
11016 60662
33925 67897
9829 60323
2858 7124
8451 11097
25920 7169
58122 35413
16881 14032
12056 43711
43457 12767
5597 63107
60424 43426
6638 7978
22019 15918
56775 66955
51774 6950
65029 26879
3865 67668
50166 18895
55924 73669
22651 64921
46393 17879
28144 29301
24531 20287
36043 39439
36682 40750
58460 846
19482 63565
4542 26307
32216 15036
65391 8801
54001 5
72180 20057
62788 15865
7993 68135
11498 12697
36671 32402
50203 26778
54950 13580
68920 62095
32657 3232
71259 66297
2560 58172
50135 51212
47070 7295
62874 15967
71372 39312
63528 63403
45094 24124
65850 30793
42154 71660
50906 34115
35447 57558
23569 16148
3417 56670
41796 19169
28708 2839
3841 24224
36823 18572
7680 31547
61825 22384
69394 67046
46850 71655
30509 26261
20923 62412
13125 62976
32488 38016
31609 37939
34935 13110
69952 64614
7329 48148
28759 36069
50912 51274
46505 50571
22769 14069
23082 60813
31006 54644
41682 55684
47027 19421
3698 3667
46096 37149
73874 59911
18626 15746
73808 73953
64518 51044
71058 1445
40509 39684
23011 4468
64283 58259
4976 5588
11831 46495
30491 18259
28680 61330
2613 60077
69003 36295
62651 1196
90 20751
43482 65620
26407 65957
17104 27628
44664 45723
23261 68821
42414 67246
7807 8227
2873 22872
19361 19845
18567 46120
14539 73813
68983 44472
47827 60226
9507 18356
48968 36483
51852 39706
13243 51634
44114 8941
42285 63406
17885 49352
57262 61834
63859 23643
41587 66451
22834 68870
73660 33978
46770 16964
29261 42478
22984 45626
49596 52924
40216 8857
38603 5889
23293 3870
236 20864
51328 30370
23866 12654
41710 13923
28954 65462
13646 62445
65036 42423
18435 30348
43407 31014
10199 13820
31195 22807
45458 50343
41880 55058
22006 8438
11630 8117
44008 32832
58541 15005
1494 4905
34762 9553
27484 57873
32708 49064
8886 3862
45939 22816
33641 42095
14161 14112
168 58919
6311 49497
50586 17461
57439 72938
55005 26180
54267 25654
64630 33096
49639 64370
46037 57346
71569 37499
49198 29557
13295 26371
62848 21246
29568 56894
59152 69276
9662 25205
4380 11275
38655 3178
2632 12610
41775 26679
34227 4357
13727 18424
9726 687
44802 47129
22297 53481
49213 9433
21091 24289
9831 69227
71703 65035
12204 24922
44296 27195
63274 62094
4063 65648
56535 46152
21627 46726
56912 73230
20592 18072
7020 8803
13273 57525
43398 56035
26942 49299
24902 9289
53646 10243
72629 16672
70796 67797
34769 39090
36900 13227
38981 15457
31136 65368
12572 30222
6506 6748
51499 70850
72046 43375
64350 2955
20132 37998
7145 32950
47295 51174
501 46912
56048 8907
11486 20692
38608 37758
62958 9802
26172 70048
12713 31641
3374 67864
27126 65543
22392 40926
38249 52327
10740 7425
62072 71558
15140 14533
40417 61733
52097 34479
61728 3930
64107 4231
34735 44309
11946 55235
71320 34195
50794 26282
24233 43849
48631 7785
49997 18257
48419 26770
24456 71708
58429 43203
5849 8170
34511 30883
60957 64692
34525 73906
29655 4635
35201 45331
73957 9276
8080 54558
19809 10564
12676 72277
11234 62754
45062 16970
70969 35457
54263 5472
29821 13640
72562 4667
7994 65090
50739 66533
68496 29524
54871 45909
70191 56560
62237 62600
30887 39770
62425 29853
39172 2811
10349 7256
51748 3455
4552 25713
65812 70017
67741 49728
19327 2372
15766 72417
58857 63200
22660 6835
21911 50742
27773 49445
25261 16416
16540 56325
5594 55946
55493 72030
10272 18058
57068 15150
26466 57404
19383 15466
33802 48197
41911 46110
8784 25382
11407 44975
50869 57217
72924 7593
52083 31218
72359 30414
42747 12058
36203 1318
68117 29770
60052 54142
1621 70284
68494 6001
54998 1953
14749 32758
19614 7456
19425 10042
13846 7426
73753 16609
13238 57483
37499 23671
45072 37041
53857 5731
34621 41174
50207 45832
63647 32014
62004 38328
22571 17003
36100 52143
52819 62745
18856 16041
52655 10067
5084 10012
51878 32795
43450 71257
31140 26983
6461 64872
62288 46788
35204 28874
48817 58136
2652 48095
44285 72274
39723 38363
40757 32009
36746 69055
64438 35067
12874 41794
29879 70965
17615 65988
39385 13682
42057 7078
35314 45435
54628 53849
11704 63729
24634 36672
57897 10283
27708 26681
53369 17975
63500 68288
67699 30217
7368 39969
67538 72479
20837 27626
8601 16089
40780 48810
66427 18608
52873 4702
17780 30816
68720 57709
22773 59476
25266 14974
26310 2791
7554 65393
32702 35429
4335 36434
59828 50355
6627 39376
47236 11075
26098 7828
35911 36582
48281 50324
60847 64928
66208 2471
52029 50147
16237 58199
4006 5822
48820 29419
64067 26966
58472 49720
23277 24174
62205 56504
45844 69795
45122 6850
21433 39997
33904 4104
11848 70982
37365 45588
3598 3407
6508 44069
21353 34411
28092 28383
29013 3585
29506 44689
27097 56896
35270 56040
53675 7487
67277 14315
2629 72522
1167 50871
62141 37673
22702 70093
1110 60753
29330 68015
33082 34092
40038 21306
36095 49977
55550 61255
49346 31225
45707 17285
28602 1991
61172 36792
39603 35966
68242 32760
52056 71147
13411 38775
964 44242
67046 51722
49052 5061
73592 35950
37052 47409
39122 35226
14170 32836
63143 16294
8368 40226
44078 42073
36240 34671
42617 23434
36292 58171
34230 60651
39164 2264
24689 57660
19652 1163
67803 61138
31497 47019
7442 62942
52966 72956
41889 28554
18341 53558
3337 7679
38746 10427
34004 36235
54863 72280
53032 41161
50892 8395
4630 57730
24893 33818
44980 36195
29146 34019
70076 16676
62356 29809
46989 19255
39348 6499
73171 30497
23742 15001
38507 5047
12794 24151
61707 66417
16770 57713
33903 41594
73274 5500
23996 72537
43993 29879
11705 7971
29132 33955
46568 33744
29273 2113
40251 46313
55113 30763
43427 45840
48718 14309
34153 10156
38542 66446
60787 14836
15438 66983
61675 10152
7036 31062
9335 26745
25500 42702
65599 48675
15705 54522
50027 9358
69447 55899
39107 37105
54147 3237
7087 42801
19763 47224
18005 43908
26254 53496
44915 49115
53634 61694
59975 38544
18773 4084
41470 48275
23640 5848
10593 38126
63909 19670
43599 3347
23177 13925
41080 27720
7604 41040
618 66952
59252 66609
35852 45096
27445 28164
22100 49656
20767 4273
64170 19671
11540 49951
16962 10282
56848 10134
56284 29437
52874 65995
56234 71858
62574 54799
50243 70644
612 15892
4945 69175
69964 6742
26138 61910
48904 68741
1846 68202
42234 57806
69604 41542
24980 35283
2349 25563
541 38413
32614 31986
29658 43082
45135 31861
40907 47444
16900 30264
13463 59746
50273 41264
65974 15128
40124 31595
21892 58329
8558 53730
39086 47433
38120 10446
59760 46136
68196 73461
68698 66276
44281 10020
56842 47487
17537 63460
44923 30193
64249 58848
47088 54900
24698 30116
21612 16421
2507 70467
29940 32106
29403 53428
17198 18107
27682 34116
66144 37603
22150 44771
16144 41137
48050 15462
4898 10684
49178 53544
33527 55185
70089 66195
6369 19451
6287 64776
14171 25966
2588 23582
6323 59516
15177 2034
58238 21860
49841 15833
71734 54871
33127 34522
62181 72690
20071 61586
26935 13238
1220 16568
39468 4467
55165 56548
13236 3137
68198 9571
35387 17352
17979 67489
54897 69378
13752 55360
67055 46448
15432 16706
37055 52733
14944 73000
13929 31646
65240 38456
26038 15602
26182 44147
34472 44125
68570 14126
26434 5930
46914 9667
53708 46526
38713 58838
21021 53593
5165 58951
71846 57107
65059 37918
27223 62536
63002 17644
43333 24046
30738 66765
359 10983
1672 19957
11666 1021
14475 48481
64764 59445
19549 49726
11808 42001
67071 57487
9837 23164
13277 66673
33541 36609
30299 12701
59868 30444
38801 38975
34620 64657
60854 44711
6565 6330
13083 73942
22899 68839
5171 66615
38086 55928
47215 37390
40988 42311
55837 50341
15192 41757
12452 23386
6015 18770
18140 5497
43079 27615
46862 56432
57373 68045
35168 36472
12184 41205
48841 13038
44922 45528
23970 37329
14921 21705
52531 15539
52462 37729
59840 35894
35630 63785
50557 57530
62685 29313
55279 22194
21861 37812
14819 34004
17369 13910
7687 30367
20893 36521
13594 18482
54530 12580
63266 27112
57431 72374
23759 66677
49775 22132
47003 5210
3778 70757
17126 70506
63319 25577
63980 874
14803 3379
53908 48437
57762 26627
6026 36942
8302 55903
34291 58305
41188 68275
68789 16539
29359 59487
44342 38659
68040 14368
68565 15721
12484 58250
56735 56658
32582 64652
63168 34480
45319 11386
50447 17934
19485 15265
73184 46363
1527 10364
20569 29156
66266 9746
61511 20543
64991 66462
21680 43954
9813 36191
64442 59437
42027 67220
31575 9711
43372 41263
6600 5028
66445 56804
29191 13165
72155 68328
49629 41619
52859 24956
30802 73161
10333 4671
60175 1045
58221 32233
58734 17941
11537 49311
65334 28864
58599 25648
41427 34772
15560 61619
2330 19849
13454 63506
52880 24525
54047 65107
4697 17275
73025 26028
71972 11628
23 67674
11914 28075
39925 420
66629 56928
73707 8817
27113 64316
59797 73104
44677 27335
47625 23346
7114 5088
29219 54809
59567 34482
43513 49846
73421 30765
62015 45706
47618 63470
59315 69529
12772 23602
29065 39335
288 30395
44743 38289
46549 63578
38271 64255
71787 51408
68418 46810
49007 71227
13936 63041
6001 38721
21517 12653
64543 28696
18409 14729
53637 37654
14020 54998
33331 58612
25680 42651
24582 32427
15827 55688
51498 15181
28258 23095
59906 60914
44294 41800
14126 14882
54326 45558
6095 52179
16151 16785
59951 63405
66087 64118
17648 54003
65383 30784
569 3797
69516 38133
6367 35118
56730 66518
23227 28195
22761 53610
16828 7970
13574 73697
50779 42362
42185 34290
66075 41631
50419 53901
54876 51299
32538 57928
35861 55732
52150 52256
44940 34171
38558 7161
59356 35169
17482 63637
18112 44544
54100 5981
67148 40438
39180 58673
71803 29008
41145 21829
72560 70257
28488 27028
26331 14460
27488 43213
38087 16937
45259 70749
17390 2611
23307 2768
71106 49701
42256 11830
15127 43685
46169 46230
73700 72469
62964 8319
54720 6451
69980 67981
37478 27586
55364 47461
1674 70186
68516 26010
13956 20578
3313 70216
49922 51843
19049 30060
6956 38036
7420 21156
26202 43451
21095 54185
37568 28262
32842 72477
19193 32599
8131 1788
26739 4729
70933 2626
4235 69017
47014 13438
59323 65733
13433 52159
73648 63557
29401 5543
73567 20572
50973 37106
31143 39514
66968 30148
37702 32416
6158 4428
50015 35712
50798 16207
40981 49527
72369 52528
7052 17196
1700 35390
32944 11131
26620 10031
58074 9685
29564 54445
48201 2642
71646 1933
25752 71002
25363 19903
38559 12525
58828 51266
23256 25466
9761 40920
24508 42432
22780 55726
67351 67156
15644 3072
49441 39604
5327 35921
56166 60150
36584 26564
72955 13066
34635 34639
17049 61788
21094 49360
33426 38174
740 56300
43328 12198
61123 29132
20291 53259
5236 73531
20147 36512
42288 63354
6666 37280
64298 69889
72111 66401
46935 32063
9553 50124
41663 2257
68865 65148
28831 51596
24101 48856
68237 14196
8937 59280
66210 29369
20890 3263
54517 52082
71183 30424
70391 58601
52877 48474
12052 62496
45797 73814
28993 14281
27965 40713
43501 43573
43394 10963
47291 12503
38480 73517
28633 22185
69534 27222
62241 64201
73576 32764
1154 10996
15037 18525
45352 52848
58415 62065
31503 68604
31959 30466
5227 7725
42066 64674
49988 33034
14861 53984
50578 40824
33632 44286
70810 19742
37071 4786
3239 42133
67747 53286
49147 731
67412 35147
66681 27424
58401 73717
63807 64059
5748 71512
38855 65512
25233 41028
41985 30899
67358 42184
10794 60473
12578 63308
21941 67428
70514 72720
69889 10674
961 13769
8582 55798
27628 10159
27942 49242
55602 16684
13622 1786
26946 68150
70485 15923
57048 21784
9453 25870
20153 57358
3114 14899
60192 5120
43479 55599
4966 64905
11472 22377
9601 68759
23330 63858
33019 18333
9233 54808
29838 52351
33902 1214
53430 38896
50861 15412
59130 57080
53012 38565
56758 35535
41472 68483
2214 42256
51053 48711
15507 73900
70102 21751
774 18549
8289 38037
9515 68584
46885 26800
65908 48661
13912 68077
37990 32931
39499 61881
11339 60671
57368 43277
49993 17740
51789 21528
4040 68732
62127 1288
20490 41641
69923 54566
28819 23492
17876 19707
51249 61669
71530 8789
38664 735
18885 40874
39067 24599
48907 26119
1462 12301
72552 70482
72755 60109
18531 43390
16153 12415
5476 8010
660 61433
51654 20507
70406 8752
71766 45935
11158 73290
39937 29627
27533 45215
45070 1852
27753 25250
54088 35990
67182 37250
18672 55859
21097 40076
24117 48140
28940 52858
33128 33391
25471 73547
15024 70913
23771 26554
7129 10155
71940 19979
60459 13498
9588 28370
38097 36699
8830 23374
32859 34464
12872 73881
25876 13412
63858 16608
43366 68462
46811 50194
16806 43275
30741 36339
13114 27435
37374 22034
9150 351
41653 30387
63683 11972
59068 19201
43037 18787
40066 62321
19975 33
47775 42381
41463 10196
56140 6841
634 17954
41054 67071
32267 57631
29036 55759
57164 61826
36265 42873
47119 39657
17604 65586
43459 15375
62909 31559
60667 73420
58374 51544
47021 50533
40039 62191
63829 46530
72309 40864
14265 68418
23039 41547
10745 69559
36781 10250
18351 28037
70598 21774
25747 36404
34503 18729
10023 57311
9883 73465
2442 57888
66477 64238
4089 32839
53102 15761
27887 73126
4805 57071
72299 45637
34160 23333
71234 3316
70737 47932
61880 61090
47949 45350
51446 55585
29270 73374
38142 25033
17549 50130
60910 49048
65684 23463
66901 1399
11870 25669
52008 57945
47693 47316
65821 68945
1389 25545
31311 736
21738 40684
67389 43051
18399 12335
58488 48349
20870 33261
23481 65903
19163 1704
63374 35787
47029 4395
5298 36039
28682 62749
63917 52206
30376 5757
8240 33167
34650 35937
48423 7501
30674 3989
5611 61710
27103 59570
67881 64265
47350 22777
61562 62056
59592 13617
6087 5007
5231 48436
42477 3780
13530 20080
68338 23188
35848 17256
34514 10856
71350 54995
22787 15654
49370 7347
49614 58115
47881 41188
10203 12777
67721 71315
32976 36370
49327 25452
29216 2186
67682 43604
53195 41482
46256 22180
45225 48006
63814 67678
63192 1858
865 52845
65777 54576
18215 8059
57659 8514
21707 25290
30146 65736
10105 19335
67442 34949
36807 11006
27724 22622
19693 58118
24499 5834
20626 36114
47478 26042
15510 66253
30192 53642
54345 22672
43284 423
14856 40785
63114 35883
62760 73474
62787 45965
27618 15430
21135 44755
53858 61113
2943 11285
31939 60688
5656 11556
16763 15239
21120 11871
17659 23921
67194 11327
5137 24335
19250 41616
33851 2636
23598 22196
67718 1369
53144 28512
73873 49091
2441 60339
37153 10653
11240 32340
28390 40342
58878 25047
61790 17398
63134 40697
22357 6991
28753 49717
53841 37628
18706 23332
23840 36565
21984 18406
59438 41359
9024 54262
30123 29618
49573 24674
50524 35757
17330 26113
14231 23215
2171 38658
26523 33995
68513 57620
66108 34675
55024 12113
19604 64211
12623 46551
62374 47660
5117 45726
69656 68557
65973 58940
15404 50552
12215 20409
63209 70511
17083 27612
70686 56867
158 45472
56558 37840
68426 27191
55140 44851
48547 66030
5694 72301
69445 35252
56225 11896
30080 67276
63193 27620
49970 33845
45944 28608
12808 61301
55770 34190
33361 4122
62540 15113
30476 67769
10987 24436
37129 62287
71268 18326
53563 61243
33792 42336
24776 48796
717 73895
933 49534
68491 4437
15445 42254
68127 13712
49156 47040
26925 1036
41406 20808
53589 43872
47484 44129
20288 13135
55847 24526
33245 46925
34250 40145
70269 21332
55518 61190
47926 71668
36119 2851
52096 57542
26699 59828
54163 57013
72366 52342
73081 31928
63239 33106
23426 48919
48525 44287
73282 63250
63408 52580
33264 39345
40194 5260
45136 30711
52184 66449
18097 14137
15609 55180
30117 55823
58537 35306
21207 3743
13144 21500
28110 21809
66630 39398
52503 68693
44360 26013
72166 18291
6823 17026
21069 43667
51001 7052
694 11849
11940 40538
61823 18542
57066 45365
11553 60125
8400 51904
34484 21672
29068 60371
48607 111
10491 26268
4949 22554
50375 39490
52514 40309
68290 10535
37549 24196
7532 30958
22974 26650
64798 57220
57537 11819
1404 32078
26439 20204
67916 72791
37488 649
25526 62567
4406 20884
66919 45183
67609 13096
30366 61709
22215 72068
4727 51649
47152 27852
31360 61907
38 49322
20637 60750
11383 31817
36168 12560
52355 50801
46286 16844
51793 41728
26256 17502
2015 52414
11819 37119
72037 55653
37290 51623
73285 70008
45626 9393
45545 45465
36243 3526
29662 29058
25497 23352
59607 30823
52948 48383
610 47485
34224 44545
22943 65727
53364 209
66354 52191
13955 10128
73221 30157
9488 18099
65952 65530
38569 24638
44561 5800
15337 27687
67278 39576
33777 57069
70505 12171
32787 44511
58035 23577
49425 55799
73816 19759
63391 37351
31887 40776
44521 50701
60388 63001
3585 4565
63173 34213
15240 55278
33793 23530
8855 21436
50158 52195
28886 67810
30138 13951
41384 60939
54058 45389
46282 13292
67700 53016
70209 1603
1275 21088
34518 41816
32540 16875
37656 66450
12191 59598
52289 1519
44826 63720
9966 52653
72687 55373
23395 7145
62464 39709
41140 55704
46339 33902
28648 15199
35269 59018
23958 65807
24926 48867
65405 62069
26171 43918
30784 70127
31727 47824
34788 14638
30043 23441
26578 55584
32729 69693
46666 50263
20447 10487
13984 19712
15713 912
10288 33796
64575 25902
869 59637
70973 57002
5540 6363
63215 60918
48654 36925
41343 5223
64533 15932
36010 60326
64331 48118
66996 6564
36736 33073
52151 44232
29111 38817
16810 3085
7098 71140
68910 35028
55467 23427
62695 38436
70880 46778
4269 54665
65861 2297
45520 58560
51606 39018
22912 4669
59926 14639
15777 46825
67923 4799
60303 69635
41374 51933
1104 32589
1550 22969
27624 11017
49733 70122
13206 12396
42656 16523
47396 18959
34040 64678
71902 56506
34453 36005
31083 45271
35312 60036
61781 31995
44971 68624
47963 60086
24106 5327
65375 42807
55568 48864
27595 5019
54932 19235
48800 13255
47852 50059
52507 67192
36652 10324
59078 44273
23579 39582
17189 55382
29959 52526
13091 2934
30908 24109
72790 33667
56652 10392
49924 56812
25699 15261
19117 25120
19602 34207
61996 39742
1277 67377
23149 70669
55250 31950
65484 6401
17626 49052
67766 61987
69991 28208
63783 57272
39327 36017
32896 24342
73681 36288
6254 65741
52220 5996
12973 52255
21410 23759
7870 37345
28242 35741
62461 663
58964 53371
43865 27150
34049 2454
47313 54307
47227 17009
73447 36015
73072 35004
33780 60614
45108 41702
2600 12734
53971 29010
15891 29469
46019 2369
26078 42548
70575 28975
22878 8353
37305 37727
46545 60378
42611 55151
66905 43091
63897 70970
58581 50993
10278 62339
49948 73094
37556 1648
60785 44952
18986 44643
21965 45399
44223 58247
55289 19894
53055 60549
9352 65402
10370 27609
21234 69762
45040 22284
29913 51127
41089 33515
41534 52814
38189 4230
51834 10304
35554 63772
58314 73575
47601 45260
68281 10892
59021 27205
21931 69415
24103 48391
3028 39851
16390 38250
30754 41332
32984 59179
27601 61261
21878 3876
52042 20435
13502 21855
12525 46089
8362 56562
71885 54447
7056 3069
3456 37210
52038 72934
68680 64325
10912 30766
13623 49190
34401 70464
20353 17262
11051 49602
51098 16187
40550 12712
30063 51872
32427 28614
37248 27697
58086 14501
16570 37926
17207 23413
69042 20856
22362 52576
3745 72099
4608 53546
46772 46141
42625 28542
62411 54812
61236 36554
35706 41865
71899 47603
58307 13847
17710 41652
23205 65839
59841 70206
73923 69797
57014 51403
68611 29505
69965 52949
40588 64859
45505 60807
63132 37524
70736 58912
29771 20575
11739 23282
57916 52436
40353 438
54029 69818
34054 60821
20411 22580
39790 12888
1384 50247
13 54802
68593 54824
17866 53779
45074 24757
37587 3807
61499 29386
70137 18163
1091 10553
64479 53579
62531 2993
39271 42602
1198 32761
56419 21819
38394 61855
30306 11924
947 48536
71856 2978
48975 51032
24717 72360
53968 67022
73473 25302
57293 21153
51741 60001
32755 48374
21401 31368
51082 22966
49593 61889
28914 26187
34470 42301
10383 17387
55344 38402
31400 8496
67714 4049
35634 27133
37314 60448
69723 60188
35236 58151
54121 31705
24642 23184
8974 60478
23909 14570
17908 43419
37958 20876
14465 32095
59346 60584
35670 903
64487 4237
24614 53261
42028 68127
2543 61632
19943 50505
70120 9223
2901 54669
24372 34083
13406 70431
36978 15858
35284 70015
57465 3110
1076 57478
30515 63021
11823 7837
19751 38400
1931 52219
64695 5231
28468 47629
44816 52355
55083 67052
40839 57678
65326 56176
48680 13583
60777 19135
43287 34407
10516 14652
19149 22146
7346 48034
34932 54119
51436 44543
9357 18606
61624 31860
23804 63255
25192 27537
32779 34670
1654 12731
15986 43258
32632 9709
50437 60063
58060 64432
32397 34079
4393 44885
26107 38705
60403 58285
12316 43341
68307 59032
27322 33807
61975 36084
51004 4686
40909 18353
42345 19402
20790 68391
5530 37806
72035 3401
68279 28970
16010 48609
63076 73865
39167 47543
26048 38171
47242 40195
6828 20750
28546 39944
14802 62297
30929 57654
56907 38651
42535 20243
1975 16850
21937 19206
36189 38317
15683 50362
31863 33726
1171 29874
5505 3671
62295 27743
20316 39710
11729 19447
32601 1582
20670 34003
65526 47732
11981 66663
44358 67741
7872 53195
7835 62518
46599 22336
20175 45117
70301 65680
14077 68595
16493 49069
63943 49543
30498 63603
41516 22168
73185 68844
45524 63184
57504 22989
25293 63439
2799 49791
49515 1866
46946 8488
17660 44875
32860 40542
5176 27058
63610 29401
57345 19673
73273 36480
38629 15676
71138 25814
64238 46728
24875 65378
24462 60205
71254 1600
45570 68698
42426 29934
61394 26547
36088 4305
72683 52232
21017 12956
9028 43191
69618 66509
20320 8808
58902 35583
38755 72521
70990 70092
48119 10414
59518 7337
95 58542
66317 68544
49682 32503
24319 32073
2454 33564
47721 23945
31299 32125
42035 29929
8303 23257
70643 5274
50790 34835
24887 72349
65215 11975
72282 24906
20203 8346
37111 17374
42284 68493
53714 27228
42209 29831
14479 31974
12617 62559
68577 12881
8740 70377
5738 6696
23415 9576
4100 25746
26487 62692
14032 15258
63619 10930
25116 62395
12944 25874
4171 13091
50935 28180
64214 63863
68921 39317
33547 1259
6434 56329
48019 14618
28931 58018
9290 25533
1716 59803
27360 65
64410 32998
10481 53369
61350 35487
7957 23139
47308 43076
73141 66492
54520 63345
7642 67398
34841 37193
69340 34630
5329 69756
9226 32640
39834 44715
28299 36083
68090 73567
12730 65938
13268 40476
30280 14611
69686 63909
50507 855
24833 41840
25313 66788
68970 61671
32606 64984
23449 21382
73194 23436
73157 8594
54420 56626
13830 39930
46919 58091
60126 44884
55978 70595
13645 23942
21865 25375
23645 14250
72086 30383
52633 27947
66152 40266
44239 65770
20733 40028
58067 41946
41308 69521
72101 61850
42554 39330
48723 20264
56439 42437
42396 20499
31552 25154
73813 51936
28040 22516
49161 20702
72121 20596
33304 42688
47188 67695
59298 62099
58655 54646
52048 35309
26 29980
4544 34453
37288 61864
2137 39796
67845 48601
17706 19004
39563 40139
861 46391
39366 41334
29084 58945
28158 40373
41276 55745
2845 73832
72570 51583
67014 54674
72919 744
20279 52964
12359 7250
4947 46349
60342 18341
46617 59886
20462 35941
18142 2554
34733 26505
48115 27343
32750 33546
39362 38640
12047 48953
52403 3104
28500 42185
10119 56034
42559 42689
63247 73148
22663 73397
64000 26143
39374 28178
4899 65922
50011 57686
10287 35909
7330 14004
43830 9756
56926 31869
54595 21027
15800 42662
29717 62873
50134 61588
7095 6030
39949 63838
68732 32748
5398 36719
70770 49155
19606 7775
42839 13296
65851 7356
28941 44918
20080 36182
6622 70504
51496 48425
58408 57426
66156 37256
29110 14554
56615 61846
37983 17601
51685 9698
19401 42539
17327 54235
44063 19716
10820 39172
62372 26214
6464 73642
71848 11536
52323 57444
34414 32143
11152 42971
52236 71643
56950 34173
17089 72965
17678 69603
63036 38197
73309 2865
25967 18412
51816 8914
25704 41152
73554 47348
68715 58438
32276 28156
31761 24136
9391 42110
34899 61385
56370 29843
42391 60399
11744 47475
14750 43649
54210 26082
55515 33952
47877 33471
45654 3033
24968 18386
42040 15623
45158 53842
3173 56012
39954 51945
22185 63748
45839 6296
19113 69259
57733 7902
5883 2124
30604 57306
26174 4206
48998 66089
11248 42870
14729 70623
7149 64489
31857 37048
19357 43746
37708 8797
1801 9903
44994 12078
14586 73177
39993 14724
58991 69700
61760 20739
2982 67306
43500 11499
27396 61401
70518 25021
27771 9580
26713 36290
71621 61043
68586 59152
63312 19950
18527 43311
2411 9572
49363 23813
69049 44540
5700 59513
33484 69169
22325 56676
7879 2816
37227 52621
26306 38511
35558 833
6958 51112
60944 2474
1093 1120
8730 29522
35562 55988
14142 19726
2501 33929
38338 29215
50663 42811
30300 69779
49900 59999
66656 26258
13056 46485
63526 20003
69673 24753
11538 19436
24435 27020
26067 40434
65622 23801
60030 13225
73491 3438
2817 69917
5211 5172
39968 16689
43722 70789
64217 45682
51564 9079
20579 42921
2409 30161
45454 27369
46126 21403
46581 55612
39627 35531
30960 30538
65701 28474
36160 46576
8128 3578
33775 17998
50748 57625
3863 16137
72738 49167
36726 3333
19885 58190
44799 27340
51492 49862
17992 58565
11508 57482
50097 52322
68252 26036
29810 26953
54701 49874
31505 16339
20022 22951
55898 66415
40945 67699
43161 15952
58874 21350
71072 27478
17272 64109
27101 46975
18164 41535
70957 54412
26518 27569
18103 11901
40502 66442
68657 47168
17728 62650
19026 33461
20716 66681
41615 14680
8889 59894
73052 2117
69857 49812
15518 55053
24135 13116
41629 46489
19074 47238
41772 40630
54270 8560
53904 56905
39761 39413
58066 30063
35888 11070
19918 51077
24633 61783
13995 2078
17242 36008
24216 42372
3434 5947
34979 18447
30267 32637
30433 23247
3419 1216
47090 16771
10418 20416
62470 18379
65841 61580
61442 5111
24115 8020
50786 27503
64415 38416
62109 48720
18025 54379
21468 20642
25331 54951
29659 22600
53555 22891
1968 67974
35371 19842
54139 23805
29171 47851
26586 14339
26813 21283
8669 65216
23210 26749
57578 40117
64218 52908
42585 48914
59972 34758
32347 42084
56041 3733
53067 3386
41013 43462
51663 3736
70276 61670
68844 4486
5048 53433
68243 6095
14329 70711
59194 49419
59887 68840
5560 22249
32208 20732
67988 13123
70500 45701
51854 29190
5145 12075
73099 55035
50778 8694
67650 62350
6462 60875
24885 54405
38166 70350
57614 57727
39919 17617
37476 95
60470 40820
21822 62423
55373 61537
38591 33668
7150 16804
67761 42321
60763 70778
59205 47918
11855 12636
65623 62625
14834 64593
23563 25728
71619 16494
17735 28746
51521 67468
42397 17015
59099 18691
3266 29564
23446 10773
59465 12425
26468 52932
59597 37002
11821 32740
42478 29652
21496 32856
16194 24200
11953 39467
14964 43074
58904 60575
47572 68147
11182 67752
68658 34961
50344 17264
67066 42985
20959 55316
49635 49122
72135 19035
49887 50467
22399 6294
43935 25939
19673 23878
21250 1878
18954 18738
23445 4472
6726 31173
54996 21219
40379 52005
40570 42275
58492 1536
37852 63017
23685 63419
15409 45076
17246 24609
26589 53171
464 59259
33176 28160
1601 59401
60116 71550
65226 15443
65359 36610
71238 67436
754 44218
64680 44205
31180 24422
28427 44694
62353 63879
59473 71946
53760 59811
57918 12649
10408 44876
862 68036
32076 34455
71742 8273
36453 47897
73080 55905
6412 3332
24228 71214
19433 16545
7218 12398
45747 59957
4814 14567
19055 72151
4251 38760
43400 16555
11496 45564
6427 40244
14273 59319
54652 57169
23364 66156
21147 23936
37275 52109
73686 66966
23255 18575
47211 29080
4698 2192
12207 46392
39230 68889
42313 19893
48310 73779
49669 69542
8870 68819
56011 6160
72152 69882
8510 47535
38383 70708
61711 30203
17636 69583
15994 21857
35969 49083
43151 13126
69082 21711
54233 29657
68767 19930
27505 70887
27401 26503
7627 36494
14327 6412
69331 52544
11492 38863
63395 51089
37643 55216
55975 62462
41483 61343
34035 42195
46381 17842
17002 39321
73746 47
65064 9814
68119 32943
64554 72845
23581 40843
30504 27362
38075 8758
25370 7763
208 53789
15494 18390
3144 18848
60934 63037
15457 21005
27176 31781
54347 51281
5963 20899
43751 54921
45830 51250
73455 25346
27832 32581
1481 45929
26371 9245
36914 29663
33348 36205
8892 18408
40341 52618
39359 16184
66413 18666
72089 36107
42458 42923
804 1412
43685 15374
51911 68239
3817 68714
23021 13450
43322 61750
44295 30433
62798 57446
62194 39168
4661 16367
17794 70944
63111 59555
20367 9228
60375 44745
43924 35666
60617 5371
54258 50005
7343 33483
68299 14790
39236 61149
41354 55825
70240 63872
27298 29444
43480 68530
8679 13507
19570 11610
36761 47521
4086 31627
44454 64820
49184 56686
70029 55270
21754 13788
51062 36727
24561 36159
15316 32987
40408 66562
4146 43101
35586 55004
54247 32932
11377 46749
65150 1695
31149 13256
48705 63642
59233 64878
39667 29018
28330 56855
68826 34833
39626 13627
22940 63946
14711 73489
49050 68023
4902 5519
26490 14130
12138 12921
58167 12441
66322 15398
3269 31276
63264 47278
65544 55291
20196 51609
44580 5226
63370 45522
68633 57704
40680 68520
42905 4886
18782 52258
12879 56597
67653 23690
17396 3165
26895 43118
4792 12951
60211 38310
50802 54021
68465 3720
15183 59851
539 33229
5772 47001
11414 46187
61195 32598
6048 36259
13514 58460
68234 6266
40958 42535
2947 60058
40914 34495
42059 21050
26288 27444
25238 73201
37561 71733
36262 42190
69767 52602
41832 45684
57818 22552
15421 43748
35738 46112
19572 70548
20644 29829
35867 41489
15003 40087
2000 13278
73352 11854
67379 53224
13419 41016
27077 65169
71111 24405
45917 50161
72007 26497
41745 34693
35528 63628
18555 45954
32090 44172
22450 57380
9338 47378
40813 20869
44400 22092
70855 42305
58150 2088
6649 14612
17050 24877
3801 40702
61701 66339
6614 73464
13885 38825
50280 73390
11288 70551
51370 23319
23460 9953
58437 26034
46613 12238
40953 11868
43560 53037
25972 34521
10296 19106
61040 44586
17275 69839
12179 46374
61378 52004
12749 17437
59715 50495
40684 38524
61676 10776
30369 42446
29334 58005
18838 5345
33824 71826
47639 20318
51391 35886
24033 64815
43297 29422
42568 28702
59413 32159
63899 57719
3967 28308
8568 19055
62304 1628
14797 38902
46065 31940
62738 2723
60456 63344
22388 57535
36997 54333
45694 72919
16698 72251
66578 25198
13492 54045
53175 24387
14023 67971
42713 52379
72896 50739
9297 34275
69829 47707
60421 34545
52536 56534
54191 48527
31942 47778
71821 30764
20844 41964
63226 70828
50308 46803
8659 10098
44659 17629
27295 42161
56512 32362
57063 70553
44853 16878
71373 12665
30954 66513
22687 62356
10210 70171
14985 41090
60675 13738
42648 29862
72757 45658
12800 29356
58356 60987
23092 35276
40375 6974
53189 60325
9124 57393
14254 65161
49665 57172
42915 8475
64789 22459
8059 2899
11867 73395
28523 58782
18209 73269
25 7543
19232 45562
59373 62473
69633 19383
38208 8360
51116 46454
58611 8574
25647 36188
26957 33032
41498 3615
39287 64332
39918 56470
56981 17480
45124 51937
1065 59260
66903 40610
52979 70569
16719 39933
38560 43324
8181 30483
48395 66579
71944 53365
6964 18905
111 70729
73405 41217
47087 889
14379 6944
36990 46970
4088 15688
30834 9308
56586 8340
51678 69439
41698 54226
50174 21130
53220 25510
50013 32611
57042 23507
71450 23756
27685 3865
22730 15664
62243 43489
18229 11680
24672 12342
72801 52895
50410 50784
47224 53422
54688 62182
20221 18155
37811 44997
16456 23985
17601 12565
1521 40790
9404 46552
2059 23254
18874 56409
63793 65495
57244 11893
17797 24192
11098 34145
17986 52616
54508 26294
59773 29707
55798 46033
23567 10692
59559 44528
66771 59209
55591 12325
58989 68665
50426 33787
46571 2674
29589 7983
24353 73024
55676 7753
974 48910
65295 12517
31032 22088
65763 227
35292 69353
53850 1649
71588 611
48100 42843
4386 50431
4964 40143
63343 3625
48311 73842
14833 49131
63116 9095
18624 22596
68998 24705
36625 65301
60941 23828
67758 70152
10255 28623
68598 45253
11593 12710
32143 20274
10235 49043
70674 23191
40960 57764
6918 23265
45030 66497
70128 19511
1414 58341
61456 3977
59512 5083
67196 70463
61504 38199
43453 14127
55184 45752
46258 23648
38617 67960
37908 13071
21956 65229
4631 25318
39856 20350
73887 44224
34137 59595
8051 71825
62019 50967
22162 58712
6766 15255
38241 72675
3579 8581
37594 44348
63539 32273
10815 47933
16623 18532
66270 31386
10075 64326
36419 24687
33037 52991
17373 5452
36828 46966
36074 7684
33680 12948
1862 68137
22887 11922
19810 42016
58544 69120
48467 73794
22990 69721
34243 68377
30959 51667
63560 71616
23700 26337
69126 37036
4338 41985
44938 17758
11063 58708
19015 25958
20205 38399
65005 55879
54126 52985
50223 57035
31189 49423
57696 10799
21927 64287
27638 3124
45230 64388
7121 13674
34655 42142
15204 73565
6885 63453
21968 50962
60820 40095
52265 65224
62421 37644
39501 7225
62426 69148
69799 5457
30627 11690
49782 40255
51128 71145
34423 22723
69527 41112
56982 6286
1555 70031
37853 3666
50071 6188
41378 39708
69502 50450
12762 24673
69638 46107
46377 70486
56596 6873
35729 56860
43905 66634
35433 68680
35008 23369
12882 66683
33469 48605
51270 5862
60439 28115
31693 12931
25550 59931
68152 24341
44225 29042
23583 41984
41061 9564
71777 26688
1387 64917
8907 27098
12806 5929
68848 27005
13620 15248
58451 38069
46074 622
28760 31509
37133 43353
33017 23208
25308 51108
4462 48731
3107 52686
12051 5867
28420 20438
15964 32267
15726 33841
17028 55423
49278 40599
24218 26854
14529 35733
24152 53636
33206 1341
38610 54512
61205 54217
9925 49432
59434 36450
36227 24838
55966 63992
42390 33217
33730 1368
9699 5479
36345 58869
8178 16894
50175 29226
50934 9244
43602 14993
7873 15110
33848 20831
34691 64034
23322 8717
57748 24034
9097 70378
64451 42911
51464 21938
23389 33620
64495 52194
14213 37331
18858 70289
70862 37545
56526 37317
28625 34276
13927 14221
57879 15651
33948 51762
4570 26494
9558 11339
9230 72713
32847 65270
58443 26318
2460 16662
65235 67925
19511 4679
114 61468
4960 62760
51182 14332
34923 14603
19872 29969
43232 4985
51293 50865
486 24180
64315 10959
62671 8835
52942 31687
9189 57141
29603 48615
434 57424
50388 18712
63186 57937
15887 5381
70164 66011
47045 24769
43705 27582
52510 41671
7235 5736
11884 1863
47888 20017
70075 44742
44573 32874
10546 45891
60246 60560
38006 26300
26624 7397
23150 51291
72677 20067
5156 38248
50354 66270
25036 8343
39174 29523
51132 24113
63767 25473
11124 44026
57408 57524
24834 3318
18343 57742
4680 32215
25310 69279
3325 37724
31259 72988
64125 21116
50957 18791
8257 71713
70852 41623
40335 7434
65495 14597
69985 8537
58892 67902
2152 70029
4856 2289
44471 22272
7348 48546
44266 5038
5612 18808
53151 13605
15492 30627
27746 774
68567 49967
60080 449
19524 73756
30538 7657
9442 50794
4834 15682
18559 4614
64081 71511
2499 9690
61764 2595
6004 62447
31809 50601
17110 37024
1883 50695
22578 31152
6549 64299
40284 32774
12753 45240
59794 59636
22373 62801
8384 20073
13938 59536
14966 70315
65162 47204
28911 29340
8272 18928
26561 37600
55865 22853
44217 50916
52693 33714
42499 21014
15834 48245
71551 2745
18001 56589
42152 39303
27949 18873
5976 5578
22735 60285
43976 70976
8287 29752
35900 52722
18513 16388
54416 46261
22027 27277
48488 53189
72537 55200
21628 54753
57497 60370
31935 59286
5335 58182
13103 50914
49301 60755
20678 44277
2049 42731
63828 52283
10581 17448
833 69460
23517 26990
11684 32245
37190 25031
54556 25507
62392 47634
16633 60736
27022 71855
18755 53505
35514 49128
68563 27986
59038 61635
54006 14241
22879 71150
4932 59287
23594 39364
65522 54018
39479 6670
45594 26138
54892 28466
600 44261
73101 20542
30886 50370
25154 67830
15402 56595
69495 23635
12542 58063
47436 3125
70743 27061
66525 50590
28741 22590
60846 35825
27278 20429
36232 52675
25392 25928
14770 19751
62183 53909
65211 41484
23112 61418
20941 32205
5652 17113
7082 63791
47736 41447
27472 69546
32950 4628
43817 12723
59395 11240
5678 2814
13687 1137
6876 6915
70433 43452
3810 11790
63578 41065
67490 46753
15213 26609
30842 19740
58304 27920
42726 40313
54928 8654
26051 47572
42689 41354
30155 58539
14436 62271
29856 44384
12854 22967
31080 37977
54080 39747
26209 13304
49222 73648
28923 20947
61734 19926
63493 21399
7123 54420
57130 15525
18998 69771
28334 53698
59637 20747
23339 73619
50769 72394
48954 61548
17879 36862
59997 32689
25449 14859
47002 19222
35350 58315
26505 12724
44026 5162
16674 17774
4207 49932
7819 61973
36780 49725
17892 62506
14564 22343
61019 2616
60107 47499
54818 57795
45034 23834
28817 58633
38688 2603
20551 64457
22274 45067
72451 44536
30108 11143
11335 48493
53962 9030
68390 17688
64123 39336
28370 19594
62062 14546
60656 25839
36592 42035
1902 38319
56114 10889
32330 46493
32484 64848
56918 2092
29152 54754
19526 22160
666 47870
54759 33124
5797 25169
5251 67296
61690 36733
4407 68215
62819 3073
12845 64175
59303 41756
64919 21874
31525 6818
10891 31301
73203 40192
1629 34487
53297 58843
28575 56748
17395 44240
46977 5303
38770 35762
31335 60043
11893 10518
2088 43637
62887 72257
39956 4113
21208 17125
60200 1400
3200 2519
59617 39677
18170 49896
53132 61620
24242 49810
48552 50908
60857 4717
179 35427
9267 49171
43635 43993
4288 48077
38875 67186
55824 55642
35362 53372
71099 44844
27152 17347
10612 45383
44001 34287
7185 72402
67468 25285
47709 64072
6759 36916
14545 34954
50195 10920
47919 58966
60995 11115
5358 41762
47917 66689
48030 14880
22973 3016
73242 16847
8783 31846
73500 9754
26833 23214
43900 48941
70731 8515
14885 20186
62718 31057
27499 11454
29549 9885
42004 1265
46231 1763
35044 44714
66004 9226
55435 20480
36326 60394
7139 43372
8306 13872
48866 15988
45250 7362
59299 18182
63731 10638
65727 24324
69034 12020
16084 12005
61626 504
69718 56751
69843 30550
38308 27554
59242 6554
48254 10409
8602 50712
24688 41997
60015 69381
11444 62397
10509 25861
51208 24388
23438 61501
37798 8031
10086 58002
21597 24239
36169 66531
14684 828
19393 10428
65055 23050
19727 25916
68248 34507
2975 18861
38427 71041
70967 24818
17306 16255
62116 9933
45443 24668
55068 24517
58178 42128
2816 29848
38210 21290
24781 51730
8251 38892
2889 54039
30452 66409
68108 37409
44025 55906
44931 32893
42770 45189
63721 69541
69490 916
71889 36891
58361 21138
60032 8077
39857 8230
17296 64740
40173 45119
22510 7918
34080 56374
29725 10480
63471 58450
48746 1573
37768 11565
6203 41734
19444 47380
46285 8635
21076 34399
70166 41821
37388 59086
22985 46939
20118 62974
21136 48555
31183 65497
15325 39354
5394 64106
41501 41088
16578 71555
57789 24942
34133 29900
48454 22355
24183 5597
26891 46255
73727 53705
4547 60942
41543 60509
45069 42516
19392 52854
48879 60769
58777 60869
70762 59268
21312 20013
69946 18624
39527 50537
15924 3209
3267 18276
53027 41514
65460 19581
19056 52353
41972 47935
20455 1829
563 56936
71585 22647
43422 19797
38740 24106
62117 28442
37989 12432
19279 2149
57948 51288
44393 61904
14722 19648
5254 35507
18275 44213
72216 25921
15320 2842
40381 65186
3251 51411
52643 39784
28884 72002
58455 36395
46845 24897
12122 56736
42778 57031
7214 20949
25579 63877
69001 7833
29117 13896
36429 8770
25653 42374
2956 62483
10957 37922
70571 18544
58388 30822
11453 67996
67082 64780
51698 28365
25487 54572
64287 64292
41650 1700
67051 40372
7347 20789
47326 44379
52109 56230
56052 15971
48449 16965
50609 69421
48868 36949
1598 44709
37310 48937
45210 16795
46053 48440
40382 62066
58403 8274
73536 2322
11482 58600
28272 48498
58225 54658
54475 32259
58000 27454
37832 42756
21469 30598
55553 40965
54290 62415
18294 36770
11283 72745
18828 44664
27235 43393
39746 25478
62209 16664
68853 30006
43964 31067
49254 32650
11594 64041
868 73833
53669 61572
54332 2543
22924 41086
72852 66973
60571 12529
17948 50351
26118 19446
24381 42160
50040 10658
37941 69368
72597 64349
64303 60646
5536 34867
39583 8773
64763 58915
73307 51063
60746 25321
29429 36204
3518 18755
321 47682
20189 7737
34430 32321
39344 29273
61937 401
16277 42889
54678 46684
23511 73647
64473 19153
32080 35751
3729 41948
15645 63531
36336 41179
64626 70296
8746 26223
47417 15777
62979 38748
57157 7939
33805 25552
62396 68617
15675 66078
67178 32536
2300 49285
34019 55443
21345 1431
7670 39083
19155 34209
41902 26771
60430 18883
17760 38811
46844 3314
21406 3778
6933 55237
35740 10317
47339 48318
54987 60941
46660 19349
6386 58548
37993 50073
38229 72780
69418 20576
10070 58215
67354 41169
25404 14123
24019 35856
21907 59762
71266 36170
41447 25924
39463 59420
35581 37325
12562 21352
70048 16848
46089 2223
1691 16242
17951 6872
67918 42800
36886 72428
48892 62535
63557 48343
44606 18580
21369 41323
13425 49156
28558 72107
65980 3338
28982 56920
24697 42453
73225 51844
68899 23331
69743 42810
72236 4527
14938 37082
54703 42470
60358 7322
10014 65101
15279 8373
17201 8900
2278 18339
62852 19867
45641 13403
47523 21415
18221 30804
57926 12041
44833 46804
22572 44324
39936 54086
3770 45033
15545 9120
29145 64548
16871 52503
18660 71449
29698 8147
40296 68771
16430 54573
17068 20315
10303 71841
55681 11728
14644 27166
10189 58786
2465 20849
63473 15106
56525 34178
5573 29806
25737 31361
14132 7408
4299 73097
67303 3176
7769 6880
61484 29560
15588 62744
33163 5557
5673 5529
8684 28705
1347 30496
12649 20006
16226 65613
26218 41873
3836 42330
11899 2524
19079 66880
36357 37964
45592 64518
46164 3082
21045 72094
65620 8908
31697 26231
66180 4720
8958 27373
12990 30082
1833 64418
69316 938
28443 45795
25107 10568
36944 48250
22515 66736
70403 21520
568 52060
12935 27890
28052 70285
66086 964
62222 36886
48034 34819
24265 72911
57628 49061
14068 66963
23705 50911
49757 20954
55587 26423
28086 33591
67404 43842
29826 25661
53423 42869
41194 34124
16203 51464
61067 15620
14460 37406
68122 59199
17815 58399
64988 67084
37785 53175
5323 26817
10781 24227
43007 14771
64712 5461
15168 50785
50435 13990
37174 26947
59893 26234
40896 39140
58191 28095
29606 39764
72603 47309
53384 60789
38089 7127
56094 30122
24745 33074
62348 28418
48162 66991
23501 3122
1676 40620
13786 1621
51953 28368
57418 23714
68507 43770
11142 27048
15627 65483
18792 42908
51749 60016
52511 51217
13333 21661
22115 64446
8482 62938
47673 73510
26095 37401
44386 32574
26249 10181
52991 14059
16091 36
30523 4090
55667 6558
65420 35945
36506 2
35780 39774
52460 58335
46675 20905
62368 12745
63509 48242
67033 28221
36555 25007
19317 55466
59590 9975
16016 36698
64139 54721
65179 2936
30255 38990
17644 4587
3896 15739
6928 39591
8943 18592
65292 34436
3507 59891
23475 26826
50153 15772
42855 3981
20020 62457
39683 22883
12627 1881
10030 14757
68151 30777
64513 59670
61083 73066
38478 35801
65261 35399
64259 2957
66165 73824
34297 62879
45039 8295
70849 20093
71647 28243
2317 8541
4142 52107
56415 49470
15616 3919
50284 4871
58998 65199
41230 56688
49328 61041
58007 54058
60249 22941
4717 1740
4307 5772
23183 8259
72964 36809
39721 36906
21515 62806
64420 26569
17628 35034
40955 3200
50998 35647
63892 24651
14337 30779
72586 58719
70700 256
61581 5784
62379 73822
73696 57062
20488 73262
7306 64033
51300 30346
34524 6199
64841 37555
49519 47715
46238 11589
37282 48143
42007 61929
3690 71381
5914 21483
16804 48925
48027 48664
45728 72224
3526 70880
44730 19097
49883 42037
12760 45455
56119 53347
45239 22802
46841 52663
53993 48774
46042 61275
32012 45540
32456 38332
30753 19351
40908 64817
11134 71077
8586 53455
39966 47230
15004 56586
44250 11331
22254 33188
2584 18041
70572 43622
42745 47012
4900 61153
60413 59084
55375 70676
67471 21533
55204 5605
34947 45018
2675 66369
61565 19013
2915 44781
41487 70807
49511 20897
51158 18288
42261 51951
12810 10715
64011 54917
13115 14665
26989 65718
44036 71303
65899 5503
44505 68101
21841 13608
39259 530
47623 33387
57147 72149
26445 21588
65137 29725
9873 43896
70233 15326
28060 42663
37665 48933
34755 71887
6231 51769
38971 68567
52695 51486
29608 28715
12054 46024
12417 53478
44151 13950
35831 29598
8818 59462
69608 24685
55982 79
27491 64908
10049 18921
39564 9465
66145 53231
39310 39697
56743 27427
70773 71037
26225 12660
54305 25036
52731 3081
32934 2126
67551 4077
59406 38770
71771 15870
23672 27144
2439 9351
67663 8785
24451 33219
65432 59324
27913 15592
61250 55302
35119 46861
69825 52823
56850 1386
7849 39350
68455 44980
26300 50823
47747 49141
60620 27322
19366 39818
31507 56168
19723 62711
39358 5489
53774 64401
41767 4132
8445 65536
54060 41895
34988 46072
37624 4069
21049 33526
30951 62076
53198 50300
19656 70651
25155 12846
3632 55405
32190 46014
40704 64266
60839 3582
63621 49804
73378 5069
57165 63891
55315 11381
4851 62243
26476 33051
20888 71269
35745 12066
17883 32164
3820 12322
33869 59597
36409 49788
72183 44222
23067 31638
63681 61510
2610 42320
7252 40608
11001 72434
39057 59140
8334 28385
53348 53820
47637 12446
52022 1350
18424 16828
30939 3701
14672 66362
65569 58253
15813 9058
68415 65808
68847 23755
33005 60710
65071 36011
11830 50880
31206 70211
16028 6386
51112 15424
30925 67730
55427 22796
18911 5219
14001 38049
22958 43440
28064 55933
35986 14376
57603 20290
53527 10070
33333 63196
7331 63734
64273 32643
49114 747
14807 50765
71532 23152
55546 49378
32290 5751
36404 39621
18994 23944
47579 29285
62289 44574
2763 64665
4563 29981
7167 58284
31415 15217
33159 13309
72448 21553
40537 18246
47561 17302
15998 73764
70112 57423
30984 65031
57987 48061
50918 56358
1032 2692
51509 68836
33494 48273
39439 71236
30863 13937
38984 54870
27576 62084
21002 4396
57521 36557
41574 57186
53254 73045
4441 55346
35919 8774
10499 8543
64448 11436
61747 34443
43611 46877
55361 62211
13160 52603
34206 66469
66367 31881
8699 18026
46119 15862
71792 3161
42831 21234
59410 11322
6829 24484
24084 25758
58118 58472
17838 48932
404 73056
52516 34473
40049 62637
41121 8759
10779 24316
14527 54167
20687 15185
32717 73357
17052 5211
53781 30442
41865 26536
62701 19319
34168 39367
22739 1468
42937 48741
36936 7864
26040 66873
54329 1595
48183 14779
23841 68756
51577 34851
49457 69537
29424 1161
2718 39760
3011 17965
73208 41882
29978 62966
11663 27992
60611 24729
25988 62228
34313 62689
22120 28066
6526 12983
52565 50838
56218 72488
19563 70963
11674 9296
48225 19152
22299 16641
15382 66830
1851 19059
68923 8913
57038 62612
59469 67291
64770 9515
15534 21592
26627 32384
24976 54200
34892 47412
37744 29537
64772 34403
50080 53267
17066 7822
56533 56607
27081 5625
28255 42007
37090 51725
24821 3627
54832 25246
23642 51220
53547 58960
19130 29455
3772 62832
38037 53285
34315 20616
30866 68323
59111 37700
32548 9838
48450 56721
60053 4052
11238 54699
1353 8695
61458 73622
17460 11121
42369 19080
27816 5237
50266 48434
55482 36358
33585 51547
9576 36810
12489 60884
73008 44759
7701 39780
6831 70162
43629 40389
30782 61593
61727 67036
46440 63936
703 50607
33248 73425
66132 17992
49931 61516
39651 44182
51734 11926
48615 64183
17333 44881
73343 69828
5391 67764
22265 8249
66028 32977
64598 35156
44457 35554
61353 37873
11751 67308
41592 29864
69524 41033
56745 42489
18586 31381
34132 25070
15315 45681
5789 40154
16761 25146
65433 43909
36832 67853
47264 53942
56373 36507
37084 34592
34501 55555
34572 24688
41027 18256
57118 38669
21625 24900
41359 47381
64393 71143
19827 42093
72834 68173
57671 22730
6976 15364
24763 38203
19481 32379
30129 44221
24005 65137
4701 49152
61637 32196
34109 51332
21438 63484
61229 60173
57204 70440
15208 44748
64869 19182
5347 33388
57871 33101
46730 16310
73513 49357
63597 72180
60000 51522
64617 429
14745 8723
19406 24764
16208 33399
45824 64888
12266 59607
26704 72175
37240 36319
23679 66994
22059 55115
66682 26109
73826 34826
27840 6684
68946 56061
23668 64168
54581 14167
10071 62439
32265 57302
65289 50710
12361 41045
43078 15656
3403 18315
37262 23738
15990 16111
51665 47361
48964 7144
13903 5379
42407 9212
20156 36354
3785 14086
10626 71892
60324 70153
62896 35182
59514 16702
35301 12569
761 55479
43179 26856
59389 5235
42588 7849
16951 1292
27705 14606
37088 44251
42359 36330
7280 56336
9270 30211
71717 28894
49990 34962
12131 46341
52280 30981
33445 19885
23333 3009
31468 72576
52287 41513
11691 28820
2689 22524
27293 50237
21357 71004
50922 2286
52743 21024
37348 11951
15808 35354
39132 63735
64337 16327
56671 12542
40646 32270
17209 53268
47061 28964
12598 31723
48164 60229
67195 21712
26198 22747
64176 28881
58386 14076
50868 416
62448 31297
35191 40435
73802 57042
55453 50686
11826 27970
55383 13156
48266 10748
24427 53548
56900 58214
55839 58003
12183 50394
5301 49829
67285 70945
44794 35616
60756 26887
29391 64425
20326 57233
64923 68674
69112 44865
68771 42216
11007 65410
38104 66527
61371 50843
57326 26932
10379 48885
62602 18942
19479 10140
16750 22071
39376 52954
56064 28565
38730 41185
6256 46304
72220 35933
10032 32607
5911 38100
67295 49735
14108 61567
66933 3182
55695 73835
54136 31992
12385 8480
60904 59277
33212 50970
46591 45244
33406 47124
10718 49935
65988 2687
2133 58370
14934 55593
60671 11726
23535 57326
23883 33414
5933 45644
10918 29958
54559 35275
39014 48051
41150 34061
59638 62722
58976 20723
34744 28723
44740 67787
24536 69591
27666 4758
24260 49997
10253 47786
33990 6289
13937 29961
56859 20809
70042 12109
767 6563
51765 32820
15294 10389
1744 68847
62538 33443
60315 59389
53097 19534
63796 38425
39689 57134
47282 36506
39670 24383
11487 30028
16396 53670
1819 40842
25009 21841
14669 68225
2083 8753
24671 30385
3515 12095
27425 23062
63061 37781
31691 61637
57120 22011
70594 30966
25024 2253
11285 25610
39442 10099
60743 8832
19421 35265
2860 69987
15265 16271
21772 60626
19979 72541
58362 48357
63577 23452
61800 20018
2573 69948
58919 24486
31802 32198
26390 1147
38645 22518
51346 35696
6675 67273
43759 65656
1033 7452
13457 51617
54485 17689
64973 21890
72654 6337
38113 61482
4852 20436
63898 17340
63715 31710
63951 48129
30397 36606
69247 60609
2493 32217
55313 59631
41400 22957
72517 14402
8325 32535
35108 5541
54676 8792
62042 17814
15328 76
64853 37645
45452 60395
58763 69324
57178 64220
2728 51776
37751 72131
25193 70972
61505 52940
30423 68820
66537 61161
28797 68113
61403 53111
17192 68613
38456 53436
51167 21876
54639 65950
47220 65501
61909 16547
21238 4774
27160 27118
37023 9623
11298 48170
63294 15144
16921 54056
22714 50145
26147 49276
20489 39259
64512 48972
13226 3130
54524 41229
64714 63862
39801 26045
30766 28256
27451 57087
72985 19290
6167 58975
2377 18330
34185 39581
46799 51952
20789 32047
22901 18654
65992 2147
4191 29763
8345 57545
44268 63803
56443 52330
14939 61126
29713 60976
15819 48703
73661 26830
29373 60726
63749 17094
33794 54500
44607 6731
46563 32161
6118 19076
73011 13276
35061 38722
19816 49026
13651 6963
6609 45948
57387 60961
59918 50667
14540 56805
13880 10240
13353 38529
73725 46501
5502 67183
66494 5312
13817 62844
21896 8881
15475 46201
26921 43445
20583 25360
38290 40678
66309 1450
13015 19129
20224 73609
47676 35339
43858 7850
18059 3236
16120 66783
26463 28665
57555 68301
54494 48663
864 58768
32155 52877
62085 43784
44738 60332
37586 45473
66195 37346
22448 48231
11172 6674
34868 16161
48816 57462
54397 63900
47271 56808
32172 67368
69423 4740
55276 71827
29909 66316
18088 8820
56207 20098
54187 49536
53649 43274
60130 35011
67654 18869
47419 18640
3902 25734
58010 12215
19083 50318
1304 36145
67810 51695
11113 28867
44343 5491
41263 39704
52646 1588
21539 17425
56895 25493
8057 54838
51547 25384
4862 54735
19786 19877
7578 55957
68129 71704
38762 75
54960 8681
52692 21417
72563 4911
39889 34801
45110 63264
1036 8663
36672 28718
69179 61382
52945 21707
58483 64682
26888 10482
71359 60242
57953 44924
45253 48775
53020 61464
25860 33828
39523 73213
11047 71818
4846 43333
70443 69037
43843 20395
51118 68164
16516 32152
68220 29649
