10477 14297
1825 1647
410 7270
12150 2726
4507 11371
4013 4907
3658 14802
2287 475
12067 754
1680 5315
11088 13045
12136 920
14618 4807
8936 5874
1425 6142
9675 7057
6913 2386
521 4001
489 8703
1536 6752
3583 9273
3812 11171
8280 12985
9864 2951
435 2786
9196 2869
3258 1294
11732 9986
10648 14268
11491 6268
8929 10154
6874 11193
3612 3946
7360 8154
9655 14956
4558 9555
13262 2345
14243 3805
107 7556
12433 10452
13203 4162
2616 7530
11439 4184
6925 10926
5575 154
4553 14728
2548 13184
3528 7623
15683 14766
12510 4713
5515 11102
1675 8956
1520 2589
6225 1211
1585 7238
5882 15487
13886 5662
5636 9627
9892 4902
4334 10469
13224 15762
712 6952
11956 11311
7528 4098
8786 7485
2046 13850
15111 4950
6202 3264
1292 6303
9045 13982
4804 7917
13589 1748
10300 3887
10134 6249
14508 9371
14119 5882
5926 9418
9460 4848
3151 11457
11544 4838
1140 360
751 13600
10835 10785
3734 6485
12666 4498
4742 133
1308 15979
14014 14174
3815 11237
14197 12752
1655 12201
6228 804
4555 14920
7429 9936
10416 12209
13667 8139
5978 13646
2665 14814
6066 14794
5821 4690
3433 12710
10981 13089
4375 3771
11499 9947
15347 13139
11200 5773
10618 3589
1170 10431
9981 3116
10404 10173
2804 4107
8752 11105
11947 12380
4011 11812
2678 12575
7574 10801
6217 11156
4423 13736
15162 2241
10486 10294
11275 1592
9126 15993
3599 10281
11217 10590
5314 646
13810 5062
12589 12921
12714 7223
917 547
3753 9496
13465 5978
526 11999
13190 2154
5169 1477
6573 14904
4387 4836
1085 5353
3457 12247
14961 6808
15449 2878
9293 3290
14359 2166
11763 12887
5156 8838
3484 14360
10739 5995
8180 8698
6483 8222
14495 14967
14984 4466
10533 13607
7518 2696
2341 4211
4340 14976
2288 13512
4041 15470
12206 7895
9198 13214
8831 15864
4305 12232
12240 14261
9578 5550
7020 13177
14710 1887
9561 7674
6544 15777
5931 1234
3594 2307
2267 12357
8349 3697
8086 14093
1490 11081
12383 11866
772 11050
14109 6512
1797 13857
2505 13183
10281 9132
2622 5993
12978 1480
11150 12955
6917 6465
9772 229
1041 4333
6305 8792
6253 2025
9764 7452
7669 6039
8670 11024
4120 12272
9065 11016
14104 4296
15441 9578
189 6243
11146 13475
11809 10462
1877 15406
11170 6087
14497 1776
8798 11057
12303 3831
4372 7725
12593 411
10502 10151
5574 14488
1828 15453
4809 9199
7124 5375
2592 14996
7434 9996
54 3627
15628 10612
11831 1036
14350 10411
11792 13499
4316 7607
8202 14900
12484 11487
2928 4952
8318 10638
14953 6690
1744 1912
14263 2291
10245 743
4890 15504
13790 610
10469 4987
15780 8072
9978 1903
3259 1593
15823 3847
6127 14537
12493 8808
2647 2223
8838 6368
15623 7433
12758 6079
15114 10986
8690 15555
15049 12176
10 11412
9814 15499
5311 8851
8006 6867
320 9623
1833 12162
15223 11905
5948 2532
14397 14507
13627 6798
13219 10731
5039 1623
3924 13660
950 8018
3947 10087
14386 6687
9296 15386
15515 15590
1291 4584
1404 537
11992 11310
7963 6071
13370 3560
1134 7265
12462 7286
8728 15574
12548 3869
2061 14016
2104 5943
10810 1628
7788 11235
15514 6019
9008 8921
2706 14774
4343 10565
8646 5877
14294 993
9939 6524
6933 4521
3471 3110
15220 2002
8836 15549
12375 13895
11960 13504
11303 7451
3296 1502
11681 10859
5108 3476
6538 10514
11005 10478
15971 9784
6119 350
7178 829
14740 12891
8480 5465
7398 3991
1983 2064
4062 12894
3682 9251
1050 3363
5540 1125
345 13596
9639 12537
9076 9081
3771 3395
9642 9608
3609 3539
118 13322
1164 14250
11598 3818
10340 5384
965 12688
3751 2418
1105 12922
14835 14755
515 9765
14085 47
5414 4543
1161 14065
8424 2371
3900 2130
4563 15757
10961 15889
7954 13083
3511 2859
8835 1802
2168 10831
11852 14196
15328 423
14457 2160
9356 244
9441 5870
7745 12944
3982 12918
12856 3899
7750 9648
13231 5305
6670 259
3120 2855
1546 4348
1589 859
10797 2077
7063 12153
5805 6898
6940 8620
6736 1863
7652 12217
14154 1042
11946 7803
888 7345
11033 12748
10707 5932
10588 8409
1613 9727
994 1787
6597 7406
11932 8255
5560 3630
13117 15490
14118 10078
1791 711
4074 11916
3140 12833
3117 14889
8787 14205
7351 10796
2297 8544
15983 4942
3007 7505
4564 10541
7580 511
4093 997
14328 7848
15127 13883
1236 6581
7261 6985
13239 11242
14113 1769
14025 8033
9017 11672
1605 14905
829 7268
10685 1205
8857 14734
13698 1324
242 5278
1529 9967
15178 2431
12347 1077
13906 2068
3873 4506
2725 10229
6659 10373
7957 9591
7887 8985
3503 11668
14167 5328
6571 6241
14786 9788
961 8693
2698 4832
6210 7434
36 8283
6397 9920
4346 7049
15181 1625
12847 12995
12864 11498
7455 1875
4674 13973
6931 10727
11413 10665
11969 14381
12835 12599
9106 9034
10845 11811
11771 14181
7974 3523
2537 7047
3112 7399
4862 14551
3567 3744
959 6780
9490 5554
12055 13557
8884 7431
999 6533
12255 6816
5139 11954
937 1558
822 5121
9572 6993
7812 15569
8239 10898
15064 4177
13971 6133
8702 2501
2580 11253
932 15123
8321 7771
1313 1100
13949 1495
3045 13628
1123 1399
9750 1528
1114 7076
11063 1583
14121 12200
3854 12105
6616 6106
1965 13301
15428 2132
14587 9116
9334 983
4034 9609
9486 9202
9741 9203
652 5401
10148 10978
1344 2003
6869 6731
10771 5794
9563 14314
9261 10901
8566 15420
5184 12293
15315 6930
4273 14223
3347 15006
10973 11814
11735 843
5148 15950
3911 9838
4352 5120
6485 5762
2145 1698
15710 9469
10576 8314
4916 3486
7492 2536
5181 10760
15222 7901
12319 3675
15332 13882
1189 1774
153 5737
7509 13851
10178 9114
9225 6023
1639 1883
1201 12495
8809 4565
3493 9407
8289 3706
15595 13226
2171 7031
15291 13848
5719 9191
14433 12574
1128 13410
14406 10187
4003 10053
6055 11059
4670 10530
2585 9122
7180 431
13661 9978
8901 15223
11527 10778
4957 13590
10022 11362
15939 4382
10715 15992
8667 2956
129 4478
10943 11514
13388 12492
9087 5063
4906 15099
15266 5568
10869 5752
1698 101
15384 2973
14388 14252
2201 2348
15940 9279
1892 10770
14578 6567
1754 1141
12164 2325
15809 12141
2547 10374
4463 503
4617 1504
9910 12225
3451 8692
11758 3525
5618 6164
3336 6879
11264 15764
10392 5586
13975 2579
4326 6063
8281 5106
8005 11823
4115 15990
14834 12728
14880 15425
13863 9300
833 9769
1513 1392
10393 14473
15655 862
15928 2550
4534 2580
723 12361
59 10123
5465 816
12635 11043
2144 1337
10439 4459
4292 7260
2648 10846
12145 6948
7240 7958
9039 15896
11562 7243
7008 6786
9190 4476
159 3532
15754 12369
1233 8395
14469 1865
11322 5656
14810 7044
2443 1817
8939 4641
591 11112
13675 11117
6050 9718
9544 7973
9053 8634
2427 10931
7042 5054
2089 745
686 3613
5051 6476
5975 9820
14729 898
15288 126
13044 3350
14102 4939
654 3461
14728 12573
5863 2249
3442 12521
11175 4187
4089 4743
10928 5376
1685 1966
5795 127
12782 8150
9174 12240
14486 7056
14332 2879
15607 2117
10169 6230
12280 8726
2533 11529
15168 15897
15236 8197
3879 9155
14166 13654
2663 10946
13106 13209
13284 5803
2901 1181
14442 6506
6756 14120
407 12158
2939 694
12068 7148
15147 308
5443 7533
12819 15093
15251 1276
6746 14125
13144 5130
10976 9434
14157 7034
12044 9395
15477 6627
4066 11625
15798 10489
2609 6844
12901 4744
11490 1888
1772 6637
6268 342
14290 5322
635 2816
14068 13129
7712 10128
3645 7539
3270 13632
13379 11299
15048 15070
7542 5929
5729 1444
5001 7156
13444 13837
13031 1735
14276 3987
3729 7139
3653 9649
388 6561
10814 8585
3165 1289
6529 15916
5379 14263
4565 5084
14162 12220
1138 5563
12671 3631
4574 5457
5754 12766
10511 2755
8347 1252
6549 8364
11134 10375
13823 1869
15935 8694
5426 8356
453 3177
1890 14843
14370 12718
4280 5725
2926 5753
9513 11918
4350 13418
627 10575
1777 13354
9775 2420
7120 3872
5664 1685
11937 2400
12885 4194
5140 3233
7150 2843
9933 9870
8380 2505
1895 12456
6312 12438
14738 10740
9447 1235
3115 2903
4174 12663
728 10289
11613 8096
7145 7602
28 15444
8519 9237
15165 12450
13214 9495
8822 7355
11254 11160
11788 15142
12157 14452
12076 9249
10988 10535
3229 10409
5968 10233
7067 5296
1147 14160
10883 10277
15086 5180
5410 2474
10210 7206
5144 1119
15479 7683
13894 7246
2042 10345
11793 4962
14747 13048
4921 4501
8309 9690
5068 921
10927 5767
6692 8313
5345 1216
6593 5086
11424 7566
4845 7405
9084 617
2086 933
3144 6042
6889 13627
10895 4704
6212 1258
11098 10563
12258 15286
14792 14014
2852 15820
10085 10077
9325 9734
4931 8308
6654 6300
8978 7582
13660 9509
7 9082
4979 12974
4701 12107
3444 14679
7044 673
12874 7369
9503 14894
9940 13269
10727 9367
5280 10680
7619 3085
7239 5268
7245 9913
11070 7793
3502 8215
8376 2472
7753 1014
13005 7382
14765 1696
13043 13287
12058 14732
2781 13720
10795 5627
1390 11704
4650 1382
8446 8267
10877 10587
10371 2828
10146 642
5492 4060
1531 11594
13410 7173
12307 7200
3849 8587
11024 8565
5086 9992
3681 2601
13215 5963
3263 6109
2415 15040
401 4635
758 6348
4012 6698
7785 12689
10016 5544
13923 11124
12591 9796
1194 858
7462 12931
6791 10337
14519 10606
10319 5483
9432 1080
3186 5402
11770 1549
11410 9142
6292 11115
8100 6334
6548 4656
3998 4129
2418 11858
10749 13953
11267 10758
91 14850
14626 9875
12304 14308
14098 2464
12617 5462
15925 1336
1747 9548
12754 10873
6966 2318
3586 15020
2882 5732
13175 5083
11402 10749
8487 11444
7612 10849
823 6422
9133 2113
4083 9750
15032 11614
13900 1389
1989 5073
7479 9158
2185 6172
13131 10543
7613 12971
10938 5382
8703 13324
9158 2094
9756 10980
5199 11516
15717 13582
14606 15551
7252 11230
10038 14950
13354 8625
11785 1532
14615 10585
8271 10985
6992 6938
13609 8332
14858 15352
8977 299
7306 5941
14700 5061
2608 2954
12185 3510
14115 5599
7778 12553
7374 7968
4247 3146
12318 3712
4051 2254
13761 2539
10448 1265
4544 4847
15733 13836
12742 12913
8541 1658
7940 8318
10269 12631
3920 8844
4500 13683
7207 12102
1270 14479
11691 8627
4682 619
3842 15437
4452 5518
5503 14359
5239 12556
14632 10126
8850 2148
1321 9786
2268 6173
2472 2528
3789 2659
6276 2963
11370 13621
2504 11352
11574 12634
3506 10236
1053 13256
6798 14790
6679 2713
5422 11816
8891 7171
7634 716
6813 6732
1021 5969
3389 11082
13647 11790
6884 3892
6382 7278
14825 10004
12613 4669
9570 12328
11396 12265
321 12842
14037 7356
14429 3834
12544 8750
9433 3919
6233 5071
7815 13249
97 12852
5764 7685
4893 14811
12345 15126
6390 3179
13983 6027
14609 11114
13693 9346
6866 7219
8819 7565
12248 12607
12037 4617
8948 12749
15385 6257
9884 8240
15836 8642
3614 6860
8000 2656
3596 13384
4472 3272
7141 13128
15606 9907
476 2268
6372 14304
5508 4097
10959 855
11128 10506
13077 7874
6625 14322
11865 6082
2705 9086
13771 1681
7658 11656
2092 13860
10196 8453
15888 13946
442 2043
14860 4671
6456 1375
9698 12503
9247 2627
10863 4470
445 7362
1376 14833
10531 8411
7023 2415
2224 13616
14203 7168
7565 1503
2978 14918
824 3638
4263 13381
15261 7392
5364 14494
3468 5728
7450 437
5356 15750
5530 873
12472 6496
14413 8225
15031 6127
4559 3863
12321 6327
13631 1338
6907 6143
4134 3679
13680 462
1342 5222
7706 1624
318 13750
12273 11710
15765 10649
854 5494
5734 12966
3674 2393
10652 2255
1125 628
12800 4701
10679 13595
660 7741
12358 11405
509 13617
4052 2274
3267 12433
13750 11560
334 7686
10180 7350
2497 10082
3909 87
2069 14842
7759 1299
10969 312
1875 15313
9241 3534
3572 13681
7620 2450
11461 8992
4199 15638
12565 9976
6044 8648
2750 6935
9927 1822
9950 12717
15572 4721
15196 3894
15803 4935
12744 1997
13424 783
2684 3907
5097 15461
15362 15940
9482 13008
421 10205
5112 7490
9434 1030
15260 15424
14878 13709
6150 14830
6499 8190
11715 9777
3250 8783
1246 270
9701 10354
11316 8444
15148 9422
10277 3964
3979 11773
1670 2353
11423 4773
12657 7033
4942 26
13932 10074
11211 5781
9838 3942
13198 9350
1984 6826
13046 3069
9273 10886
12823 10949
673 1403
5689 8577
8729 5909
7019 1109
10839 8619
6072 8915
1130 15271
8290 12885
10610 8317
5591 9080
208 334
13920 6398
6883 14309
13474 7703
8032 714
1730 10415
7103 6339
5935 6117
10414 4156
14608 12245
13578 267
7533 5851
11589 12920
2507 1107
7136 5650
2886 3951
12023 12009
8549 10766
10658 15880
4426 1699
10092 12641
13242 9534
8818 12046
12692 12398
7922 5448
7617 2186
7137 727
13529 15894
11978 8946
9708 5547
4398 13329
5281 10532
13955 15974
4023 13606
13611 15334
1420 11218
4570 7613
14445 11394
7386 7841
3996 10351
12296 2987
7614 13296
9337 2210
10000 1034
10948 11732
15598 15324
5512 7499
471 606
8099 4808
13943 3303
5326 718
2980 12962
7989 3269
3476 14513
5814 687
13072 5171
4233 5081
5577 8445
4582 6525
14424 13360
9768 8898
11489 7757
14420 4151
4527 600
9107 12342
167 10599
8465 3132
3131 4688
1403 5849
3955 14126
11798 12794
15394 784
15455 14186
9097 10744
12422 5439
3938 4477
11315 2040
7801 13097
10583 6030
11663 7160
8042 14574
7343 6554
12992 12179
283 7205
1525 14658
4821 6335
3631 5555
6626 3061
11335 8130
3987 11339
5017 8152
10879 15728
9529 13063
6047 8508
7754 4370
9069 13127
8699 1354
5633 11913
6972 6956
12222 15973
9018 15396
5420 9871
5765 13474
11516 2957
7435 8938
4439 4814
5024 5263
4119 15052
3778 1312
1977 5373
11818 10829
3156 4844
5170 5022
1959 7306
12172 9874
8780 11759
12488 6982
11308 2731
3034 11302
3139 7273
3546 5760
12102 7326
7934 15379
4531 11909
11872 14255
9660 5777
12456 14952
8596 7127
9778 4499
4637 15710
1648 12968
13642 940
3181 1230
4854 10997
3728 10446
5913 6656
2940 5953
4953 8407
232 13126
11601 12287
15353 11132
2074 2622
4495 15629
746 2340
894 13905
9067 9955
4787 11110
11427 12802
14994 7180
10451 571
14229 2069
12334 1102
8043 3867
1681 12756
14299 10571
201 6002
9406 5934
4659 6273
7691 9294
7844 531
7217 9914
5583 2514
3021 11126
842 7372
4137 6078
15924 6096
7828 7274
1870 15044
13470 1260
1071 9404
6566 2256
8057 8675
1214 6013
9454 6522
10313 5151
11247 10643
879 4567
2486 4090
2445 1859
13290 425
9222 12054
15249 3049
1396 8177
4067 8483
1941 6341
9144 15543
12525 1930
6819 4289
9934 12698
9767 4265
12956 11535
10133 7312
3698 3516
12709 10025
8562 4679
15085 15995
7382 8048
7254 3280
4872 2010
14093 2224
9643 15742
7026 1214
5004 7407
9317 2829
10175 14724
987 11688
9989 7293
12126 1439
1626 13280
12497 11173
3405 13854
10249 5237
3458 10942
4336 5693
10821 11626
1331 1064
2574 9012
3930 8883
2848 4758
9044 14604
1230 4915
2565 13949
44 2581
6694 11663
15306 14720
11295 11473
9730 10449
7700 2853
4772 13004
535 5923
3793 8336
4721 3674
11583 1989
4633 3293
11518 12978
14084 2276
7439 3879
1167 12950
11263 8095
3825 15494
4335 5913
12908 9078
12964 9377
10241 6045
9664 7658
10833 13168
13172 9039
3242 2127
15179 10027
1881 15795
8923 1413
3684 1078
10611 5068
2442 15722
4353 11747
13544 11778
2331 7843
15892 8613
978 15539
2719 12602
12987 6709
5040 13490
15555 9420
12271 1209
13505 2054
9326 5195
4729 10525
7196 15270
2038 7373
7680 7633
11284 11143
4983 8477
11465 5645
6595 2103
4461 14385
8200 13584
8848 12784
8091 9033
7173 10483
1318 9631
9799 2982
15407 12580
14573 2115
7079 7089
12035 8239
14903 14225
15941 908
4103 13622
424 2035
1497 8489
15687 2508
11048 4983
13697 2698
14099 2654
9425 5287
9620 11622
340 3695
12530 5670
11015 8502
13459 4654
4416 15050
9442 1293
15004 4106
12503 3217
12391 10405
2871 9025
7709 4497
8503 2051
10675 10241
7246 15277
15964 10067
2974 8741
9591 1531
7142 8235
10401 10502
13341 2763
14763 9697
1495 9514
7701 2527
5701 2805
6691 10793
5461 10232
5261 11807
10980 9915
1714 5532
14054 13805
2635 9235
5404 675
6745 13521
11366 14153
8118 465
4723 1331
10856 15415
6562 10510
13330 12633
12461 9450
9013 4337
602 10669
7452 3454
1443 12566
5154 9374
4136 14948
5297 15357
1900 10470
12658 497
6623 8160
14171 14566
8432 10276
13516 8939
19 4746
10776 10518
14244 15933
8890 7913
7570 4013
6771 13185
889 13228
3074 11223
8495 6654
5928 4874
10202 15734
12394 1196
8168 11283
10247 982
7243 2590
12452 7203
846 6810
15461 7934
4376 7610
8999 3343
2147 5574
4720 9940
7179 2354
14432 5122
11441 14115
7942 11770
1990 5232
473 12030
10323 14103
9976 5659
13096 15573
3921 2143
11630 12463
2595 15738
5092 8438
9025 14749
225 1740
9049 5229
6685 3961
1528 7643
15701 2008
13786 4383
1859 7367
7561 4062
1925 2309
10613 1587
13634 830
2523 4755
8166 6294
11741 14159
4782 10083
8338 6851
11558 4068
4480 14178
6808 2617
13677 15865
7906 5365
7737 9465
3994 11815
7484 5124
9032 3111
2370 14767
6285 2611
3123 8164
9821 8434
8328 7649
12228 8172
14407 14403
2237 5056
15370 8149
1144 380
14871 1476
12660 6443
12944 8282
13999 7492
6799 3945
5569 15463
12906 9558
8319 5782
4378 798
15349 15707
43 4610
4635 8109
11896 9790
4892 14457
13722 13810
9617 10720
9502 11019
10813 7711
8023 4682
14177 8794
2435 134
7317 13881
8825 1762
7936 7061
5655 2195
5447 14459
9043 4334
12499 11920
8904 15821
6181 12516
7461 6607
5273 5996
14248 742
3091 6564
11428 839
3913 9344
9369 9205
6275 3190
3827 5940
15621 9065
12707 4729
6731 15617
716 6330
5214 8262
12202 7379
15664 12524
11555 9009
13295 4583
6247 13522
6326 10212
10874 11148
12983 10012
13448 1947
10683 2109
2493 1585
8116 6454
607 6115
15601 13024
8230 5556
9670 9140
5440 5991
14250 12370
1645 2364
14323 3262
13846 15211
7214 8342
1634 6577
8618 8194
7487 660
252 15776
11837 638
2362 2246
6718 11692
14270 15335
10728 13173
2530 7762
1226 8509
7693 7488
12805 2441
15725 9933
5547 8447
10212 15834
11350 5374
6513 10045
10647 5219
1316 2663
13956 6439
5384 10101
13965 12114
11049 13806
14080 4903
8743 9728
6227 5512
5189 8312
10270 13571
11776 8352
12443 8722
7995 8026
15723 11612
8865 9223
589 4912
10117 7781
1122 13366
3847 273
10341 6036
11214 5428
4709 11040
14800 1796
12236 6825
1481 9564
7111 5041
15646 13055
12458 11884
10384 14289
11533 11273
