20953 874
3649 19560
820 15552
24300 8701
9013 31689
8025 21483
7315 25655
4573 31853
24133 25434
3359 18956
22175 18928
24271 7457
29235 23639
17871 1683
2849 19121
19350 15744
13826 5588
1042 17179
977 20612
3071 23632
7165 20308
7624 25383
16560 27564
19727 12459
870 4843
18391 26925
6516 22307
23463 7937
21296 1035
22982 18762
17857 31071
13747 22955
7224 3602
14720 6252
19310 621
9116 14452
26524 10280
28486 13723
213 4963
24865 13532
26406 22627
5232 6682
22877 13448
13849 16444
11150 25395
9106 20037
5095 30164
7056 15454
31366 28601
25019 27800
11030 24112
3350 23836
3040 2041
12450 23127
3170 4525
11764 16997
27771 6795
11271 18380
19783 10652
8668 21700
26448 15676
1424 17219
23912 12348
15055 10282
17572 31349
4091 5675
31888 15063
30222 29889
12404 17470
2583 11218
18090 17901
9607 11610
27178 22147
20600 25297
20268 28432
29015 23624
28237 21080
11851 26335
18919 22719
6301 8663
23088 19991
2280 15866
1502 6301
21669 31371
7468 8078
25332 9143
9483 18288
2615 9782
28028 7369
7629 30851
28393 31881
3310 9753
12456 25270
9109 9471
14858 23099
20831 6793
27333 22618
11955 23102
5330 16024
12131 10389
11642 15723
6866 11430
21961 18367
8749 30596
22998 30622
30693 26064
22399 23648
21235 8961
2340 9431
19961 3994
20807 18792
5608 22172
17503 17800
23893 12442
8022 29353
5355 12929
15148 26817
12434 11310
8846 31281
30324 25332
20972 26366
22550 4800
18251 9518
7197 1379
22434 9426
10627 31304
27619 23401
25177 2590
25428 11350
1833 30278
7506 14496
26929 21495
1052 8404
26380 24489
10337 15699
13146 7012
8774 6622
2169 27131
6914 17649
29922 8885
30898 30574
18586 18417
28717 22813
23525 8901
10312 4499
6968 3580
21478 20175
16359 24278
12965 19230
28990 7841
29968 7945
21065 1664
15036 21950
4682 29662
8680 17402
4576 7395
8082 20905
24412 7630
18395 1721
17662 3284
8610 13544
24479 10824
19156 23507
14039 15480
29420 3295
19122 22322
13088 25257
11862 4505
7187 170
4533 31606
16697 18034
16172 30445
2979 5176
24766 13334
1544 21394
28217 30640
3593 28858
5009 28784
20561 15588
5243 15646
25955 21317
22299 6536
13834 24770
19544 31586
2082 9413
12609 10525
12505 9353
19527 21165
15338 1939
17339 29752
8239 25190
31821 2932
18129 21375
28207 18814
30882 7610
377 17536
22292 24206
23617 23696
3754 27864
22339 30693
28993 1223
17596 29925
24605 30195
8744 5737
25186 13694
21004 28910
11147 27447
3656 5761
9618 30603
14247 30135
5183 1191
14868 27401
107 13009
31255 25820
23662 16233
28700 6106
23583 30691
8631 24544
31847 31528
16404 28584
24968 30345
5855 9486
16636 28730
29905 1228
3487 304
28526 9778
20490 18611
9780 19752
27580 3517
20938 30424
19955 10979
6518 9325
12253 14889
24986 21015
5294 17803
17675 17181
31245 16185
25515 29140
30227 30755
17379 4398
30098 27888
19 16523
19627 15337
10622 8941
16011 6319
639 26504
3666 3692
30445 10836
11895 5325
28794 23958
27253 15038
26437 21244
10077 8431
7847 23548
1899 6102
7893 462
28771 24138
18592 11047
31030 25912
2581 9668
2807 18606
23984 22099
15925 24815
26740 6330
2268 5751
24924 20020
17456 28055
25095 20930
4121 29395
4208 13288
21619 27099
15575 14015
31027 16885
18016 10746
5411 2843
8686 13135
17291 21931
28588 3126
19877 6055
13866 4608
31601 10604
6941 30666
30439 8129
17672 224
24749 8546
23919 12569
22606 7718
6592 14639
23362 24700
10215 8749
13075 31262
22010 10802
12237 9895
14356 19087
29479 23688
16960 18773
14795 375
3966 8571
8124 21420
7363 11782
2099 22701
11079 7744
690 2036
19278 21883
18151 3874
7541 15251
19283 10054
7217 5234
236 13285
2327 22482
23195 16467
20680 30249
1930 29332
7502 29092
2209 23055
29669 25227
1030 10191
28169 22620
10828 3848
2322 30020
16848 30823
7799 12044
9126 20141
21922 7237
15907 7181
7021 4377
17670 15670
4336 5020
23703 14909
30655 24502
28914 19849
18712 12243
18882 13627
15489 23002
7963 17998
25711 29911
15499 15429
26461 24817
13339 17614
6240 26280
3091 21762
3177 27054
21594 7157
14125 24965
11610 8109
13880 22294
13471 24732
15304 19524
28307 28611
23891 25801
1776 2683
22065 17220
21413 14640
21175 17308
3225 23062
1987 11855
13194 2560
23863 30057
11119 18487
26234 3677
28236 2024
3581 27158
8148 17946
6279 29586
6233 16564
17574 6625
14701 18767
4594 17586
13825 4911
6013 5392
9128 10752
15160 28000
8186 17051
28656 14479
30254 3809
2471 22292
14521 6731
26478 23492
28225 19109
28049 16018
18034 2980
3209 29455
1658 16724
21370 14598
17714 26500
27395 1824
484 14859
31753 4324
3057 16819
30356 13613
24693 14969
27811 18479
7746 1892
5450 18311
13318 15152
15914 22046
15774 26442
7005 10099
28333 23701
13142 714
29572 12975
1922 8339
5395 26754
12419 99
71 24439
12794 7141
8691 18951
30361 2394
25693 1485
25728 13884
14910 11290
9348 22951
13862 2090
22826 17733
31370 1975
23938 30625
25670 29302
18212 2262
21689 30598
23541 15469
15948 1040
5073 9408
6223 13398
9723 5898
7134 25198
31743 4438
1917 25095
18979 21022
24109 23898
17767 31582
1998 13775
24510 12271
10277 29208
1874 12534
1644 14698
19143 28496
15624 30053
16478 29713
30127 12370
27942 12310
17404 2630
5159 22372
1864 31594
31483 21686
16641 28658
2626 17672
27897 4358
6090 21416
2246 28190
19499 11396
2227 3888
22126 5849
28241 17605
7708 12880
13231 17330
3929 4173
30855 23851
29173 7298
18668 27356
8068 114
18971 24779
19482 745
1303 9777
20296 15172
2687 22070
13738 23564
21541 17841
19126 13898
18522 17431
17131 12429
10367 26980
30629 7526
8545 8111
6694 15094
21946 11343
23469 5084
10296 9033
7822 6177
8704 30718
12970 28679
4289 23758
21152 25084
9831 3698
14983 1056
10361 26525
30443 21634
24638 13738
30663 20150
2378 25103
306 30679
15018 28959
20355 29133
18449 513
3277 7887
2401 6753
17618 2205
6985 3307
16577 19463
4341 1101
30582 14629
11437 19589
28865 22021
2255 23046
28812 28581
8005 1596
12109 8020
9339 24267
5170 1450
14359 13182
27321 14384
17801 7679
23054 17687
9913 7120
20044 24720
21430 28303
17333 25431
257 1850
21885 4592
26775 16512
18174 9479
9811 7674
30532 26732
21738 30029
3395 23971
30767 18878
28775 10450
4401 18923
8667 19593
3783 25315
29155 22038
3508 10508
24328 7763
5094 9889
8925 28714
9233 4695
19820 17081
6902 7244
23515 13552
11236 9847
6672 9017
22528 1998
20783 18243
27949 31082
8651 19388
16562 28827
16009 24092
8229 29871
29667 5739
29759 20513
27726 22242
1665 13999
3025 18215
20785 16241
27177 1537
9067 31861
1445 11286
117 30854
10930 21081
25269 21999
4287 12490
20877 25750
8584 17186
5295 10445
24289 22817
14479 13643
18078 13378
23124 4890
14015 9827
18380 12336
317 6026
2466 24721
30968 17627
28938 15517
22644 7897
29620 27832
4885 7385
17878 9855
1181 28100
27349 23186
12099 4731
19088 26404
18106 15173
4853 29975
14084 1889
4177 18429
1371 13523
10102 31713
11949 13649
29458 18262
30576 17367
26088 4394
31857 12728
28204 7958
1308 8356
29456 6663
11725 10823
6884 21192
22350 2591
8177 30220
21855 14739
3369 27759
11590 12160
25563 3030
18347 17552
28972 23744
28663 27178
13317 6242
31911 1689
20338 8797
24559 12360
5065 22075
30336 19824
30471 19757
7758 1296
28332 28627
5325 2385
31989 6166
26211 26367
26568 24960
5802 19254
28883 23735
13511 22003
813 18313
5878 7112
24136 15709
30294 6845
10886 28491
25638 29722
30501 10911
13492 9935
26288 31360
21952 29786
28314 503
24087 6941
26567 30709
8132 6227
8743 31526
5217 24297
25801 3845
22980 24474
3543 24718
12536 15694
28580 29965
1269 7950
28135 22795
15424 19806
7289 6702
6540 12997
26758 29987
30096 7843
15084 18091
11458 10539
10001 25413
26888 9276
26062 12474
28552 15279
7458 17487
7305 21258
776 11773
21628 10107
6329 11785
13057 16804
10757 28928
9130 16295
28324 15271
2275 3232
31684 26307
25341 23673
9147 15385
11507 24958
21021 27517
16693 10494
13097 29961
22267 6657
27646 12148
17571 10254
10852 13564
30777 1499
905 18433
3780 28315
28739 7251
31799 24290
8560 4782
5852 532
19025 18131
31541 30631
8699 19138
1254 18978
3553 23594
19549 13684
14240 9673
11328 4995
23873 6429
25770 10810
10279 7538
14300 12447
19865 18671
16759 27308
3790 8053
12623 16362
29475 18044
18894 21451
6229 30916
8347 22442
1455 11062
23226 8433
14289 25014
56 26922
17037 16012
30330 31671
26428 23710
17644 21028
22507 24236
23575 16076
30811 15101
24313 5513
24152 24012
21976 26050
6457 11541
11935 5547
14133 4587
2293 23604
31093 17910
21766 16002
30172 6031
10820 30045
20420 29143
10287 17765
27788 21031
4084 31367
23585 1925
29493 17169
9841 1109
16618 27495
10135 27745
21853 2436
13383 30972
10689 26805
13186 21897
22847 1590
9689 25046
18167 210
4171 13514
6287 4506
13778 27609
21789 20667
30814 7584
12424 2228
22195 23173
24515 4949
29584 300
5703 7168
20170 16572
18649 14943
9862 12230
13307 1981
17955 20246
27320 20898
14 21849
9958 20203
9402 29910
6888 15834
14087 21604
25748 15987
19005 516
19880 217
21454 17440
10560 18077
15237 13479
14477 389
14489 549
22139 17348
7003 23665
16751 9003
15506 17556
26010 9395
29530 562
31452 16457
26085 26646
24116 22868
5561 22087
21590 14110
2779 26417
9300 30793
16891 29812
21754 5875
20741 3507
20292 30083
10984 3157
3061 17184
26819 4880
31196 6290
24614 20309
7697 17251
22047 8272
10172 26713
7362 11615
26430 8760
6526 26049
4829 13006
801 12225
1515 31435
8024 13305
15570 15041
20031 18514
27845 7970
25182 22848
2387 7401
14924 9830
13581 22415
29037 27134
20637 27783
18864 2642
6372 21422
23539 28123
22819 21296
12583 24891
16200 1039
13096 3064
7995 13281
4836 12428
21498 18111
22533 15598
182 1839
29251 20865
24608 310
28195 23031
25233 5616
3493 2710
25508 16380
13932 27700
7171 14219
5764 21133
26350 25703
31391 10856
22804 18542
16973 28114
15223 31911
1646 3125
18266 29321
8166 17307
30064 30119
27799 1395
3977 7529
14958 6928
4370 29533
26261 28447
15226 22685
21876 29084
17405 18573
18315 15582
19512 8884
10398 1526
31131 30283
29211 2437
14503 22428
20076 30330
26707 9188
23570 29469
29230 17795
16541 18466
13984 21565
27217 1079
29716 5878
17953 30434
14612 27867
29400 10306
5216 514
24369 31506
28230 6789
15555 19236
14748 4725
8494 24650
24635 26893
8102 23355
27521 26900
20895 13052
9087 30438
25483 2522
17082 9807
15880 5324
20538 18480
7840 7880
8999 18570
14414 27350
2539 27835
23382 12752
9363 22186
7684 29378
8904 17714
11006 10871
10477 12578
29263 24760
17700 24240
2641 4586
4535 25904
4943 22588
7578 23730
12552 2570
22740 16410
5008 24428
23148 31927
7011 11334
2105 1760
13595 3201
13357 14323
10843 7607
17781 27482
15268 2491
13625 11161
2041 19831
6778 25199
27293 20116
13768 31289
12763 19517
29650 13000
25225 31750
19140 25348
31001 10695
22791 971
641 20779
28074 8957
28858 25676
25088 14764
18865 16077
12465 7476
15630 11660
194 18122
30892 30840
11527 12302
9785 14151
24690 6087
12780 22273
27966 19198
29218 21649
31243 12455
27386 2809
13731 25303
17637 20271
24495 9679
24073 26151
17896 8076
19768 23368
7227 2409
15999 2689
7191 8781
8944 5054
14282 12452
952 23321
12743 25687
11015 20772
21918 5056
22255 24238
26154 12768
13249 10377
23730 11820
5409 3492
27542 2999
15316 171
30132 30899
4183 10102
20391 14574
884 11794
29719 24948
12912 8840
19396 3350
18494 4342
21726 2861
889 6141
2751 14123
21062 14708
14045 18252
4447 18178
28405 16792
15129 13371
5955 3385
1648 861
8525 2937
12423 11598
10727 18161
6936 3050
14900 19561
10711 19597
11060 25705
24944 10631
28825 12624
9118 405
24642 9564
31170 13560
27261 12708
13814 25532
8267 2776
27359 23752
2684 29529
15412 18335
636 7955
24545 18742
17676 17076
1707 5557
31193 22457
11468 12476
7348 5555
21304 4550
2249 8812
25600 9868
31369 8796
21357 16159
1320 2074
24715 5480
1017 14244
31117 9043
8103 13799
6533 9823
27500 15868
668 25647
20360 2521
4994 11834
7817 8248
4137 30941
15518 8081
21937 23623
3749 20482
18481 16247
31057 19458
7143 20208
15239 6408
22921 15004
8397 3506
25130 4440
12088 9984
5499 222
19854 31092
19899 12967
31580 10887
24509 27578
23540 20323
25487 12449
26847 26348
5367 28253
31612 10799
10193 14426
18963 10969
842 14111
30438 26722
10223 26986
18868 28165
22196 21334
29755 31924
31398 19478
12299 4461
12998 9845
30851 19767
23430 31041
6499 22784
2491 6582
19402 15697
22631 10296
20554 5821
7958 31608
3340 13050
22846 31744
25313 10458
9883 9551
27863 24081
22422 22773
19675 20739
26396 16090
3967 31712
26091 18871
18545 25624
25646 7944
1346 10679
11378 12323
17457 9185
14038 26755
21677 25752
12143 12876
2260 11961
16580 3732
21219 30542
11182 18477
415 6548
27839 19407
13765 17880
26947 5896
16063 22339
3459 25154
14206 18026
31484 882
11869 31229
20827 23830
29216 15127
27156 30900
15065 23212
23178 6870
5014 14368
14271 26139
5772 9547
24046 27240
17097 22703
31637 2267
21315 26836
8851 27781
20183 26073
26484 26053
30135 13407
17635 22053
25384 4561
15844 20754
15233 9924
14273 7931
27058 8280
23955 21584
19415 5051
8795 23437
10562 13866
27909 25857
8045 12354
27222 2424
30626 14716
2840 19594
9140 15704
28890 19079
14772 13134
7991 17511
24592 16601
15228 30262
18673 30160
20000 28497
21896 22666
11024 13707
941 17815
16198 1205
27885 25911
10651 31734
5959 22992
15977 29344
6951 26618
11627 17594
26144 19459
8466 20912
11153 29964
9164 2785
28847 3584
19535 8135
22977 21549
28840 21781
9053 11633
18213 5451
333 21201
16929 20077
31067 1452
6261 18456
2806 21137
7909 22200
23596 21193
16010 13095
18193 31681
24844 24664
7875 10866
22630 31645
15601 26091
21165 14106
23326 3472
16084 346
14686 8479
25983 7275
566 16734
3050 24473
9642 17000
7262 18285
13252 19023
22669 22534
7973 18850
10034 7243
21757 14608
19057 12260
12093 12817
15508 15174
18137 25309
17398 22268
11265 19287
13943 22625
24443 16400
18036 4940
10840 11304
11529 805
23032 15820
14869 3426
8878 9681
10048 13631
8238 30165
7555 31514
3954 2814
23636 3804
6311 27241
10340 30825
3918 23926
24343 4643
17560 11415
31159 10221
24976 11242
22616 14921
6067 25699
6277 6779
7091 15825
24203 11414
15867 15603
9061 3199
23744 14358
19320 23659
24911 22832
17192 14826
19556 10451
9274 2202
3295 9840
27284 1465
6361 26549
9708 23291
7455 3772
11826 741
5880 27826
9905 21233
464 22189
23201 26217
4148 5386
8989 30472
1492 24265
31926 7993
1787 16909
18133 5717
9573 18085
22853 5248
30936 10846
4138 18346
20902 13972
28458 31407
24668 15141
16086 7598
3362 26141
28598 13273
402 20636
18811 6045
9318 6108
15382 20988
15687 21539
14434 14161
11165 12963
6042 957
31638 24163
1684 20124
8274 28938
30837 6466
15655 14732
3739 19406
26940 14076
2142 12742
13131 146
16114 23093
2428 7039
18908 6744
20626 9121
22494 24653
1757 23061
4972 26501
4889 26084
26580 2051
18444 18919
31101 3335
9957 26199
2792 28574
8133 17593
3882 6127
18287 11987
25050 10682
13638 6458
19868 14994
19534 3735
25911 8597
20265 21978
7396 28267
25418 16040
17124 17293
14763 31652
29770 20943
14508 10270
9744 19562
28186 12735
19285 20032
14052 12863
10007 19235
18633 3744
20350 11401
1974 11534
19977 27706
31461 20230
24252 5654
3252 26665
31051 22073
24994 23134
6809 26235
20497 9747
6915 30104
8672 20136
21641 19339
2661 2778
5147 22024
7860 4390
5696 10263
18088 3863
2460 7818
5130 10007
88 3833
13387 5999
22590 12233
19459 22723
15399 4633
9544 16739
1070 12730
7586 13705
9441 19544
23166 4518
9265 18836
23036 12574
28168 13863
14878 15948
2333 20825
22525 17609
7649 30120
30275 21144
8669 30498
25816 5677
25928 18184
20482 5468
19327 16045
21666 9465
26343 4598
30595 6131
6483 10309
13931 27591
3761 14779
17845 20297
7367 1757
21222 28362
4883 11765
29767 31190
8705 315
27088 15880
4661 4474
1955 6394
5437 12582
25973 31583
10080 18402
24542 16563
27009 21400
18652 16220
30186 22437
9458 16113
14391 13620
4075 23270
15359 27522
22567 14545
9965 16014
22929 5481
13190 2709
30890 18527
8921 1012
16400 26080
17695 24939
16181 7227
14345 9572
2636 1072
19597 9007
1307 7368
29145 17617
14157 9460
24070 5512
8205 25584
848 14986
2993 18536
31520 24331
22096 25098
27393 16231
28198 18014
18849 3710
19239 3743
31156 8779
680 25399
25060 17797
22030 26978
26917 12022
8832 17762
18883 26956
1319 24799
25006 1364
24782 24904
5741 23560
15418 14463
17006 17903
21349 7162
14491 13932
30018 3356
9115 24117
5948 27200
19181 24621
14284 8112
20801 9756
26682 28666
16113 1057
31755 14737
2990 8612
15402 11423
11402 26763
13381 2851
10922 14388
10521 28354
21959 3847
3428 25416
28107 26604
5270 7765
10808 6878
13489 26566
22731 24171
16236 19266
9445 22582
21712 11490
30973 28215
13123 23290
26659 19998
24921 20735
18026 14031
1203 5439
14904 20191
2886 4563
10307 25718
8271 6771
10594 26658
3799 6782
31792 26393
25315 1946
13245 18681
28342 11496
16863 17442
27032 9211
38 19558
21551 17655
28488 5518
17780 10606
15139 23071
13542 9590
1777 9481
6147 18768
16989 8761
11855 31209
20403 28116
24788 16857
16335 29497
20494 22260
14485 26712
24904 3121
1692 4443
6671 31549
8751 24580
17997 25746
4294 13488
30398 30107
9439 1943
14357 9088
28864 28412
22881 21493
15884 4158
3979 22985
946 28380
31889 4349
20645 8182
19952 4793
26192 23311
7842 10555
23259 27148
5190 24952
10183 27642
18050 22159
449 12869
18097 16039
13370 4659
3055 18922
27572 20723
29915 8806
3718 20573
15121 13574
31034 12294
3850 14811
21225 2475
27268 20763
5046 26038
16331 28840
30562 25195
23482 3051
9564 13201
16675 16896
23115 24570
8960 9117
13615 22765
27353 30682
15811 28748
15474 12094
7987 14900
14968 31138
18064 15993
4740 10725
12570 19070
6246 82
30208 28473
19641 25367
16655 27760
24455 24010
28814 3053
4474 23952
28313 31856
2288 15023
25320 20803
25887 21763
27998 22849
13597 11739
11138 27857
30614 2076
25812 17513
16638 13033
8755 7138
85 31724
9269 14079
23792 27029
9784 6942
27443 16211
19233 8800
19003 10580
21625 27144
16045 9293
28353 11068
4870 17935
14633 18938
17649 4280
15871 18552
11310 27933
10894 15904
18086 25832
24998 11264
17808 29300
12361 22366
14921 24978
30568 1587
10545 1506
28496 3263
6182 20519
22856 27418
7826 15060
18737 534
12550 4072
7654 30456
28050 28104
25414 5177
13461 14461
1431 14960
10427 23
24403 31393
23109 14019
29932 6630
26589 22564
12493 29800
12652 4323
21748 28907
25966 21300
26895 9892
21366 5210
4985 28654
16231 30564
31616 28725
1214 8980
16460 3059
31633 21450
19340 11811
10879 8205
28499 2701
3289 12185
28646 21775
27691 29616
14428 21264
3268 5424
17235 1697
29834 12988
14973 20500
503 10011
23674 23790
4724 22920
13435 24748
28539 7673
21456 14066
31784 21479
5059 2989
2452 23059
15385 3119
25610 36
31759 6994
8685 15625
11094 2554
20423 19454
22699 7412
13025 17022
21294 22282
2632 14584
27911 305
10767 265
27930 22794
22098 11259
28159 26776
17486 3952
12453 28192
31266 13839
10377 22743
20539 4332
23551 15654
29080 2321
24885 7503
15990 12553
28587 2928
17729 23946
1177 26410
20233 3357
2243 3382
7693 10268
20682 12045
22427 28869
30178 9806
9417 4494
24471 12542
2962 25345
14221 26653
3226 24680
24916 28656
20767 4363
23066 21024
28593 4682
3294 2242
14539 17384
5452 18458
22742 278
9813 19999
29604 5378
949 14422
1508 11508
10630 6982
26089 20581
1839 24520
9614 4961
11747 30144
12283 13491
14113 20188
4771 22498
8002 14497
17406 28180
13503 7119
22342 2841
25970 29380
5901 3293
5571 4588
5737 24657
2588 4036
19972 19320
28536 23921
20307 12584
22385 11520
7892 31564
16308 14071
29912 25923
19109 4582
4690 8120
7609 9076
15111 21123
20903 2761
8323 8132
15060 18134
8367 19694
21852 19662
308 19910
26367 9337
15246 25526
29531 30844
9426 22626
22204 879
17911 27784
5177 27757
2421 21575
14475 28700
30974 9885
11324 6733
19254 16966
9803 19888
20937 16697
31524 6182
13904 24506
22621 12837
8196 9685
14970 21174
27699 1789
9900 25684
6528 29423
12606 26011
27963 31283
15834 16217
3495 12645
7773 3695
12497 7900
18741 16371
11763 20909
18836 19462
9696 2327
22914 17311
9675 29122
719 396
27199 11833
21569 10371
8995 4325
266 12676
28347 28208
22473 27492
25504 18625
24402 13791
31904 11974
1608 17904
29840 22379
19871 5662
24418 24994
16277 15435
27291 31276
29628 25244
29588 2392
9379 547
25420 19247
26178 2213
19893 452
26278 8592
11545 7070
7177 1306
20861 30232
6231 1982
20346 31087
8213 25864
22209 13041
24759 9388
23624 20598
25149 23352
21601 16419
22311 25137
27471 13880
4482 22997
20587 20990
3184 17583
29603 17618
21180 20187
1292 5004
10124 9093
25842 2740
14445 10156
1094 16755
18992 30177
11956 6659
23998 26479
4307 5092
2954 17577
29807 10707
9671 12804
10706 19217
24494 20785
13616 25010
5756 27346
6580 21294
4331 22317
25773 21075
28720 2167
31834 10164
11989 22895
17395 14336
16443 23920
29934 31242
8931 27738
27213 7820
5392 1898
8421 8012
29952 2826
27024 30299
30940 14238
15790 3801
31700 14857
9672 20064
24464 19951
28522 1804
11100 10135
26354 21827
3774 24304
15347 21564
31553 24270
2468 5756
4613 3914
24713 416
31671 23197
7393 4497
22162 22987
23732 372
22099 5369
13023 16267
31696 11361
27714 17138
26365 16949
18263 25657
11986 26952
2960 23619
25910 8496
12930 5472
457 12186
8666 4160
17583 24569
4050 25596
14903 28622
12078 8807
22048 24017
24544 29047
22032 3869
8591 25279
19155 29488
12486 962
26949 10978
20924 26448
30812 14069
12173 8913
3551 17166
22114 2093
7662 8617
15450 23342
821 31951
20302 18896
28975 20563
30906 2526
18397 16258
10749 14916
29992 16738
19992 11801
7254 1817
21223 16372
2072 28160
20821 18576
26997 5469
15214 12049
29799 5155
22973 8360
9903 25341
21275 3372
13380 29304
3824 18806
4581 22090
1486 23685
31008 3780
1220 7485
9974 24274
16143 16674
3806 85
3185 1444
7694 28138
29074 28277
17615 403
4446 8014
12736 1507
14865 15459
12158 11927
21971 12550
31110 30154
24352 4918
22823 5865
30998 30513
17702 31469
13734 28099
19246 1159
24323 18117
23810 26317
5064 29949
29014 23398
21461 24271
3245 21487
27319 13742
16035 7357
20174 10545
13374 8136
30771 13640
31180 30011
9167 23603
1073 10484
22620 8889
12142 27067
7120 2553
14529 18729
14572 12217
31148 3913
7737 16451
28032 22064
11885 29555
3256 1726
22469 5877
12037 7314
17842 26357
29547 16901
21130 1505
11754 31264
1985 13138
13047 2259
9041 28738
6220 15241
31727 28379
4003 9251
31098 25347
27789 27684
27008 10181
14901 2831
3004 18124
21718 14967
21028 262
20955 12089
19568 6576
700 9555
25782 18475
10929 25707
7982 9959
4127 24235
25788 20406
18501 7949
6725 15202
27192 12068
25073 19389
18161 31846
6789 16167
19215 25317
7077 25425
26643 6404
7635 24002
25375 29506
25843 24920
29509 26083
19530 8033
93 4934
9086 209
28129 30553
4742 13437
4260 784
8214 7635
26166 17746
5718 11352
3603 20839
21662 27512
28392 22724
845 28745
4319 31163
487 48
11739 24869
25836 12330
7797 27821
19296 24186
10610 10077
518 3407
5710 6724
8696 17361
1718 7805
4154 13757
24305 16123
13795 31497
17239 1963
3725 31869
24434 4666
2083 23320
15606 9170
14690 3049
25495 1439
11864 30189
16818 7585
19454 29403
3574 17032
14812 13536
16510 22966
7260 29347
30980 12206
20156 31935
1421 24508
23831 2783
25665 19031
29778 3132
28410 16562
21591 4375
17087 20881
9884 26869
15010 12923
21081 2453
31590 19396
1021 18607
1994 14254
15696 21707
27765 31596
13161 4284
13969 7759
22483 9558
3538 8553
16066 27883
23344 10323
29810 26242
14535 12877
2409 22962
29468 27260
2648 24097
10555 10691
19933 10423
4861 14836
2153 8912
4136 7655
9012 2448
20458 30919
20745 6643
19182 25557
17969 25237
23336 19160
10656 3571
12482 5093
19576 3463
17386 5387
9664 15272
16566 10291
19839 13321
14097 3957
3250 17562
25989 11741
22996 31610
3750 25243
27945 6804
21330 14809
28761 10103
25198 15183
18067 8684
23621 27935
28361 3930
7046 2963
14093 5165
14797 26464
29101 22481
7488 9969
13560 27080
11107 23092
27113 22836
14861 19770
13066 1322
13632 7046
23908 27392
3116 28069
10242 10742
13985 4861
10241 23304
21795 8134
8353 31733
12266 11657
31248 12985
5002 16826
22506 1605
30245 22190
15541 9793
2200 8526
27256 26873
2798 5698
14152 1019
3165 31199
24399 13252
24209 28004
12211 14818
26601 18218
4264 24514
18232 18027
1966 8188
19218 3104
31347 3340
18403 26343
18406 26012
10802 4581
21955 3980
4006 392
13462 2021
11587 27210
28627 25591
21802 7284
30839 6493
24586 26991
13859 13127
28446 12198
30011 22489
23628 20654
1686 30723
31733 21126
10239 2754
11523 19082
18938 19206
16627 8482
6972 30063
5071 26633
21520 2458
15801 715
7349 2113
27764 6480
3547 29573
11473 21168
27702 14531
18228 26520
12045 4221
3765 3014
24990 29658
9129 27764
18813 27177
7411 26506
26452 10865
14062 4015
27695 1400
18382 30877
31934 15106
25148 1660
20373 5505
20106 30282
22118 14194
21060 23739
18244 12944
861 967
19956 22388
21556 13981
27180 5663
22724 11599
8764 7036
5912 29764
8955 6133
23027 9011
24983 9171
10125 14615
30197 28949
11136 4871
11503 1136
201 20290
5945 20218
28504 8054
4695 21211
18558 9671
21540 16348
13133 13501
2281 28927
4649 18045
24281 1999
20748 2875
31845 9168
1005 12551
3007 21059
24449 28989
17383 26123
7050 17230
12328 8165
13758 20669
14866 26286
11171 26046
5158 640
12126 25622
10212 23376
23646 11768
25456 15719
30849 17843
18599 25607
19538 15882
2784 11274
28946 29907
1724 16463
5099 12727
24722 8862
20246 5893
1631 855
22085 10449
2674 19567
8917 7177
14520 961
21691 26565
13895 25512
15915 9206
13572 1920
8952 26498
7064 15457
24738 17349
16789 11713
3730 25128
11311 19137
14088 7628
3634 31916
9282 5231
22224 3282
22233 8122
19436 21525
15946 7903
17267 8734
21861 17488
10107 26749
1489 25928
7226 24152
12952 1833
19639 25037
1796 31058
252 7190
6699 18865
9877 27739
30977 26129
6922 11627
25145 30645
4497 27500
25041 27697
8373 5693
9485 5771
10752 7752
3932 19416
254 10421
16299 26418
14112 24187
5758 22860
4234 11757
12459 29950
17452 19385
23058 925
16393 23051
18309 22956
27308 11524
21891 31050
26418 18601
11606 18469
2362 4657
13012 18452
28239 31077
24316 6169
1387 27417
14295 26556
615 28890
15066 31798
30185 16130
2552 10128
28250 5753
10259 16071
18867 1244
14067 2958
18790 1841
13253 7623
23249 19716
20977 7170
13687 654
9487 15663
3775 30078
13273 6602
684 26426
31661 4276
10643 11166
5632 23493
26258 5816
31052 26294
20255 27666
15077 28450
27264 1952
22598 719
30140 4841
11858 19223
2888 30056
14311 4642
27673 25375
3469 3635
14277 17246
19297 28203
13122 11957
17170 31476
2578 2377
12969 12242
10168 23087
24439 30865
11126 21697
7261 19203
10914 3311
25531 11029
5510 10572
2503 4472
16728 31978
20750 5162
3737 23998
17387 14316
16711 25948
6354 20948
29686 31479
25436 15965
11449 21273
11505 10397
23835 5709
31400 18415
26836 22727
21150 29151
26708 30437
4840 20111
7743 25789
4799 11693
8388 7316
6465 21809
5686 19299
19740 26689
5010 5746
24876 12399
21480 24052
2470 22561
5805 9651
31172 5824
25325 23883
20577 59
16192 31090
15203 23004
18473 18771
24900 12832
18989 27878
14710 25259
22320 31628
30283 18596
28903 1062
18498 5967
21070 19740
20818 10428
20465 30181
10591 26503
28320 31705
31817 20034
20553 7239
10360 20960
4947 18532
14411 3412
2238 30694
15366 16259
20690 4609
9923 10852
26095 24424
9001 2550
19380 7799
1841 11365
11533 10470
16625 5502
2432 20847
15131 29011
14809 31559
1233 2908
1865 23232
12083 21956
27254 29054
9407 11002
2515 14636
21125 374
28027 8691
2959 6871
20153 8177
19467 22714
16616 2222
12599 11485
15163 8411
19017 25790
18164 3541
31269 23607
25947 42
24213 1578
29357 12647
1345 14360
14737 24006
29788 13752
26537 31756
18733 28985
21360 13567
6169 16158
10536 28894
19825 12410
15586 11510
16429 17893
4944 12300
31383 3324
2028 27159
3392 15712
26574 25846
29463 28314
27440 18942
11254 21331
23407 24847
2764 22517
16534 7392
21173 5330
5655 14788
1283 2416
8119 26189
23188 27714
14399 1095
17173 9664
17130 658
19983 10444
5202 8557
11925 31185
12218 3432
30079 2432
9270 11201
12695 5575
13395 29096
25378 12304
11088 5273
22247 23986
19592 17926
1716 30863
25862 29430
20673 11074
21211 19466
10966 20108
2160 29270
10804 15819
3097 23086
18284 1016
22230 14134
12667 30882
9311 21419
8258 5407
23716 19901
27905 29156
21515 14228
31602 5148
29700 1755
19750 3319
28616 10850
4928 6736
10924 31930
2671 6226
19096 13412
21746 22846
4635 18158
30040 23660
11463 17699
10166 8693
31710 21647
22888 9225
21697 9746
12844 7784
4226 3143
23228 1627
30737 12875
2777 18736
10145 18012
12344 27521
21086 16088
25942 5033
10764 1787
26647 11824
4188 126
23031 14012
27164 2872
31035 9652
22460 26998
29900 21694
17249 20483
3063 19668
21169 15740
21970 6543
13875 3179
16663 844
11857 5598
598 20913
11882 9563
10121 2685
5907 15518
31168 27649
7019 3785
11198 10105
31054 25719
25106 13025
15935 15432
6292 16027
7424 29324
4508 21661
5078 2987
2529 21033
9693 17830
27671 12699
25826 6059
3315 12158
25261 29016
17688 12500
27366 12105
24204 6114
28957 1463
17254 8628
1237 14410
11036 15240
28718 8632
25111 7414
20252 27430
4295 8801
19571 18490
12345 2020
5055 4953
5317 22822
5926 21872
27242 3169
22704 21894
25268 11266
20472 26483
26511 17743
29579 13566
5425 31809
23632 24788
14342 19325
1432 7456
13464 18141
11938 27552
22164 12685
23580 26818
7784 17124
31772 13718
14556 31642
20008 17548
9337 22514
24655 28407
24529 30683
25684 15560
14711 28891
7668 7722
17499 15607
7838 2588
10141 12937
31641 29583
26497 27982
25703 23407
15369 1138
29622 16453
27365 18718
6358 29507
12054 16936
22227 26230
31036 18727
18692 22202
14438 20326
25213 4832
9234 3942
25498 31106
12514 24812
16480 14715
17284 5665
13719 31099
31663 5478
5311 6944
26768 26492
6544 6316
26256 4135
19814 1399
4536 13874
28607 2568
8193 22385
1710 14267
21011 6617
15748 26954
28644 20553
12164 4846
18172 27333
30615 19499
23312 8451
27719 10478
16906 29846
27892 23826
4086 29956
9341 26456
2749 2196
5254 2852
8939 12718
14724 18231
29666 13021
16822 18090
27232 10687
14336 28070
3006 9051
31013 17030
29836 15013
7276 30054
26762 406
14783 25774
28988 22952
11456 20417
30490 25615
874 13750
13596 3688
1746 13581
12992 4904
16450 4857
12254 18567
7726 19094
12654 24851
2675 31616
12286 30791
7358 30309
924 3462
10443 18439
30502 25545
3247 3310
27499 25748
23420 9375
21298 28426
10987 28841
25932 11268
4786 28767
4509 13465
1256 8656
9401 12552
30062 21457
27190 15912
15482 18745
22809 19955
27234 15501
4548 5643
24866 9025
23120 13205
15372 4714
14700 20259
20164 19945
173 22309
29684 22730
2597 13164
623 1271
8387 12970
7067 29150
27361 28802
4900 10863
17984 7785
30810 1616
17295 24437
13870 15572
3644 30174
25434 29394
7787 12205
9869 663
3993 11072
1565 26785
7814 26007
13757 9931
26015 10190
20409 9187
14979 27619
2059 16110
3633 3219
27417 31867
29660 7470
16379 4404
19554 24371
17566 14520
539 25364
20708 27061
16888 10515
18844 8829
7928 23882
23546 13657
4705 21154
9545 2926
14066 6159
52 14475
20147 6927
11562 29932
7883 27000
18700 13343
13651 24280
6138 15875
21771 24888
21897 16925
17154 28417
31938 12253
11817 26904
2218 1842
31242 25936
17238 2151
17829 10195
16634 23252
18159 16607
667 13219
12795 4445
28618 25576
15406 27896
1427 17180
20830 28814
12678 18635
12233 949
8312 5694
24489 6317
533 28678
11702 27294
25839 6578
2214 27427
11299 8176
7902 1084
24018 14957
21532 1657
3397 11809
25281 23090
19068 6525
24091 8978
24795 12071
10896 26985
4372 15212
1453 16552
17892 13008
26658 20822
21064 30248
5738 4060
27211 22321
22436 1002
15225 7928
22787 16017
15681 14618
20701 5820
5973 31475
26592 28524
4419 19231
2068 18067
23464 11461
25435 11281
30921 5359
14998 27449
1212 29311
9616 8476
6606 24542
1436 27226
25924 22573
6537 2962
29026 9342
1374 900
10342 12667
30585 5339
10161 27979
16889 18752
13050 25554
26720 31619
17795 7023
15513 28086
8301 7254
1200 21214
24684 7377
21198 22207
6263 6775
9376 8818
11698 21352
28251 13419
25587 16820
1567 28333
28371 25569
21488 31692
10877 25152
8953 22355
4079 292
26193 15536
12060 29869
14319 4336
29147 5676
13108 19699
24357 26243
14410 7333
29316 8271
31342 19935
12670 26382
11110 30901
31907 10010
6122 23356
16260 31688
22678 23245
16303 21062
12038 9024
30288 13888
26126 12337
17016 27905
8740 11427
26253 8258
2708 7151
23826 15293
13911 9901
2587 22191
14111 17061
19742 27012
5914 20435
17875 13014
9627 19153
10526 3353
2624 241
10746 16762
21658 21705
9688 31670
10044 27633
19747 27505
23517 12263
13963 18398
5461 21213
22603 19457
14546 19958
11520 9263
14652 9781
1388 22427
23817 3543
28510 15786
29872 2092
11553 11020
20148 9060
14253 20992
8997 10655
25936 28230
31061 9073
1880 8558
2459 21500
21994 23302
20891 31202
13311 29242
11905 21348
16813 9791
26251 6173
24573 4913
22263 16951
31222 7875
4679 29481
27810 1861
19909 28093
22220 26292
25603 26544
1141 13242
2204 21645
7734 10473
25511 22308
21141 23636
12004 835
11867 21477
12546 16298
31113 9687
18588 8501
1062 29718
19828 13716
5028 13258
22252 12723
14744 24142
31092 1158
12156 19105
12191 23203
14548 26740
25005 6224
2520 11245
18807 23808
4512 7287
17350 22490
12025 17519
13043 20917
10302 25720
21285 15589
9133 29706
8180 30824
31475 22016
850 11748
24107 16624
6097 9837
16353 27703
16966 5571
12681 27547
29935 28721
18405 18293
3859 5936
8578 9627
25395 15427
8530 4193
23070 24279
14624 23763
7032 26488
20050 18319
9358 25000
22741 29905
30032 31029
16096 29478
6560 10999
4019 21445
4448 2927
27946 7283
2427 11642
14813 7319
5658 24387
29448 28556
23376 10063
14586 13779
2877 25825
26559 29061
22346 10857
31706 12180
27707 8539
10473 19188
21884 9636
11385 15197
23251 27893
2128 3860
18023 15419
17766 1759
9515 28390
29208 20788
9829 19123
27898 19016
5162 30943
23325 20338
30387 2334
22945 15474
20897 29145
5705 6375
26008 3927
11846 28427
16671 22306
6586 12507
4551 17362
25899 13537
16189 1772
862 28536
18155 27992
18753 4941
12089 4502
26335 6564
18077 11229
4253 13409
20053 18659
2826 29257
2155 29709
23493 4694
23556 10368
15685 28259
17226 23452
25204 5910
13417 25525
26980 2649
18839 15978
2417 10900
4107 20678
31863 5795
10389 20792
21049 1901
2431 155
14745 14813
15265 8963
22286 6862
16953 24943
11290 5525
4206 18884
28769 25051
27167 5192
25568 16043
18066 25730
20965 25021
19261 25551
5963 2885
25159 4241
4229 14212
14177 20759
29843 14059
28450 31632
1816 15644
27244 12561
4069 153
16978 1237
5015 17491
9966 6535
5396 23943
5308 12226
10573 31132
30630 29230
23244 10559
7389 24801
11339 27304
31048 17401
30832 6245
17004 588
29325 22176
9308 136
27720 20536
2585 24039
8212 8154
6433 7415
20810 22726
31338 11284
8994 10227
4102 4225
20481 3366
20134 16494
17482 19290
3062 10031
16469 5473
5526 2140
19393 26996
19027 9772
5053 31080
5610 9530
21586 14940
20463 23850
23614 17049
29557 19542
19830 17175
11064 11071
27609 14211
30276 29098
18469 22505
1350 4385
27042 11231
28305 29537
930 16063
2662 11772
1490 6175
31082 5403
21020 31067
25265 30088
18900 26608
8673 627
21337 7351
6908 23828
25132 4300
18748 6921
20939 24055
993 19324
16320 16536
29131 5538
20551 12013
9492 25957
21035 1225
31348 12295
15826 28723
26369 20983
26456 8382
22446 25273
9747 17523
14862 20419
2392 1593
22565 1572
1964 21692
5180 21417
14405 27398
13620 647
15868 1581
15219 22602
6686 3795
11148 14560
4708 12461
10243 4050
10464 17934
24059 8282
28206 15546
11318 22999
31962 5018
4285 6734
24926 22781
16875 22471
3480 20655
10457 9867
7922 13792
15286 21682
4015 3309
8765 21709
14733 17050
4617 8847
3173 20408
1659 19846
9510 4495
30979 13725
12588 27219
28317 29447
20165 3438
13702 16764
8136 23553
31546 20241
28355 3858
29567 9264
5234 3736
26657 25716
10730 3483
30598 16310
18930 6510
23630 19956
10248 6546
6221 25493
5222 8618
16328 27247
16867 17143
15297 31888
16344 6609
28806 11729
10111 13427
16298 5256
760 1292
2951 17962
12886 16265
16563 29831
31677 6806
7889 22552
19116 30577
11564 15751
1595 10834
1657 7685
9220 90
16217 418
19580 22009
28913 2917
21439 29717
22038 3619
15421 27369
9364 21923
17587 16191
268 4888
27761 31112
3523 2952
14121 25544
4389 16768
28917 2460
23839 23711
25031 3320
13214 29648
11992 8386
1483 21114
13127 7575
1677 9701
18687 8655
18410 15214
6379 1642
11880 3271
9457 26647
2410 5725
12660 28644
16524 1293
14758 27927
25048 9522
18018 11804
9166 26267
27044 22177
22296 10247
20023 13960
3894 24201
4217 3798
31952 3113
3169 27894
12908 24845
12229 29174
26048 1504
11112 317
18280 27919
30768 4535
11981 21737
24739 21208
4728 10770
6523 11716
16683 29312
13153 14344
16387 31297
1485 20376
1276 8792
4491 28786
23383 24022
26345 3046
15524 12211
17018 26705
14975 5993
4881 3731
19866 13133
29267 13116
16893 31533
10747 8908
30520 27385
20090 12640
10438 22607
12877 27875
20202 15672
24227 26212
27611 13820
9806 21262
19456 29037
11023 26114
16624 5466
27142 3705
16703 4343
17444 23804
16052 1922
23224 30883
18446 27668
9824 5224
15562 3399
26731 13633
546 29860
12071 19358
10855 15817
22080 26289
3592 18644
13650 22230
19127 5940
10082 12444
26109 11751
29451 20033
23768 945
28577 28265
22546 22429
20620 28835
