41906 45214
7297 55750
1640 31343
48599 52423
18025 27640
16050 42523
14629 58074
9145 52227
48266 10931
6718 7410
44349 8685
48541 45625
58470 47607
35742 3844
5698 55336
38699 10447
27652 6797
2083 27265
1953 59719
6141 38716
14329 31633
15248 52578
33119 37287
39454 44460
1740 28716
36782 11880
13032 40064
46926 24888
42591 51064
45963 23502
35714 40066
27494 1889
14447 56530
29440 44858
38619 57669
18232 54955
53047 47663
56971 58443
426 8563
49730 31660
52811 31990
10464 7402
45754 58170
27697 26954
22299 28881
18211 3013
10190 4151
14111 17146
50037 42925
22060 20594
6699 811
6079 46175
24899 56908
6339 44429
23527 34395
55542 50301
22542 48735
39566 37792
17336 47434
52896 37029
2848 14680
47824 43899
30109 57223
35143 22171
8181 34020
24808 34283
5165 45105
36179 45914
19214 40517
54356 6242
41199 28368
40536 43367
58029 47622
56473 16291
23701 31584
37838 22660
12602 43497
46175 44322
4559 42036
3004 25224
43337 9743
14936 54987
50664 54162
18966 36592
5230 58463
56055 40168
15257 3577
56786 764
6620 42166
24912 10285
18218 33133
29715 55630
41661 30756
54665 55829
23910 32496
10660 56979
24261 10840
23284 4907
13731 49246
43921 32221
17497 21014
45995 15788
44797 21686
42470 18230
4680 3300
39921 33223
41614 14596
11216 36078
35006 42161
47785 24815
16044 26430
10709 53550
30295 15401
24868 5167
17692 30088
41944 29111
45100 52512
36501 37555
14393 29367
44867 5769
21253 56138
55238 32667
50353 29300
50856 20714
3666 7780
15011 32596
53858 48840
2104 42820
52760 1165
20674 6727
26291 26440
17547 27024
4338 2349
13827 36513
59844 35986
37171 12
57434 54127
47050 5957
20623 51891
13935 39598
42955 40572
32718 41782
25929 19963
57979 58335
42130 33315
30072 36854
9364 13557
17360 42900
9151 44006
16163 29899
48824 22339
36790 23813
35323 54088
17220 3557
48957 53516
38312 14610
28078 55334
58840 29784
38243 21757
26176 36711
23724 50294
14374 40617
9066 39319
33393 31008
32344 46967
5958 43069
49531 23809
3088 46919
56434 29658
7186 7473
10017 6386
41121 49763
10485 43183
51910 14533
44597 144
27667 22372
39087 23275
4164 54388
25217 41528
25010 52424
39053 19136
30675 35894
34677 34209
16477 24504
36257 46013
56413 6968
753 3001
44584 58778
47234 10759
7508 32272
44677 9205
57986 53861
35191 46980
49210 48662
17487 47289
50371 26819
42007 7010
22294 16666
7311 40033
19235 12840
28493 12291
10366 7914
29736 55850
213 25749
47324 14129
57400 29953
47165 54038
17262 51212
32807 12490
49936 46976
11709 22147
33272 7063
6974 49621
57051 27163
40980 3048
19559 41501
55160 54885
41875 44050
33271 38589
39910 8076
13036 50604
59829 59962
24505 29525
49972 29976
10588 43153
35349 38622
51029 33044
34758 8824
38 32692
39253 285
21244 34758
32022 48249
1277 3184
7332 36257
23789 28365
57588 54973
54505 38347
52873 31650
20154 59855
15693 51189
3797 59650
15786 11614
57542 45339
37183 37917
5162 11381
5614 47874
47967 53428
31850 8414
53479 6787
4536 25390
49847 43092
34912 39358
50190 39726
8242 57849
8415 21093
43238 33038
31149 57763
36032 25210
10822 27438
17371 39912
34582 45385
57176 49963
39754 16269
27731 17931
13881 26075
35344 22470
49498 19279
47837 29678
45212 52744
13183 8741
46724 9056
20429 27050
26149 39488
44020 45877
59971 58094
24473 49049
28712 33574
58958 19590
33920 55252
29589 45974
7931 35902
16247 56408
14726 20573
4197 46654
22157 48289
1379 36280
38556 41457
36302 14244
15081 13166
38565 13744
14433 40906
472 46818
4653 19044
46390 44998
41360 22630
3859 44065
15004 8695
4418 46557
59338 42605
2059 11654
56338 33024
21655 35553
4644 45503
33696 41739
15598 21128
18251 46554
43843 7564
31813 49859
14041 23085
35340 36850
8672 31482
47406 38195
57828 37398
37424 43723
37763 46539
30977 27360
15926 44188
51421 49013
30997 58581
52921 55142
26678 34990
12479 18739
6182 57507
6353 55529
43188 27682
28250 52974
23220 837
27760 34258
26942 6978
30607 1657
56613 24961
47781 9525
3551 3478
44130 43926
42825 3710
42349 13101
6450 17497
3973 49165
26387 51481
47725 10548
22237 18784
52468 44787
56471 16421
7162 9597
16296 55010
12557 4066
12466 45259
35147 51404
29401 19343
9187 13370
27649 49388
12026 35467
18255 2118
30319 23507
16372 53349
57311 29662
4941 6717
29042 40378
52955 56888
56450 44272
56097 48464
36067 36824
6417 56679
3316 14701
42739 48655
35428 42410
54790 36784
968 25487
6113 15572
49386 33484
55621 51401
15492 52222
10900 52352
26635 45622
31827 18851
31547 45413
14009 43549
56666 3079
26283 25008
59143 25399
3843 27301
10790 51650
24837 44902
142 20491
25587 36185
17381 3526
51385 850
51455 48738
29820 16472
18695 13310
27723 40670
45652 56941
47875 51179
51339 56391
36423 57025
43377 29037
47082 54394
31895 14782
10145 41536
12446 46179
19446 46501
14268 42444
3833 24101
37958 49487
48218 38561
35534 35823
3995 48396
49020 39544
20553 12876
3747 50866
3287 47508
38285 12682
31247 19280
32955 29414
55884 11628
34808 44739
10318 4881
3728 12254
33282 11390
5251 48175
55794 33676
12179 7822
4491 24721
38997 2664
4454 28083
44251 18292
56481 36478
15415 17318
26462 8525
7857 10547
58346 38273
37335 55445
16136 16713
37941 370
38963 21664
2605 30562
40592 46511
5373 10146
27475 2618
43082 10074
38252 21144
37043 39118
34262 3333
20734 50703
17090 40985
13387 40345
43892 55257
46937 43378
20591 19737
15643 32149
17408 51768
25939 37531
8578 36056
59726 23468
42304 4777
19661 51383
29965 46379
20721 20832
49275 34433
4755 14416
611 12051
30035 34119
40709 4469
36897 51529
6553 33105
4802 10445
35235 27259
13970 35592
33154 35196
59614 26439
8681 6026
22873 22899
57729 14497
4509 57895
57624 13983
16010 43473
24218 21751
18677 21697
10339 23646
28717 19240
54641 14317
35601 49327
46108 40520
19826 34767
40087 31121
52895 36788
42859 53982
34665 49292
513 42553
43770 577
53550 7519
36347 43840
19621 22676
43476 29208
6789 15752
57549 59278
8801 42092
17333 40220
7565 40707
58309 15980
7015 2614
48656 44732
59815 58043
10188 21033
17849 24994
18466 52181
39639 7431
13804 25289
47030 16816
22472 35405
13343 47447
45056 18536
41566 1620
55897 33874
17301 53878
33123 50496
32017 24574
16458 33706
59333 52614
55451 33341
3330 29201
6049 31904
41569 2874
59672 19428
54353 58870
18133 42699
2890 12617
233 20993
21860 33679
50537 5397
8574 6289
41754 10971
17168 50681
10590 35257
48578 34945
28957 481
36155 41087
46247 4291
28029 13814
36760 43932
634 41256
59766 50698
4932 13971
57876 56686
45287 44919
59240 27801
9769 54767
35756 6811
2362 13473
54697 35243
24197 54313
38176 46055
36211 57583
9706 48587
28167 50804
8353 28524
2742 42374
20203 53527
23898 4727
58916 48949
52175 44961
56408 10077
2615 1557
58912 30096
23450 46981
13768 21740
44700 2483
16354 5736
43709 4801
6737 59846
23179 11665
51126 52050
36693 16510
57943 36575
57326 4617
26633 37681
40676 53846
49118 14919
10129 16951
15515 26715
56663 25431
10650 29565
52422 41302
53135 26506
11604 28379
57765 20736
27021 1107
1625 25527
11755 44126
48272 7754
21771 35051
51275 387
26983 42037
52576 47205
43904 40525
56628 4145
48173 49543
53134 48887
16264 38379
17486 2983
10434 45934
51602 55591
45959 4758
7085 23443
25071 32954
57159 6956
2538 18995
56269 51570
30848 44950
14578 19750
13080 39752
53516 5670
30167 18450
22916 50154
20001 28684
53775 24997
52124 25895
57104 53879
14916 43302
14610 2020
1551 31064
43256 10245
12657 34962
26114 14410
21513 8938
18259 48940
56647 25625
4550 52218
50681 52264
18293 55671
23013 35765
42041 19332
33385 41553
26194 9443
44533 19534
55291 44387
35142 58129
21703 52103
1809 56829
7560 47798
57478 42464
17119 24454
11703 731
38050 36276
17398 57329
2508 36378
7105 9266
39097 8077
28480 2738
22655 330
47746 37534
51540 39103
20558 25827
28600 35203
39729 35883
33517 5579
7579 19969
25245 13767
58950 49041
37788 48591
12458 59215
16694 47576
2909 22535
46451 13877
28578 27044
111 42332
34074 55802
52856 33591
35288 9336
45014 10549
47149 12059
48625 14470
48303 40429
43951 54707
12913 16564
23870 12736
28266 7512
4586 11886
43532 43974
21640 52407
40840 37179
20573 55854
59506 3565
55576 55797
8168 49221
47170 35970
58986 30230
19682 42250
33235 36023
20270 4794
43706 19049
26765 44020
21377 4415
26372 16430
45693 6436
19377 12938
36334 47553
8342 38050
12573 31929
27555 21683
43577 23406
24848 8403
44389 43995
49030 42958
59167 15371
11406 6557
40339 18687
37297 40601
19724 4575
26613 58991
35910 59588
54640 20827
27 31842
19915 29534
18804 21519
13775 40393
28174 43216
51496 20033
38010 45447
39759 38285
42907 9988
21119 37065
30474 37150
28953 23888
28978 52934
44278 20732
14006 28070
33501 11052
31011 317
52019 20527
59060 16134
52169 51490
48232 14518
11121 46675
43179 48485
5558 41998
18599 28582
33781 18133
43507 55058
41481 23560
40584 8802
21967 44537
6121 48037
53637 21730
49227 57534
15393 31455
44093 30334
20344 29187
14723 23511
52859 50776
13051 20020
9657 31915
1601 36155
3029 7133
16047 11520
31139 42307
40061 39756
55689 5373
50364 55168
4773 18391
29847 56277
27161 59917
58074 9176
41273 58413
37728 35299
12743 12874
47078 17252
45637 48074
25165 58087
32400 41067
26192 5012
15990 47673
9672 4942
42996 58466
45065 1221
364 55679
58502 33239
49216 41395
56390 2045
50466 53258
58030 38135
6986 37939
51015 26551
27863 50411
14342 38669
11527 13944
52699 2403
45608 36150
33945 17080
30445 35617
3292 58589
36531 35369
16332 30940
55597 42855
7954 59445
29915 9741
8739 23975
52522 25723
30451 14635
43751 58422
34809 59779
36630 38641
39024 48053
20795 56176
49497 19071
58421 8775
29005 30455
40151 32842
53413 33451
47139 5935
58460 26004
33082 23847
27967 32911
54433 695
35906 43430
29224 15656
58800 55574
10431 52858
48737 40242
56459 44838
31109 10869
29496 49625
16987 33695
49269 9200
16204 29244
55042 10435
41790 11741
18174 37117
50189 37082
50966 59283
34164 57161
31759 9582
41075 48230
15680 47973
17997 31687
28828 23515
5078 2649
46763 14341
18726 49904
15368 31959
17808 15188
22011 4120
20953 17325
58526 24212
35400 15337
5281 2806
9069 43817
9885 13552
15156 33941
25103 51870
45479 23675
10015 25435
46296 30781
14022 29796
4210 57774
27189 3044
26713 2616
21685 42502
35561 21239
30535 6765
27249 46121
4081 34169
13556 41522
54585 54372
27535 17924
25525 54715
50450 48622
38279 17257
45582 37922
1281 35675
56147 37367
57715 11394
50175 24685
37729 42840
24929 24807
31260 23941
387 38515
23053 42818
19570 58867
49380 54754
25559 5102
55932 33861
58435 16488
54771 24664
27461 14608
35273 33841
48990 26598
48145 23128
35792 53559
52421 56867
39535 22613
58839 31907
14454 51948
31997 31596
14381 58142
17888 59860
28563 433
31828 32889
1903 57805
25485 9108
22029 28830
43836 10854
44509 15073
52308 5053
26498 33721
47460 42171
10817 18404
55084 13862
30631 9847
8365 12250
40781 10313
35005 23739
1768 39455
25823 47010
38791 53540
36988 7755
43451 43327
1777 15096
5502 27173
42124 53162
28090 21642
8894 47203
56810 7428
30258 31557
11910 44252
3296 31380
17050 31394
24845 13809
21454 38719
13872 10568
29800 42419
21421 54616
22119 26929
49888 1472
57649 15970
24847 2828
18236 8382
49284 37585
54521 38821
27628 10560
16533 8830
54717 41258
5368 33597
30823 2569
1271 58380
49089 37505
35352 9625
3414 3665
22936 10902
14695 16926
42608 11799
4497 33859
51199 26572
42714 39280
2639 36937
49430 41788
2034 59225
16206 57574
13066 47157
55000 47709
1336 43369
40720 53825
9987 18577
15634 5620
8273 14195
31036 29439
43874 39750
7497 30895
36961 56840
14285 31567
30477 11179
45841 14377
16794 54419
50260 26921
24176 39377
10997 9353
39708 52076
39797 38185
49017 53770
47079 50299
7507 11920
50974 40843
53694 43231
10733 33477
20385 17336
59396 10992
37925 47461
1683 44931
20445 22458
37736 29719
44391 39095
24597 38706
25996 4512
46860 15062
12998 24787
4981 25262
38804 8665
45261 7116
59186 1086
41107 13262
15916 34257
6679 56335
45692 33054
50626 44851
19765 27512
55725 54167
44844 9802
39349 39683
52792 6312
7934 59585
52182 31187
37089 40289
51291 39310
2692 2559
22755 57525
34914 51372
28075 34828
43354 32987
24286 49309
4520 7702
33159 6108
42438 31605
22363 43214
830 8542
55678 39550
27529 35343
53893 54233
32126 79
6917 58784
28412 50782
23737 44471
41654 42549
58431 28279
54311 34213
30130 27570
46355 24274
10027 57333
28541 2847
11544 45721
48091 34723
34194 28113
42629 15040
17701 52580
40365 31597
52967 51745
35270 50376
50767 24985
31687 22972
30466 38604
28546 52732
54116 48588
47909 49909
38829 54867
17590 45660
21123 37757
55818 6404
16089 27885
54443 59194
5680 16681
18280 31270
57779 50192
29544 15238
15982 56299
49184 5494
30456 18565
37346 39210
39999 57460
43791 35634
24838 26782
22047 16896
1881 12388
32395 359
55769 46475
21301 48736
11918 51736
31953 467
13902 37879
23254 34246
52287 7723
16932 34064
22305 472
18328 24578
57693 42897
39070 13463
45953 45074
57679 52710
18106 20703
36425 26795
666 23742
33858 6986
12522 10144
5611 27924
15818 42702
47191 38363
26636 16623
32020 17125
36385 56032
49688 35135
15750 27759
45260 37007
31202 23963
42330 40101
46652 18060
32167 44605
29372 26048
51966 49478
1131 13350
6099 27082
19284 36183
14523 51367
26503 36541
45337 31620
15946 11713
20068 24263
43514 36641
38113 36367
24185 31704
31016 16632
36273 20097
34795 37857
22529 22568
27886 50738
48886 46236
36071 26092
21679 48221
23057 9049
46063 56034
29737 56612
17755 43207
20095 7805
16476 49009
15109 15059
7908 29269
47271 51322
12622 45831
20680 10604
7836 6572
48686 14055
35119 59761
49951 26252
45231 51517
12134 22180
12553 52485
14181 36083
48406 40241
31733 45683
18121 44864
47487 46321
38640 3412
49821 10535
34383 25501
39112 41673
18547 347
6589 52716
54568 5970
12722 53953
19415 59668
14909 30912
23651 39338
11760 28533
19810 5777
928 4200
46401 17242
59891 14534
8296 24304
17978 5246
2983 39914
3574 2475
36265 47481
19146 25188
45706 26257
8276 40237
41804 43004
56916 34145
49335 18775
32171 46636
6724 39156
57195 3766
804 50700
37622 53755
18635 11487
30763 41963
31374 32399
28867 28769
22329 702
12083 13220
3368 55743
16547 43050
56474 52686
31309 33958
7477 18744
53879 12763
4283 2203
26261 51378
32228 39290
4856 33460
37816 33805
41252 45774
44988 15183
3514 40318
9944 11108
9778 44173
53160 2364
36887 23576
19913 15680
5583 42928
16266 19
7763 10319
36574 5692
50099 18084
27275 51097
39736 26178
39068 23143
51822 43887
40529 25897
14791 59047
50836 38410
34248 13128
59125 33931
29525 1008
29015 48296
19488 46113
56372 4497
38570 5910
28104 36019
20014 18645
37266 47589
40700 54380
3948 36643
39953 38204
48503 22813
6504 22773
49987 53446
13618 18122
40994 14831
13830 39739
17344 12749
43282 29804
5321 26474
10293 37678
15720 305
11392 17112
36176 11472
4920 26682
10259 33177
176 59671
26773 36611
58780 4744
45179 32976
38917 19285
30797 22281
19088 7669
2140 52622
15171 33639
18882 16889
46332 57417
18529 35253
46071 53291
56336 51996
29756 37677
4665 16394
45049 45495
15298 29018
17338 24713
51632 36908
51856 31696
40964 50461
38653 15944
43332 49642
52685 22261
12965 50830
27862 30072
7522 44669
35689 30194
14734 38459
42444 56494
9765 1793
17409 31587
54175 7620
9322 16897
59895 4428
3909 25079
10874 59821
51946 51686
20160 14443
59576 44363
49084 45953
54018 15069
37304 52440
18915 20692
28781 27029
8150 23141
30717 33850
45134 35105
19929 638
45858 45929
26379 54538
17842 17259
32799 16270
35389 18828
32362 6096
28689 26145
5272 44152
39193 49073
2613 53810
58290 22413
28314 4983
48139 36344
21124 11698
39565 31232
16409 20570
1696 23170
5986 14324
15003 58610
44191 37599
54786 17635
56395 11979
37697 48901
38478 44769
1360 12463
50120 32703
44059 48308
53833 13086
17663 15392
37765 48198
2637 15864
50012 57197
49563 17394
11482 59152
30835 15022
34011 13289
42698 54719
28982 16365
18230 54811
11895 40541
38361 23333
28567 10224
41602 51049
53363 6992
32226 7857
5980 5144
30803 44291
22804 43479
26762 32288
21844 40228
21041 435
43918 50086
6856 56171
56213 35487
10540 2770
21615 55576
26978 31608
45461 24327
32472 40677
18889 20672
43424 32267
26245 57737
53318 37652
49841 56936
36052 18005
2405 32166
29808 11985
5772 50087
20613 33498
16542 18368
21187 26076
7598 14556
50630 49164
26489 37793
56683 8405
33725 3549
54063 34455
76 52381
43101 27734
56975 31348
35560 35440
30277 2135
27083 32931
3553 22760
12294 25803
33977 56388
23710 44980
40805 50850
49575 11456
32670 29963
40987 7889
28970 45761
49807 33962
3383 30152
13341 20687
17502 45169
35994 552
8587 775
18877 44179
28713 13812
57728 24867
45761 38077
31767 6603
7958 21328
1892 23698
41290 40160
39904 56482
52384 17020
15683 12266
46517 35951
10380 17227
20366 15542
36100 17656
897 30891
36193 40180
26739 22486
6109 23982
59717 12053
55143 32688
7436 27784
30242 13798
7699 27466
42449 45922
54536 49296
10091 24400
32662 23926
46964 55990
19128 26254
33350 18326
46230 29539
17920 11790
27230 37448
54705 8595
31622 37742
30948 44959
15974 14980
29936 53359
36128 6546
9480 47240
25139 17692
12492 52697
39281 15454
33309 36395
48910 28326
57628 56120
8947 24962
56625 12850
4576 9559
18105 52432
50639 48402
51774 9801
55995 30998
27194 52801
22275 639
51624 11575
33276 27625
17510 32742
53776 8813
169 58542
18537 55666
47583 41331
19567 33883
54885 34996
38466 47223
38006 58710
43250 51468
32090 31892
56706 19664
9739 16448
29265 36841
35297 56263
31742 37214
22619 3127
21787 26110
36171 6487
49996 45256
35615 10705
24721 3935
29842 14121
21089 53335
56991 59802
12364 31231
45712 54983
15651 41279
37474 59290
25099 29482
15307 48798
56100 21933
50827 17025
26921 23657
2861 23614
20853 36724
48805 36536
59681 53086
46218 16890
53177 22554
24985 1300
25303 26986
43496 7946
51931 23010
53789 56844
42731 44538
9969 39688
32462 13039
2427 37805
8274 58571
32919 42590
38679 42542
21758 35288
56997 11439
6578 51139
57291 18653
55381 23273
28856 21306
6535 44119
34469 33453
29946 31949
1006 50774
47347 48269
9448 29291
26869 58303
57078 5139
42912 24974
10117 40218
4904 18778
30769 30393
51219 41400
17369 9493
22188 56903
40846 10983
45398 41982
26050 52935
42588 22112
5264 27645
55822 41372
21533 40129
55860 37463
44195 26528
56318 55634
34972 4676
24905 5185
20753 10617
41078 22520
47102 14957
58160 20545
49769 20767
31979 42796
57173 19095
35457 46559
2353 17530
40466 39675
4485 42248
15386 25917
41364 17777
44853 58176
18834 29157
58842 51182
48941 56545
5924 23801
28441 49015
6452 38465
49832 34141
41534 29511
46131 27132
57186 10966
6587 12052
29077 55982
10903 1514
45483 8195
19626 47696
1898 15377
3015 43387
21259 16492
52177 48751
3678 45921
19227 49135
23493 5248
24566 13801
28226 10939
9541 26021
16004 6751
34811 6263
27005 4181
58988 57586
44683 31011
51939 35943
11801 3528
11141 1728
11474 50524
5176 26019
39944 34340
57072 50135
59395 5456
40614 6812
44770 17201
15784 40508
32616 10177
38218 5526
9380 42916
15217 58031
30222 25549
41806 20275
16645 15032
30119 16214
16734 48339
43703 18624
616 29043
52733 41058
30491 8285
18851 8604
44408 34521
35822 54954
10354 11181
4841 1873
28950 2304
22647 43487
38508 23386
19606 56386
41874 21313
27808 56639
45241 31206
16391 30618
29940 57076
55398 35428
19800 17853
13056 35950
25212 29154
55925 8855
31668 45720
6990 58974
15546 11603
24994 38721
37482 39164
23525 29921
37671 41357
19391 49081
45828 41672
19349 57495
1438 36962
54398 28507
43138 34306
25940 41930
17989 41913
531 34983
59194 20294
56694 22753
44945 31566
51008 35368
48803 14886
3215 52738
39742 5870
48836 28958
32554 20177
54581 23972
18757 27015
50839 17027
52355 10206
15082 19895
39785 692
52556 7
23090 34297
14353 53437
41722 49696
12461 55572
40691 8933
16426 22537
44418 18794
49518 30750
47247 35069
50297 546
43201 58915
44621 32240
54942 49511
8964 31266
41173 19636
6368 599
41122 50193
42359 28210
2584 52296
20247 19197
51683 39126
28890 15153
2187 52217
37983 474
23912 35928
47996 24488
8613 12359
5907 26984
19341 57814
21412 36737
48987 28647
27231 25871
11511 16378
13160 10701
8662 46855
51545 58678
35351 42336
57440 25541
23977 54292
34790 24797
32886 14457
17861 17235
54426 5192
10784 27672
16841 40982
54047 15700
31579 33857
52855 50105
19343 52427
48927 40188
57043 52926
22199 45478
52707 44869
7548 17817
30693 18657
4935 42498
9225 48689
49425 34862
14786 53007
56371 17618
44324 27061
47463 12321
44198 55934
26045 4487
55427 11955
52730 8954
36525 18979
23972 7233
5919 41740
51819 29842
25859 40484
913 29673
17332 17835
35165 45907
8100 40813
29805 32244
24156 12307
44095 59899
49088 1272
44063 9972
17182 3253
38310 35060
24971 1451
53898 12186
41848 6703
24345 18489
7101 17642
44227 58436
15324 46872
30899 28733
1641 47652
40603 538
57950 15258
36793 5912
21497 9876
39983 966
14508 32348
42445 14234
4143 22408
41642 27542
53993 20420
30427 51494
45946 52394
19805 32663
42549 24340
26759 30389
7647 45675
9161 51867
2972 2080
2439 21644
19947 5258
32285 55283
7611 49190
6370 9575
15388 3673
58148 17466
35229 50834
8891 25718
25471 4679
29730 35599
24315 30812
43941 11902
48703 12596
45645 55152
35403 16390
27468 53560
38492 59621
48646 54281
47619 827
10127 7993
58027 50342
27190 46838
42921 16316
6490 25219
54637 50544
32070 29030
40348 16199
26747 48341
18334 2197
2145 13054
45239 30202
24284 48191
14239 50528
29058 6158
29144 34154
15474 43648
56063 13661
23769 30988
6512 25502
44937 44660
24074 20455
35683 21173
42260 10395
23507 41233
3969 47726
26093 2765
18081 48807
12440 36018
8006 34140
55577 8005
54015 16602
29801 31538
6008 41847
43436 19584
13901 13024
42055 23621
41910 58165
39135 3414
1400 56601
3315 43693
51564 14273
21857 7401
15963 15465
8253 41479
51576 28454
37001 21268
13449 988
59048 10969
54383 52062
50146 18095
36321 38319
13577 7842
38430 25940
14153 51718
53285 15932
58495 586
15270 2753
58469 38082
50750 51346
9671 45270
51685 31148
39059 45116
186 39074
18172 10158
56257 58240
9483 50515
8520 5865
35404 16301
16427 10335
52332 32763
11436 5991
7205 44955
43324 40544
56784 22179
1690 49779
8638 40969
974 3936
23478 3918
51773 23300
51671 42243
15594 10088
38592 45963
21219 35151
1035 59150
11420 7039
17392 8247
3435 31972
8308 15249
48610 20758
27589 36593
34478 51680
7449 58453
48868 49591
4166 22762
31212 52791
29379 28752
50989 48051
23727 12647
33636 1400
38907 45171
7147 24758
29623 23473
33020 47475
14520 59059
40312 59306
2842 2588
47661 31805
51330 46310
56819 28673
43182 36637
34174 19315
19768 35569
30019 45682
42162 32119
2042 12438
3987 37140
31391 12231
55529 35627
26321 22785
27937 21213
44965 47999
7076 30697
32131 18044
46688 56864
29070 54484
4817 39236
5295 56398
21110 36342
39866 10509
9722 4514
4305 34809
8271 10160
18024 29451
40916 19378
41490 53702
38363 58702
35938 35495
46672 24060
21312 29759
24963 48
39151 50851
34771 41814
19327 33159
29735 24841
33132 48081
39678 12160
28194 57864
6500 1227
51977 40615
45992 56154
7499 23861
55889 50858
42908 40646
42659 15650
57522 21018
50395 47252
36133 4152
47241 43142
56721 35322
14092 53678
28186 25395
29594 12444
14975 34346
27120 44776
22213 32608
54226 50184
29721 36141
26132 10102
27263 40177
47816 18556
6232 21142
20484 26857
27969 42003
20482 21105
43589 7240
16705 6309
24531 34289
10004 43182
45012 4370
31082 2869
4400 54736
5979 8505
54512 11708
5595 57246
6110 2050
28304 13244
6329 7016
48798 31810
48418 12558
24422 6472
53201 2086
8528 37422
36463 42058
3931 54808
38435 25468
36805 43118
36811 32107
21604 34461
43910 40893
8011 45962
26923 38686
23174 16774
57253 3217
43604 24010
49171 14466
27718 39712
56892 47045
47256 4645
3372 858
58395 13680
58992 42976
20477 32205
23046 54532
6790 5241
37875 30675
33254 52496
13943 41873
10141 3979
43040 23654
31601 36571
14697 48725
55528 27260
7093 53873
22946 24188
55403 52052
36456 46428
24089 3821
7530 53979
49979 40432
18257 17421
37625 34670
14822 2665
52903 48124
28123 4613
55389 54687
36764 19917
50295 5108
59256 14150
40746 34045
40212 6365
44236 6634
42120 47525
36487 15140
1721 34843
39912 25254
43112 12417
54360 12657
45448 34485
17528 58812
58434 16303
11824 37358
17910 58300
46053 11725
49966 36597
20250 49100
22271 36579
23005 27210
401 48897
11889 6915
57008 50220
9389 41853
37115 37786
43080 23460
26266 44204
4561 30063
9298 46043
48561 43598
41496 27989
2010 57857
6014 6823
48898 10933
34766 51935
14099 11823
24655 36043
27515 26317
29731 33076
22341 22120
10316 43093
24252 10367
20424 59679
47291 39317
58432 29034
50911 23090
37198 20654
39075 36051
5568 21277
57891 55369
3448 24362
10197 59868
10317 50082
49443 59784
40491 28220
3262 54143
44170 47571
5347 21198
17833 39873
29040 15776
43381 36907
27789 35759
31829 14020
39786 24581
58613 50182
27144 36061
17903 48797
14128 16652
49476 23594
33578 29649
7460 29328
22622 26024
28175 13
7268 47600
18563 2272
44448 18644
44466 39044
38872 1069
31892 33923
34534 8853
43722 19782
20213 431
2977 19683
14452 14542
25904 14079
39278 56081
3591 20638
504 1423
13398 50563
19754 53867
13844 45202
50290 53893
8994 18086
50081 36285
16746 33507
18970 36460
21504 37400
7864 37462
507 10140
32597 6180
59845 2474
28224 30171
11515 23309
8467 10231
24918 9071
34904 17367
46116 24058
59711 38153
32786 16375
36617 15270
54615 16794
43782 53155
52836 19681
23211 6024
4724 37388
26023 26202
56477 37295
48631 14250
2773 48121
28589 5060
1229 47421
30131 21280
5103 51964
56500 31624
20517 11332
37733 32000
28134 54114
37579 45194
26505 46062
46498 37764
41953 53708
27374 6250
18974 39010
7549 42091
26545 19687
1367 2450
21285 47894
11264 52976
52516 37768
40510 25006
30153 58659
54528 51127
45195 59052
23715 50522
5776 21915
28621 22802
55345 57659
6938 53553
58887 28463
28553 27298
38593 56875
26244 7900
34339 57003
5155 50489
25937 14859
59786 49000
20335 42781
48878 55672
22251 39473
14521 750
21828 41543
51061 50949
11019 41432
5006 25067
33456 3548
41500 19975
7473 34366
34774 2699
33421 20927
12708 35385
50871 37023
22897 9803
23010 21420
47670 32926
53671 45729
42300 14471
53415 10040
9680 3311
15485 44148
6738 47945
9598 25748
16776 29204
12929 49339
11371 39003
39479 37700
10019 33078
49822 5904
49752 14555
42960 28308
4939 18992
11610 51536
50650 25843
41154 9701
32383 8664
30406 22032
49444 5410
36945 31186
49800 37450
37977 48845
29420 3232
44639 35924
36995 26162
42140 17207
41635 5576
40929 26118
21182 32888
56640 28475
41106 50714
20719 45736
9894 8545
28821 49941
4476 8839
30732 31518
28981 36655
41379 12984
19846 31973
52189 25908
18002 42746
38760 37443
3682 12852
23065 36777
33249 40370
4863 48213
20343 34358
30261 16138
29617 15881
2465 4696
3729 17450
24166 50907
54507 28185
18814 21196
5029 44875
42249 37750
57771 5872
56053 7375
5918 44024
40306 27105
38934 27758
33232 23939
25198 22827
30325 12484
38033 21020
36328 22579
51893 38921
48426 42953
2689 1587
29474 50442
53073 19977
37465 11093
42719 22920
12337 40385
21072 53844
39650 52613
31171 28981
32858 40841
9887 9557
4055 28867
29526 2942
6784 53620
53148 15302
54879 13087
22508 44916
46814 24499
5527 58663
33067 49659
42345 47743
11309 55887
2566 5624
16237 7365
46375 48470
58698 3575
28798 15929
34346 40699
34259 9679
39965 56935
10404 54556
23849 53749
24436 18854
18540 901
25390 22497
26790 45469
50756 58914
22176 7293
44493 19997
39184 29496
3432 30880
51723 1491
41346 21750
42422 13698
21932 48498
4320 35259
21607 13886
6194 13357
36567 35811
44459 34293
25334 49176
18622 16952
16515 35967
47431 31656
55809 40832
43029 47837
39499 9264
57232 45553
9855 45794
21848 43796
5342 1206
38191 24682
43491 38208
9269 43485
22926 34525
20332 2850
59226 16742
45776 11163
43394 3940
25688 18614
8451 13153
58714 51721
46455 45648
5553 40499
20289 17779
59198 3479
24687 30472
42172 42911
51883 547
21528 4365
53293 25471
8376 43279
43917 17781
46061 43450
54327 55843
48417 43261
44920 23608
34498 56642
6125 7071
42338 1251
43940 19169
27749 56847
33325 42560
23713 25332
1195 15150
23764 24950
20242 33328
11814 59563
14038 6528
22396 20674
50211 31763
31869 56805
12584 39132
14847 34837
9016 59880
10155 12218
5058 13034
19386 32811
55341 30015
51651 36746
6629 46693
59788 1409
50521 2606
35375 58401
54731 34696
48408 19984
34507 21861
2474 32109
57917 25782
22071 48785
57436 10290
50221 1205
40504 22727
8589 44848
39142 23063
24689 23291
10110 40976
10634 19814
11852 15480
54484 32851
45407 18080
50535 53209
40943 4064
53022 41012
10849 16888
47264 57585
28684 25374
2864 53403
26927 1932
23875 36369
44327 18363
47159 14784
15567 9943
29112 22400
40016 25746
18674 43053
49309 8996
49057 5754
51368 47835
29421 25049
15336 34126
34997 44434
15675 40138
20282 57194
52994 40995
51405 44992
30738 14905
54730 27351
12716 15753
24107 37546
44454 10011
37384 27949
28875 20473
30257 39674
50426 21581
18467 29437
50996 35536
25027 8636
32959 13551
34568 42761
27438 9082
10621 38079
53536 35479
13088 44830
52512 52436
39628 13259
9071 56531
57214 9052
16385 20251
3420 45124
42021 46212
31496 34329
57287 8864
24328 57748
36343 50466
58823 9513
46623 43007
55437 37018
33811 10358
55783 20808
8171 4445
18682 36526
5497 34929
58673 47150
10507 7759
17878 12068
29447 20815
33644 55019
59248 9537
54464 47650
28671 1933
6011 50164
14552 20886
53524 27135
29566 26952
22911 19881
1748 29033
27191 48865
3491 53851
25983 41737
32900 48388
24508 17944
15452 9959
25308 51060
5349 12317
24571 6998
14716 8621
1848 12108
20886 1717
6494 49968
54997 40107
46839 40433
42596 17490
21974 39689
51864 37162
9572 40132
9018 15134
2511 39084
18801 15217
54380 57506
30963 45048
45618 1710
54468 23545
9096 5209
49732 45099
46239 51107
30744 31235
29400 8788
40328 32921
345 55453
5193 39631
1246 30721
16773 46663
14134 42571
54721 24508
9799 12058
35967 55846
58108 25393
58598 32208
34589 31055
27739 9013
7287 10734
50868 12666
58745 14830
15574 2113
19737 26778
7986 58297
3130 984
15627 17686
27514 27070
59782 14586
52029 48652
40817 43997
29958 13293
4117 49662
7266 13407
54834 4335
32757 11605
39108 28789
35131 59361
1078 40440
41416 57615
33776 45080
37687 21293
15856 57631
47091 29986
9410 16174
19089 28021
28131 26534
103 50871
40293 2742
23123 39842
15766 58203
37400 54024
27301 24929
12276 47200
43541 20507
43793 25832
58908 40076
34308 48659
23633 37483
4436 38916
34476 35138
35657 34422
57756 42035
51539 57396
33268 46145
36317 51572
1333 2524
25589 34122
57235 7165
30811 29597
2854 29944
41660 54199
25355 2780
24465 16104
16624 33994
48977 35250
1065 25927
23403 48181
51677 2573
4428 36550
22597 25389
15803 33825
48035 50146
43064 58544
41174 3231
6794 12443
50562 19083
38136 28807
48182 26086
49590 19960
21792 50704
8744 54239
2906 18738
23089 30235
35784 10911
58476 27687
53315 19296
42127 40183
11475 57707
54421 45217
51062 33881
44872 9322
30450 30382
45574 59822
31362 42343
41402 29603
11946 5928
53183 47360
8838 32812
4136 7417
46927 11782
50869 51035
29995 38368
2424 45621
19232 35810
13212 8868
2871 25761
51847 27104
13073 21199
2747 29550
20683 1633
20322 11723
33777 29733
26099 38687
53439 46704
35589 13234
31025 29799
16602 5911
2400 58220
49368 59141
42396 45333
12525 42506
18751 46627
23395 52199
56502 10748
51174 47080
3133 48056
56741 8097
42975 5977
21754 7482
17906 46284
8158 29452
52386 41555
24119 23786
28637 5591
26216 57551
48714 46353
28819 25172
25340 47637
22220 51844
12244 33533
32520 40113
45356 10480
32606 24818
24075 36068
52252 24944
34032 2878
17480 50349
52505 11200
5415 21968
47651 37061
27821 57102
5173 43223
28221 56537
39483 9837
58973 10625
11827 56939
35749 9477
19253 57379
21051 50408
57547 46665
5248 3363
21491 27498
43315 20190
19376 20285
20087 47852
59184 50373
39494 29246
47033 18926
27926 41056
10922 11843
45205 7705
29092 8623
23039 13295
29304 232
2776 40801
47633 50161
57019 16588
23106 801
40295 30058
28505 32613
17994 56061
41909 32680
51871 35619
3760 52918
4918 377
43987 39845
41781 32340
26622 15590
23810 14214
33626 38592
52501 43220
49146 31177
44526 29737
59827 26880
2041 28959
9358 5204
55619 39402
39818 39329
44440 57896
51205 16038
59520 35871
2281 18227
59035 59838
4407 41199
15467 36540
51021 53748
42282 54084
24008 13608
23734 3206
25091 12114
37175 9717
2123 3609
39656 42814
10056 22874
44504 2407
29487 9528
24312 55957
24381 2126
29095 43713
50010 37886
5039 54921
37613 39537
9024 19559
34699 21700
24049 5748
26086 3214
20604 7137
42570 27326
18265 11682
16359 10574
7435 44047
1699 18638
48214 40049
12193 43315
32706 45320
33931 45866
25362 38992
36810 37506
7718 51597
17156 36843
50789 58990
17059 58275
46140 49109
29247 37944
14063 23606
40100 59867
18716 6104
45481 50366
32192 19615
13119 21157
8038 24155
8896 24835
55891 53757
4854 4435
29626 49706
11316 28006
46752 55268
29171 36076
5754 4255
53118 19192
44691 30856
55413 8818
20945 7997
43768 45523
22769 56323
46501 17985
4256 21576
36045 34541
35532 27117
19030 34384
19658 13753
55795 45602
10323 13701
46650 40112
46502 3814
45890 7164
41793 37446
11410 47824
52016 41221
23691 34666
33342 5746
14696 31698
59205 47453
13172 45132
51909 39635
9102 51655
59420 46322
51798 18822
32377 27988
1723 39902
23652 55562
36309 20742
37505 17018
24177 59541
30632 37693
52669 40845
36153 23191
8505 8501
40105 40259
5651 36873
4309 32532
59310 34060
26094 47788
46985 41410
47112 32620
31370 32277
34452 52952
26922 11791
50408 39939
26833 15252
53959 46438
37677 19038
4834 12685
8214 104
20777 7747
42097 1572
4861 30467
29490 40991
30529 52215
44572 7729
33906 48331
22579 55580
8411 13588
54333 52401
51136 40325
36131 27174
41930 57529
38522 2982
11926 21876
50318 22915
8457 36728
28353 52825
32956 41780
56900 13916
3632 741
54487 41984
8138 13186
33955 45221
10029 18457
19932 16674
10791 51787
10615 4446
21146 20171
46487 19680
14777 33207
22677 36045
34007 21229
18616 50269
55440 402
5169 7461
16424 44947
12865 21843
41620 59824
58592 25956
17987 58112
8204 37285
40962 57756
57762 1909
40268 54529
34963 11511
6123 12716
32937 21661
42008 54646
11052 22148
38785 44072
38054 31399
10106 31097
11220 52249
43171 2331
40926 42314
47228 8897
39659 31556
22127 10184
55217 41105
36938 30188
2700 56704
54083 35191
56609 21962
1860 30309
5324 51380
2980 53358
42039 27129
50530 48667
37800 3672
17345 54730
42673 34150
13816 19618
50264 37025
37496 47512
27302 44447
40509 20677
41877 36385
1985 35120
32640 58067
41102 13649
35755 37841
18984 44925
42069 59434
19799 52399
31651 52153
16049 23174
52737 4340
52911 9785
44892 18381
26614 55099
19493 2043
29724 22227
4783 24592
45129 41060
3927 35015
10360 55208
28810 10877
27239 37420
31736 39695
30438 25531
13371 12281
22295 39007
59280 7658
9416 56663
20486 51272
59180 49253
59020 20204
20927 46221
48117 56219
56412 20612
22635 46521
26131 2073
8570 17793
49851 27124
58203 5689
33750 32575
36809 15575
6959 24353
20914 29617
15843 54360
30571 19834
8030 14165
17530 34413
29465 19813
16248 11470
9233 7356
6345 24525
3317 51443
19020 2451
25176 50974
56634 13245
40330 6069
27403 29084
16271 33161
56709 1635
10467 52365
53313 31632
21459 32772
37860 10098
47260 12466
20495 22290
12441 31685
57539 48002
10443 34317
32655 20340
33734 50826
30594 21453
32687 9391
20221 50429
32596 6440
1519 53880
5902 33827
25772 44350
33125 8698
29966 13448
15777 47486
14100 2396
38231 30106
23128 25401
3189 46772
3313 56677
18439 34233
32434 7592
39159 270
55237 20381
42878 2886
44075 45027
30841 55583
18727 38948
35173 5707
536 57138
55521 30598
7045 3024
28242 6757
8778 34117
59502 50213
47678 43188
58277 48861
50061 20479
26428 1474
23983 37851
2966 49709
26253 20457
3353 41868
37374 57219
36820 21030
12757 13144
23759 12619
59497 18781
18914 18131
4819 34884
25320 20916
33047 50646
29515 28909
50096 43983
36036 7711
18332 17869
54088 9786
40845 10322
44591 17934
40046 7502
7787 1000
8433 40826
6337 36676
25815 33690
24458 6710
52095 13539
22223 35556
36559 22959
23961 36004
49478 20873
9455 17764
13046 9278
39484 46161
33366 52692
26306 58935
32774 37624
59045 16045
2970 11225
2551 4669
8981 20407
46766 40191
21827 22200
52689 58381
31048 29075
34035 3325
29950 59571
9761 1901
39732 30851
33785 44270
58237 3307
21494 6943
40179 25140
20876 59614
59418 5644
25753 57571
40403 25685
48453 11730
55221 46182
19611 39068
38911 38847
22045 41253
33248 54800
54283 45229
33405 45834
34888 29219
32103 40391
46448 23307
36892 20477
19648 21780
31123 53572
53461 12986
1091 46721
24141 49703
21709 43967
44159 53039
7184 34963
27299 5148
38254 49529
20164 50098
52217 30520
47535 37211
45092 8638
41240 6090
1747 53272
39120 52583
31103 45784
17402 30689
42965 6375
51309 29858
50867 20342
37911 59966
37856 42233
14913 46545
47278 50233
3366 30501
38242 30838
31487 15185
11175 14667
34357 9419
41224 56433
57597 57986
40616 16912
50765 23820
55127 25696
24917 12017
9685 45850
53849 43594
44613 21649
15873 51694
2070 56413
37524 21284
45910 29707
7203 31950
12504 1984
1242 4284
28904 31152
20559 7399
27446 23033
9925 31369
27064 30228
45253 55429
13363 11194
26895 18499
32888 50328
57249 22847
40074 39613
30908 37663
55600 8349
48224 33289
47672 6746
4082 26588
46254 53580
9050 46811
33993 58322
13589 7012
36759 21357
21303 36448
43400 42563
31351 4649
34438 51933
24696 19800
20563 34915
11350 30211
30125 26268
34940 38702
22435 27096
35801 15636
23219 40690
44294 15971
50594 35911
58336 10422
44614 31613
42160 25154
57194 4330
45437 22330
17326 13648
39982 53341
31732 45486
12601 38730
16156 28256
18285 59629
36575 28532
19563 37173
14737 51599
19505 22427
50540 35687
18941 45491
46197 15477
13585 11344
45236 43425
46203 43884
32048 5105
20778 48456
31445 46656
22860 37631
36733 54838
52128 58538
47295 7493
17922 38809
18861 39065
7988 30338
37584 21324
44344 36379
35599 6400
24884 57992
25857 29178
53634 11546
58532 20188
59917 26595
52732 4562
9600 39208
19036 7127
2757 44926
58005 53351
46802 39087
5180 50551
22700 53731
28992 24833
42990 21458
16807 32395
48978 42271
31397 43265
14024 4030
13243 5934
54261 14262
58534 53546
17769 9105
36833 38062
45625 49479
17801 41690
8997 53074
7159 57905
40350 49616
48556 9616
38459 43312
15682 9780
15890 29687
3327 34817
43899 19104
34803 25558
14790 40343
41809 37876
15260 29306
3441 12824
6567 13479
27087 44664
21647 20749
47013 19644
30960 37374
6590 52059
44643 44536
50513 19959
9010 28491
340 47042
36068 22562
10351 5852
26668 38190
42788 533
31176 40075
31291 33452
42634 26490
13072 55551
49540 8360
18825 55870
21049 59587
18705 4091
58898 24198
3878 35972
50380 3482
5863 56
42750 46096
37627 36703
15219 53789
35072 23544
48411 7190
47391 56443
55728 18495
2445 56734
58416 2044
27387 15417
54894 28293
11521 46021
2382 38677
54802 25839
26018 40975
51640 20849
32466 46647
12211 25087
49087 26610
18971 25007
2456 28521
608 35725
19556 13843
37222 43417
39504 11365
7033 31122
21958 9115
18650 12336
29777 36401
42030 25205
35606 55269
34362 23612
32370 55048
8795 27344
55776 10111
33045 18906
30673 43914
17881 8228
12637 8801
53007 761
7383 4702
21672 42493
56940 1030
47915 9437
30076 47274
42487 31897
16861 58019
47095 28622
12203 8899
924 5549
48275 8993
22093 57844
51824 52819
19335 27254
37211 56371
58282 29887
49630 51704
12660 45574
11502 39612
40040 27899
56109 40846
41860 11784
26575 29780
54198 33386
28030 27796
33770 36180
21492 53745
5685 29495
26270 25213
43861 23286
6252 14795
12110 12177
9216 27838
56754 39622
21208 487
16257 56772
448 32648
17091 55497
25138 47902
15436 15516
29278 46671
49399 32882
17498 17646
21603 26925
19789 35794
38173 37772
47375 24050
37545 2193
750 2482
17142 37235
42840 31672
23564 46196
45402 24156
15487 57391
4072 38029
43765 31558
7748 45253
30501 58428
20107 9312
10468 47854
26570 47927
44963 34499
32934 56319
46109 49191
50453 51045
20381 18313
58204 30471
7695 33879
41859 5128
19336 34299
24088 39982
40281 5797
14474 16072
14361 30963
8754 41332
31339 48608
10040 43499
29818 43826
49004 5118
39698 44832
24486 41530
27253 35337
46003 52305
35995 37987
30857 20480
49634 58046
35227 3459
52560 22515
43523 35064
54107 51022
14314 707
49930 30728
16218 29756
44587 33598
49463 30752
39048 37616
59398 48092
5366 21727
34440 27592
29279 23129
34615 52313
46123 19309
58618 18954
5119 10978
36974 2316
7354 45551
4048 39167
54315 49115
35891 19928
33128 47643
13249 51448
37533 36944
35171 17069
9821 4026
58301 41242
57881 31010
56000 37890
34102 11081
59464 37543
7618 3383
59812 43013
13462 19121
46984 53012
58407 48325
32036 40916
5960 1790
33448 18797
29196 31770
52999 5408
3647 8312
29717 33135
8648 5038
33637 55801
27226 51365
29937 18210
36957 16519
3784 8687
36622 40357
30303 18414
44091 18037
52883 56221
20197 16840
47401 931
1427 59340
25949 7311
16677 39573
53508 11444
198 38783
57820 48429
14281 9905
37901 43199
4787 29272
2969 24234
27768 52943
22580 11495
45901 17122
4179 51284
35466 45926
3949 57604
4524 31780
30938 11850
2080 52388
18815 34563
26796 56493
11796 2169
50396 22469
8876 5532
59747 9508
42043 39030
47795 53853
42329 10103
27549 54894
24541 32503
25067 49333
29396 27063
24740 50487
24619 25112
5260 15595
44744 43298
43372 28848
59734 47580
8716 41785
42831 10964
56380 13819
22792 37864
7775 48128
11697 55171
35210 22615
25760 3561
34659 59503
8346 17328
47701 49512
14595 53709
54711 7602
228 3443
49557 10984
1490 30410
19554 26133
30344 31211
44139 19751
47127 31213
35681 48900
27796 49312
34861 34900
24857 15314
53960 24891
15052 44795
16221 46243
30188 25564
22686 31103
10167 17212
18065 57547
12353 34764
47516 56761
50168 778
7396 18927
2112 52253
53050 59586
43267 25036
27476 44466
40300 20689
50205 34751
1026 44753
15773 2689
13506 6381
4410 34819
6613 41775
38925 23189
2201 55329
29258 28298
39177 40009
44042 42734
46091 56254
3191 17865
16039 21953
48533 17717
2900 17504
26363 52581
28768 6441
15358 16735
35374 42884
58202 59280
49440 25635
50861 30220
3700 50670
9184 44256
33024 49093
18958 15847
15347 57982
53464 44033
47941 38583
37756 59484
20900 12775
37846 34076
39186 22113
58632 44415
44076 45239
56807 11792
21016 20531
15526 35889
19777 694
57954 44093
43268 556
34161 54506
14487 4454
27104 784
19694 57528
18033 6403
59593 34424
36486 6810
38776 57093
48183 29226
11478 23037
41026 14380
44483 47531
27998 18567
36429 16509
32482 12654
3073 2231
22572 1554
42161 40593
43998 59529
24980 3728
51499 38938
34372 43032
20889 54753
45634 14210
27285 39282
26756 41818
9780 7982
19654 46405
24672 7863
12051 5662
49442 56128
35254 39629
31033 8514
15793 24639
55663 43018
14769 50061
19710 42462
56200 37098
46372 52639
9461 12109
52808 7265
30345 45591
3777 12076
36857 16603
27046 19305
27297 30603
36523 43286
34734 4963
8788 41864
25456 29717
58999 18114
16712 50421
13326 27983
21645 45366
42383 43751
5182 50455
29478 50471
55518 21195
24319 16865
6060 10615
35104 51167
58852 4850
59930 18173
12484 50929
3378 4089
17594 25088
24719 25467
44150 21801
39648 3937
39514 16924
2592 53268
4770 17346
12332 11661
52734 28874
49919 4549
58388 32226
47469 13152
44005 39997
36625 25732
14223 11695
31418 42303
13690 32248
21822 7107
19870 9429
1005 35431
13882 50379
12454 28263
48594 14313
7689 58828
48948 42162
49436 6964
31387 28940
15899 46885
45589 16974
39611 6770
56602 2285
13403 4779
25994 4615
15685 37444
36182 47681
21078 16424
50825 50938
18551 29222
24948 1230
30557 32618
34974 9756
42515 42787
23545 41966
57896 57
56654 2480
23570 43556
33608 25591
32590 17462
30541 9936
6463 45879
52614 21616
47345 25647
58479 37660
49915 243
55033 33777
20987 46374
13313 58202
24295 32158
20508 31336
27128 28578
2997 26471
36866 55316
14502 47695
48579 51180
9564 53234
1063 51471
59622 4595
36262 35398
38276 14802
37955 217
47187 25194
27367 45172
19346 53607
9989 57497
12858 31593
21619 7944
15075 37175
24894 35082
37342 23523
54616 21853
16105 44685
32723 19847
36087 26255
42901 3618
44883 41437
22123 42407
16865 5942
50028 23944
53844 35038
32023 55925
47420 22287
58179 5273
48471 55128
32152 30123
30201 49838
11026 50234
48023 19003
52100 42454
23081 13312
11093 58550
9173 36339
47207 2578
35819 25177
32003 59381
12062 12518
35530 19587
42062 45606
3850 25566
34338 57517
2217 41329
54990 45144
55490 57500
4872 31884
53609 5562
57445 41471
3180 28704
50092 57450
419 57969
27027 9172
9011 2340
55218 12655
41334 1663
15168 47169
4455 38860
46346 15630
9898 32063
600 25479
14335 4129
33144 51953
29886 35426
24459 42167
3962 20168
57923 32748
41795 34993
43697 54674
40405 53201
58376 29446
43207 1076
31973 2428
1031 22236
434 3674
34880 22133
57193 51628
26958 47253
777 59154
1097 26576
34696 7746
47330 13873
18006 52895
35111 42851
18789 43734
1124 34284
32914 30040
53292 44439
45735 35165
44174 9762
28219 48566
52834 37969
11749 15269
7014 4721
6313 2417
34367 48200
9759 9280
56407 32041
12579 42850
40618 1250
34502 30882
16543 40526
53426 3002
23229 15905
17520 45961
52097 42519
26012 8555
5179 942
24449 11289
26610 41463
30081 3275
37028 20142
15939 53788
45695 52016
14802 6377
19660 29897
44830 40058
54268 11187
55566 54746
5284 38735
42844 4192
42592 53596
49781 53574
2077 6969
6128 7483
26561 32581
24856 38993
56374 52375
36222 40346
31196 14456
58430 4136
41730 52721
620 13281
46062 27933
11232 22109
5419 53184
32759 54782
55400 48361
28437 59976
42265 26347
57577 21250
21711 7917
37084 44833
6250 37747
34614 35776
2789 9001
15058 21076
13856 54817
45370 51977
37145 13975
31163 50085
17767 2988
3052 38869
4873 11368
44855 21988
18375 4144
57375 59798
36931 17950
43130 9257
2157 49647
59411 27208
55734 11014
20611 45633
1027 24244
58163 36269
38472 10814
9450 28749
49300 15968
53785 38142
46709 2668
53799 59730
26103 6552
5043 51843
19614 55534
10647 57815
36960 40137
15760 24651
37139 50965
54700 10339
55670 1025
25504 31914
44371 5291
35427 417
21741 58321
25156 11759
49520 5842
48480 46317
9172 42714
51807 38911
45175 18595
47459 27278
5140 45450
32820 52915
48855 51921
22667 50631
3520 31196
6402 45375
28646 8317
15214 13511
54964 9378
4982 41932
22322 17757
39661 34282
50398 29519
40231 27003
39034 58795
25999 11440
50696 40013
21390 45330
1942 2466
41558 39078
17913 11797
51351 47003
29528 32761
32153 57216
14952 57628
23319 41104
36244 54165
24604 51288
28302 19740
12173 22797
44545 27446
38396 300
43298 36551
24909 15443
5617 12577
50605 7701
40542 34748
19358 6271
52302 40562
16152 23718
46735 49882
4818 35372
5377 33263
17562 14371
10108 30423
24904 50485
46641 57321
51374 43210
41544 13639
10111 18116
48475 59667
25535 12696
20754 7385
23639 52207
6983 56778
5998 44909
341 55299
59442 31092
29147 32606
23588 11556
49896 10471
17680 43919
6700 2826
8684 3541
5722 42262
12281 23868
28245 18682
29416 13736
36503 28487
36356 16475
33584 21909
26742 40424
6770 52767
1722 49704
5874 29698
23195 2839
36322 6844
6100 48524
39121 3438
39194 35217
51409 11527
21262 57544
25247 51479
809 1905
19127 31789
58051 33745
25415 7607
51064 4644
5551 15421
47504 47278
36670 29152
15909 38844
37484 37996
34152 21363
11114 27464
44913 13026
24952 48962
11109 44359
9100 21345
17624 15078
19735 51051
17591 7218
32318 21374
56311 14928
4147 6427
10959 15540
28487 48350
18086 27040
27598 13105
19645 24611
31735 14462
51293 4819
5042 30867
23667 38345
16496 31747
16161 3562
47245 28565
40963 9499
32493 14167
38916 39940
40415 29819
12816 11670
30007 25385
7011 24477
8880 8940
19967 29999
444 47175
25933 12725
21773 41421
55156 23501
40645 17675
24897 13253
52696 22013
21597 8337
28851 2104
21938 45365
57337 37269
53444 3910
53972 18390
42667 8946
38955 7282
8922 55814
19690 30510
56445 30054
39533 27409
45567 11220
13164 49830
31393 22517
59551 14409
11642 19344
26100 39560
20916 10276
19101 51744
48161 52073
45545 41812
41478 40078
32179 11137
37741 37888
51248 36226
15888 15054
21358 5668
24646 26981
18370 34195
53510 32062
51503 14185
25752 38770
23922 31031
7464 54853
36953 30328
13095 18296
38813 951
35759 47843
11792 28057
59809 48247
50307 16165
58640 16242
1764 21450
47659 28459
30253 37976
46424 14576
13740 56556
28735 9763
52278 58685
19093 333
54479 27380
45406 2899
4533 2626
53672 30845
55561 48070
52145 50372
52105 33045
26814 2204
44105 56684
56294 34808
9122 57786
41507 31410
19847 53066
15862 52299
16560 45656
43167 59038
10102 6423
46874 29652
59736 32460
51713 15763
24707 5446
4848 36602
29431 49354
39187 815
31408 45427
38158 47959
26268 26649
35021 14288
33202 57021
45332 23489
27414 19385
35629 15668
2410 59598
51821 5947
23563 1044
45983 31444
53235 43846
35187 19978
58750 58864
41824 46092
5570 30100
7168 37381
58059 48975
16269 38251
43097 1600
43562 29809
23266 30394
10902 50583
42402 9085
40153 46081
2904 26566
36912 12121
42273 51765
44399 24276
42385 41079
26190 30429
49328 46131
21732 41511
58989 90
28211 41112
6944 4634
692 59920
56326 58155
16957 21818
14550 34795
33468 2144
48946 19438
34000 27912
36569 49342
38045 17681
45067 45748
37699 40141
14486 35550
29215 37699
24519 52067
25634 13576
30348 51623
50617 44871
44536 5306
38574 40663
45249 22001
58701 48219
9880 3593
22608 33734
1610 44215
31639 23855
6852 3380
19362 7273
27262 25098
5627 23960
7607 30498
54482 40576
47852 2679
9285 23959
22829 24015
20441 58819
22484 42479
29841 36621
51398 46195
13558 4392
56025 36750
31650 46488
22827 59458
31206 13417
6398 57873
28716 21950
47317 15640
45664 35366
29652 7443
20901 42536
4403 31359
19679 56580
2929 49302
53097 38019
46582 59746
7543 13750
1481 49360
55652 48826
55838 49866
42466 14775
55893 21002
44378 23116
52433 17522
10772 33002
48529 44580
15986 27718
33817 18163
11433 3570
36170 4153
10495 24433
21692 22625
36691 29650
27943 31866
30282 32864
15195 34517
52282 54367
26546 8042
41272 30813
12089 46520
12216 34859
41975 44454
43078 54093
28321 34922
25925 19154
1914 29621
48326 40695
40247 24127
12932 59996
29464 59411
38811 45432
28152 53006
25483 4301
292 12344
46186 30008
14077 5722
13487 5255
18242 25604
49305 11719
46122 18899
53001 5043
52168 7168
4101 10799
59924 18085
6669 7342
52397 45684
35186 9697
12253 32528
23973 9864
21364 13387
12916 34124
29987 41110
7469 1488
17194 19214
43956 27299
32079 44722
34585 35484
41885 8653
20540 31058
39124 22722
25470 27534
40063 29089
25726 48347
38470 42251
7487 1408
22802 19105
23068 12391
55412 4126
55996 1445
40460 52560
11307 15226
53330 54720
44145 34054
46268 59312
52469 55986
19494 57273
40271 37926
38678 22466
5555 58004
44048 42340
8779 51566
20525 21385
7725 31861
15636 38887
58774 43638
7665 45670
11997 34745
57427 55176
45446 35945
9265 29181
33478 30016
25459 19929
27410 37176
39088 8648
9036 51731
58370 20087
25147 11255
27725 51726
12174 17040
59602 14863
41649 31736
35218 24373
45445 18884
42288 50447
11354 55412
36367 3102
10936 9722
58538 58787
18930 57258
9195 29880
12262 10903
20617 40543
55181 10538
29557 46650
40594 35083
59183 18694
23530 11946
629 11493
31760 55007
8948 46407
12788 45408
56207 43671
25163 52066
36804 10059
57021 59070
42800 15592
32439 7663
55927 2697
44873 20751
58660 37653
57077 8289
46540 28895
55044 17067
29089 24227
32028 12092
10962 13446
5418 36864
37054 46343
2023 2274
52159 43618
49877 20772
14453 59337
19143 9696
2143 24440
18013 29389
14736 35381
35233 10656
18919 34973
11024 19764
51167 7962
29972 1634
37071 26514
48662 32730
56448 57242
50196 57274
32461 30019
36027 20986
33477 10228
7420 282
37534 48399
7485 35793
17557 33254
50798 21711
35594 42418
53955 46233
24043 19370
35524 31059
53911 59393
49597 49425
2727 37600
49808 43706
47120 9640
28926 52402
35806 37044
14323 47746
59216 28974
6712 22197
48234 45164
54400 7361
56653 47949
49241 31391
16223 2627
19511 9138
2113 57581
57731 36108
17224 7660
22845 20191
53526 1626
5701 26322
28775 40470
7694 55108
50832 14442
53208 29228
15529 23423
13755 6061
53131 21389
48341 3607
38531 39856
45164 42030
22979 12790
46580 38236
39995 34501
41470 14559
28061 51203
10878 50273
40381 18215
9125 12827
51436 1478
13542 5479
53316 35286
13563 29194
52786 44373
3891 44012
37361 5727
22992 33541
34884 25849
18422 12744
39116 32144
35309 20825
11035 39530
21211 39655
46141 33526
19179 56235
18962 43698
37535 23663
17521 26055
33713 55673
44519 46922
53424 28026
6241 24225
8886 25305
49159 24434
51492 799
26975 18655
3886 22605
18175 23027
42985 55629
8316 29202
45969 36768
8697 5741
16363 14136
9585 47701
46622 29113
21109 48597
54296 27238
16224 52671
49904 29000
55284 18916
44318 10735
25737 58552
32078 47711
9318 27777
37843 47750
41446 27145
17611 9147
41145 54757
27147 38482
24588 39187
29622 5642
4950 9414
41526 13618
52075 19873
50390 31105
6102 34427
26402 21982
33792 4333
49140 38711
18234 49553
45529 24627
24188 56632
29799 434
31985 26835
21450 41865
38140 17913
163 27166
50734 11462
55520 36426
48020 30286
6105 46547
47903 37219
30045 49496
41605 8974
43526 13059
45698 12191
23477 54545
4151 25020
52146 18971
35025 36299
26065 32152
14276 2768
28158 53923
54058 54150
13884 19792
32422 54696
17599 38353
21160 19918
54287 32382
18586 36654
22136 48488
35869 30373
37876 14715
8559 1759
37103 51854
31808 161
51663 10095
22528 17215
44732 19672
49956 41980
3173 54673
3011 41718
6526 30969
41038 8139
51373 42849
54835 43642
30120 57700
1068 27339
8143 11756
58392 32237
28921 45079
29919 42257
45 16040
28037 1865
13260 7823
45128 50117
8646 18168
42599 32313
19784 4373
10419 39249
17959 48862
6118 23709
42900 38081
23622 31490
16410 37066
5402 28579
24370 16903
43550 41157
42528 44952
10848 31198
3394 45499
25975 53627
41000 7838
20022 24459
47579 33589
45839 48036
49495 37701
15345 1150
57454 55397
42958 17010
5977 10673
46118 38120
6238 3835
72 9578
13987 20951
31249 30215
5108 45435
59316 8880
38908 23422
14824 10703
34043 3467
44564 17870
29168 23670
609 27494
529 41698
45587 23330
22517 3193
53551 18997
7904 19115
27677 34709
45485 41874
8663 5035
31307 33677
4642 12702
15005 50230
25105 41159
5855 12010
47892 50115
52820 6194
6713 39241
6764 49325
20536 10954
57988 35633
19612 21143
8987 20724
25083 54187
50690 55378
53305 44891
49359 52421
8726 19732
42047 17791
44377 44922
9363 45742
4484 45112
34768 23759
36916 6281
556 35024
39998 38014
42600 23045
10756 53957
28843 56895
23016 846
47346 8976
13963 33959
41162 18443
49039 24446
9921 51040
26982 31779
40376 27001
44995 22303
28993 10685
14238 6713
5682 14279
6585 10129
9176 32990
49313 14491
8072 54499
38639 12349
47842 52109
25168 36613
57317 40202
28141 45198
20612 54488
51845 34450
9164 34872
16239 46698
18152 36118
42246 46024
5522 49566
59401 52598
36268 7469
39388 27352
39323 30179
56893 5007
39820 7640
18673 53664
51051 8601
45252 1139
1758 31426
43150 22821
19769 58244
13465 45289
33932 23762
39776 9111
59836 56788
58523 28963
49011 39168
25674 56224
19369 50043
42348 22417
3577 11286
57584 46524
52022 19968
15686 1885
32433 48789
25290 53384
7389 7773
15800 14573
32741 8436
41818 45498
38924 9330
4654 45092
34622 14849
791 20148
23665 8215
20741 56990
8650 8534
25352 5152
54983 27841
37250 45274
27582 50006
23948 59544
35807 7322
44758 5095
11323 1233
58767 50771
30869 31737
50487 49633
4784 56354
1094 2787
38494 12869
4426 7066
904 2150
17183 51974
14139 43240
2611 33652
3963 38875
51727 3885
26082 30742
55906 7794
18776 16582
41195 2837
46703 4342
32837 19769
50274 58387
56570 674
59476 49451
45994 6325
26364 51274
55482 8113
41979 39440
58271 13462
35236 38510
40374 13109
10007 12110
18185 43949
5479 23039
20311 1918
56202 5950
33509 9540
13317 48903
52958 18179
10183 37995
35153 22796
21414 23082
25607 10523
38433 32810
41570 51171
50019 47747
54692 40171
58472 15849
44634 33090
42150 37371
4333 4479
20328 6495
45789 53713
28672 37889
47839 50020
15640 917
3795 34658
16023 14222
57190 46912
28475 12554
7602 18472
29713 11258
40128 49416
39901 35202
3607 284
57188 47537
43653 6468
48608 14026
43127 33043
48540 46384
11512 31111
7828 24017
831 45753
46393 38626
8993 12133
45974 28814
744 44141
10737 7034
32533 11853
22722 54706
34276 23254
33897 24879
51314 27794
53904 14043
47237 33702
16991 14913
10943 26712
24371 7396
8319 49900
49138 20597
51192 8102
17614 30534
48034 7230
7737 34061
50557 8908
1924 32494
21956 49957
59514 59149
28137 46186
17825 18893
34332 59866
4186 47326
17233 2662
46683 5391
37792 21504
41126 32356
5051 7584
32516 25218
29832 18587
33475 29947
23602 39348
3634 48246
32743 20448
37152 57008
10937 55122
24097 29096
10310 14803
16720 36302
59371 26692
6744 19045
37612 28047
44180 12373
47369 56804
7559 55120
14969 52589
48548 31174
33347 44508
58546 24081
2887 11751
806 838
16027 44182
3014 59900
30918 57259
23854 6893
58519 25977
9836 28709
11729 34254
2318 43159
36233 44337
52633 5571
46795 7814
59988 9396
42973 25875
27484 26256
14714 45550
21090 38703
57041 6667
27280 56560
47205 11058
20968 4241
17778 23837
54133 13048
5105 22193
37457 13125
24433 57253
7826 26496
32902 8046
44128 15262
3452 54927
11754 27834
14627 47527
52714 32710
33802 18253
3010 50124
26276 46760
4518 50199
30481 38137
18502 38906
50694 17890
20362 55389
55543 51741
5662 52494
36248 42195
29934 26230
523 23338
24178 31184
13152 43692
19110 55596
36950 59416
51414 31755
19918 33517
48469 18278
40811 9659
15898 50332
30404 29795
24136 7081
38778 8008
32333 58110
50634 32070
50849 32590
12808 15128
48003 41181
35820 8822
49839 1948
52165 57634
16065 48353
9868 3464
418 54416
26873 4472
1567 32646
58158 44441
35491 1754
22704 11738
41678 25077
55023 39623
45447 44513
55698 21428
55248 10010
96 19842
49738 40762
55793 57579
24660 6314
48371 49819
55941 5015
59761 43325
6813 49258
13448 56450
34722 50304
15609 32257
57473 56247
32246 30542
3926 57375
9331 19239
46639 43391
18339 32631
6097 32130
2878 33083
15170 17149
34063 55862
27071 58462
45931 53051
24412 35425
30046 35824
49015 1159
5565 50068
38062 2071
6264 28208
33124 7808
8750 25142
41761 29499
53738 20615
25845 59116
4905 29004
59085 30125
37213 2359
56863 2154
28508 11592
43414 36482
8567 59170
15518 51078
19116 19861
17105 46273
20645 10758
52483 32210
56939 28226
45923 8814
54520 20478
48193 46906
21382 25499
20845 31946
29672 50071
17823 7169
15310 37281
4895 44239
13285 59550
8921 43259
51114 36293
50473 44917
38320 35350
7142 37501
10185 30791
6925 31190
10773 36848
29463 10244
30544 57145
20581 3653
26642 25650
7913 17262
35123 32421
23481 56190
50485 24760
13608 56893
57752 44335
20206 23119
30366 50232
17368 18641
7859 21004
5926 56590
10330 1845
52927 38697
44962 2957
19938 8402
54159 54850
46184 24014
45671 22864
39539 53055
2644 48632
58055 38271
54784 1763
21483 50148
9721 40971
5978 22365
46607 24942
16268 6380
23314 28060
25969 22620
33651 23421
3209 26997
44380 23021
19585 3700
17051 43336
53746 16006
11395 16228
2037 58434
58889 42473
29636 20454
36435 38833
49027 5567
36053 45089
16375 4293
6208 19983
30281 56974
58998 22125
58730 11127
52024 1292
9162 55606
7960 21373
784 57842
4042 30207
54420 43108
51181 27688
14568 37228
55096 33736
12985 27602
53981 17474
56992 1338
24396 45611
44977 30783
41308 38535
42251 1458
5508 20744
38164 24756
38412 37379
16963 25579
53265 21131
4915 37522
1429 6405
4226 52975
12960 32006
42336 6558
29061 45277
53039 44245
8441 13495
6028 22018
59475 32554
53012 32950
21729 53180
57053 50129
2799 43738
30212 22253
3319 10921
11010 40294
37611 19630
28388 23812
53850 28574
47477 13223
25887 32569
32515 41645
1933 51587
55432 4937
44776 35117
27962 14030
11326 18833
23197 17378
14072 3116
12266 19486
18022 37587
18341 26348
29230 52731
9741 14804
2271 40932
55788 48686
40579 6027
40435 47036
16108 37893
42421 6209
58316 38789
32696 22076
27001 17916
36090 4409
31394 37122
3997 52507
5749 34804
18336 58154
25102 27991
57885 13746
59561 58121
56752 52144
42117 5025
52246 42700
34460 53985
16329 57897
41338 33073
52571 52700
35630 19655
52092 28372
1280 43481
25068 35387
51244 20536
57233 13113
23535 27153
31437 26366
35686 16467
51213 40958
31764 33776
22547 29703
55664 55603
32925 50033
21077 35886
25453 11836
17724 1220
11785 41147
1709 46094
20898 33832
39133 12226
14354 58500
1921 32716
53130 13957
51023 43307
18412 53996
3840 48642
52996 30625
30913 17560
34697 41808
23425 34913
50256 53015
38273 40267
15255 50405
10462 28425
6563 37102
16244 47620
43049 41076
15805 3925
17468 34228
34976 13150
53497 23874
51855 30310
48304 9683
3665 15754
50073 9862
14380 48919
59126 44913
52258 50170
56391 19679
23253 28534
11385 26887
11541 20884
15503 54409
38832 4223
20841 41546
57865 13341
48373 27030
45720 17494
23514 53983
38769 18812
1849 55736
46102 10525
45912 16807
23048 45014
37202 39403
36937 15476
9313 26599
36904 56251
57727 55826
57466 9828
53111 12578
32259 1816
35529 16095
20255 52236
11506 54214
32142 20352
2488 30420
5916 31811
57758 36689
15246 28583
39431 27658
14340 42397
1307 2426
56209 13238
31326 10444
55495 17873
56126 8942
40248 1910
13204 16935
52852 51752
8552 52661
22332 18205
46986 43167
11631 36092
52588 11534
21207 42225
3904 55526
1437 47349
9681 31841
38445 51265
46183 1305
9284 3626
50749 5501
7270 59717
34492 39427
23914 19529
4754 4167
24484 26674
46173 23819
57664 44019
25926 43086
38406 5919
6622 26011
22057 47464
56443 9212
21143 15470
8943 7336
57217 57077
58319 48135
28631 32785
51895 7907
41895 34208
31930 43531
42545 54329
20794 38039
11417 50798
56251 56435
36830 16503
45454 32536
40221 5915
51577 15603
23385 58987
14631 8014
43617 50672
38598 52868
53377 20540
11492 57568
24798 54548
20108 38295
48104 48316
45122 25556
19302 52812
56513 49046
11647 48757
47765 15463
118 27714
46007 55907
37542 9456
25664 7001
50518 11479
37191 14032
57278 17993
11933 28802
57793 26764
20855 16667
53006 38633
40068 3666
14477 32137
41920 59377
37064 24557
6823 45851
32518 7404
9218 57198
21704 35766
48847 27773
5100 59515
59695 44744
22729 16145
20940 18202
11003 51399
41694 9497
5815 23790
56887 31145
46463 46903
43911 59597
55758 53830
56534 20197
22004 1382
29271 42297
747 39703
59530 2282
13742 48461
59432 43400
45428 52360
4443 3584
22970 45265
16821 51695
51579 44014
7081 15708
47214 16580
84 36224
3156 25212
25293 20269
28720 41875
48011 45916
27503 23781
55887 53232
27134 56063
32315 7999
24820 35056
23019 15492
35785 28994
24599 25459
6648 516
54317 25755
31424 16747
51691 19720
37884 54810
42662 53917
49693 49589
45034 15432
14784 19492
59904 13788
29576 10501
4831 28761
52377 41377
2190 20787
19328 54743
1316 50250
20888 42234
17114 26627
6864 51729
57755 2221
22401 17960
11149 5250
24607 53950
10546 51083
47972 32224
4916 30874
35852 48297
55552 27064
22148 21806
38931 47015
40216 27681
31637 53756
46171 6580
2032 54028
28268 58086
42837 45776
10814 17103
39802 33184
28456 4350
10296 23060
3510 27583
6637 39461
21699 47791
13471 53309
12451 35896
26823 48352
58997 21416
36315 29705
47320 45562
47840 58723
35398 49937
17385 3415
43293 42034
18450 42048
19491 12042
15568 41298
6286 29059
3253 51841
25750 42016
37472 8919
36023 202
32175 26258
10066 54935
3573 41177
23648 20025
251 20561
28024 37737
5743 5390
19304 7264
53995 10344
43387 16359
40966 59114
39336 46765
31479 50306
13086 54436
6357 42545
1687 50015
55605 8526
11196 38930
41825 44942
19125 26891
5370 51947
59034 20933
7570 29589
20209 31351
51438 57423
26049 8750
30864 17084
32054 11370
43322 45054
55059 38865
5973 54184
42066 21469
35660 52398
25397 18468
12117 13020
24316 57337
24999 27165
24210 24092
12228 11921
55861 25789
2925 24729
17256 37382
57353 14712
30479 1359
17263 1506
14828 36604
17601 42409
36979 40109
4040 59230
9905 14989
49299 5832
45644 30306
43744 12994
6338 17157
56084 45958
43788 11060
22531 3263
52965 26283
35485 40502
27132 28109
49576 55234
38649 17050
14911 9782
36281 5837
54953 24113
25370 11150
53636 58937
58782 7691
27436 926
35096 47094
45028 34462
31119 28519
55656 50683
15444 29735
31213 54216
19586 44146
5175 32385
25874 7767
46813 54633
2276 54664
32906 13314
37436 12488
33871 53308
52459 51258
37453 17446
44403 18872
40651 56532
9664 32386
7883 25040
49624 8533
29429 28267
11330 13541
10956 39328
13887 14128
52984 54008
12631 18545
8270 47626
2797 44381
27747 12411
5136 27416
58410 11821
28534 26774
13233 57943
53908 9565
57770 1886
9692 19019
38998 17158
16901 15433
20956 40481
47652 29556
57087 16274
4392 55586
5704 38202
25435 44845
36462 55652
26042 30027
36180 5619
21374 677
18102 30729
34059 8730
30026 21185
811 45418
51548 55590
45903 54876
40833 13908
56365 46750
34247 25133
51229 46430
27499 27741
7375 48242
59238 39138
9807 16793
9713 4788
37133 6245
55618 36504
38187 3851
49702 3416
56769 21815
6923 15391
36877 30864
51089 23220
6619 39740
51495 43961
18750 52577
56520 39206
22536 46503
26929 49037
17311 53075
25104 59400
42913 352
31824 16624
37489 33066
39909 40610
31002 24966
56723 19826
11286 25867
18050 43992
26410 24308
9428 8667
40518 36672
39889 2696
44618 38043
45460 55499
26328 17059
2542 11133
59548 33014
21725 32299
45254 22229
15570 30677
3231 8646
48874 5876
31144 20796
17602 46548
24409 34762
1326 28373
22143 9293
53569 17066
52013 57072
19862 56445
20379 2895
18373 8381
32219 32717
45626 18416
56291 49010
6437 23632
14940 28187
8808 18542
19693 17251
48741 40170
57918 54368
50727 49910
54122 17286
21029 57400
17657 20514
47763 28559
27314 10813
58777 20680
42308 48292
5852 32197
12317 50049
28949 9914
13854 36417
54000 43085
26685 41724
48559 56603
31750 28836
49775 3488
33850 12382
59777 59204
53807 59913
3684 15065
33769 12003
51872 2351
55488 30819
4301 17055
20390 10719
46503 46266
33214 30615
26437 28602
8890 7604
51152 32435
34360 2674
37269 28936
57965 23365
11387 46467
12633 36757
13155 31799
56398 30000
16351 32309
2168 7373
29914 47171
3314 9703
23618 8104
46179 22912
13049 6133
17956 13352
56921 18620
53970 11840
30424 11030
33104 49148
26015 59480
41643 53909
8119 17878
44642 36913
2003 43460
57458 38383
24410 13920
32034 38244
38932 271
29236 34473
11639 50257
56908 37408
38462 11834
58058 27291
22922 5036
22561 16133
10717 57343
16952 32645
58713 44362
45145 6181
58446 21539
18683 1702
1799 18631
57682 44651
3254 44607
10677 7995
37504 25833
51107 24482
14046 38689
14507 6952
42427 21204
14753 10078
44414 1893
13549 5313
17635 30162
42703 46381
26838 43224
33639 31448
1315 29757
51138 41180
50304 17651
44709 38942
584 43124
31071 381
59689 21590
54405 59477
11351 43003
39397 40788
52486 29695
555 21294
14665 47943
16541 48125
39869 52235
52763 37301
20019 8476
46711 13853
46490 3191
42123 52531
18048 42182
27775 18544
24673 21180
22854 52308
56199 3640
57680 48746
14301 4635
30586 35859
19802 39472
44381 24995
34121 6066
54023 26140
40869 16723
26028 11667
38305 15734
6706 50521
482 26144
33523 5846
43409 1345
24526 13647
36796 10679
42425 25461
38914 51085
39915 26372
18526 18674
19561 42413
44854 49320
59014 42865
31572 58047
4184 7904
22039 19566
18120 32169
41983 52501
21309 28336
18146 48228
17115 52846
43000 20323
46603 44890
42695 39552
19582 8605
12345 23531
9826 43616
33902 6299
50167 24082
15749 56610
3721 13099
52785 32088
52584 29193
53087 25434
39324 31224
26483 17596
43289 36901
57227 39344
44615 27727
9171 5913
58866 49578
1669 27692
42953 53150
57025 24133
19373 40231
17002 12214
27432 28450
26516 41333
25446 27920
48283 6092
2315 2651
38210 33643
46405 22397
37490 30378
59751 44332
12447 14696
22490 42442
47616 44974
54935 46769
14573 10163
44979 32462
35038 34556
41833 41259
51440 42417
31178 34386
44032 5504
23495 19052
56932 30686
19674 28663
58417 5190
43098 54378
36586 31301
11871 57843
19254 9740
6397 8375
30854 57609
8385 19688
48557 16296
54418 56107
47526 28032
52976 19365
36637 37260
49999 3128
11998 36110
44546 5016
21997 2956
42890 33648
5853 7054
14566 33467
59902 27848
14637 27068
48773 6193
20126 30452
27557 43310
51649 47207
21714 37256
24359 53270
17077 16606
38376 23296
19271 16703
30394 38376
7719 5359
30838 50375
3518 32994
41576 1067
38246 7467
38032 48531
59423 43358
4668 30336
58570 11768
12750 51523
32800 11942
7853 25753
44611 2967
25014 5459
34724 27280
56506 46163
27074 19507
3544 20575
9882 38484
9003 47455
13127 55998
22458 49634
26817 43927
37317 29488
29988 40883
9387 56550
20735 17372
46903 22370
11820 53085
51049 12268
5297 13833
31955 12130
21800 5127
41356 48958
11589 39588
55757 16995
41583 44133
3802 56186
309 28430
57432 35021
17926 1175
13723 384
49886 25883
50695 7647
11050 872
37768 55719
50102 42979
10384 31269
32085 30158
51460 59757
50042 26549
51102 43105
5770 48775
8481 39446
55739 47574
28424 31898
41517 19845
28142 40534
54457 53290
28117 40419
31287 23641
25122 45264
306 44159
2473 45240
34982 44244
13069 25887
47885 52733
24452 19835
923 5744
21117 8198
49601 58377
34802 910
12490 12505
1175 7335
44352 53476
271 1042
41071 45616
48078 56716
16307 1758
14829 13713
45451 31531
22568 42509
20454 56492
8450 42582
6732 15846
25137 28560
32987 41030
38580 51775
20062 35297
10946 12512
4279 5643
53992 19721
56315 50445
19543 30372
19060 9711
29880 59379
47700 27649
34098 1430
39084 7633
34349 10886
22141 9990
28421 48417
45009 46046
8769 55726
22462 58873
32125 30900
23544 1287
49160 29460
12349 38354
10806 15901
53216 13195
54203 19323
1254 37319
14970 25673
14702 3338
47656 21880
8599 517
13841 6729
48109 41315
54842 46734
38647 56474
33072 27243
11075 32487
55401 48306
24025 37924
46604 39049
56753 47912
51913 36327
2449 19057
24589 54857
41965 58488
16764 26194
50545 31858
35045 33644
40838 55065
3185 47489
55357 56755
3144 44478
43383 53523
7086 31976
42833 15199
1294 46812
3162 57997
45204 34624
7589 1247
54480 27657
29119 37776
24921 20700
58270 36259
35867 4163
16564 17554
31091 42488
45998 27338
10036 31021
13468 7664
45561 32427
44941 40810
41309 42349
610 22726
19734 29382
27583 45713
43363 28589
6618 1364
43417 57260
34099 18876
17694 47593
40816 12597
39691 30753
55089 55674
8990 28713
27449 15212
6876 33269
33528 14399
47106 38513
40482 55430
7716 57083
18528 39460
7472 58256
51431 43055
6965 30702
32620 8596
13019 19228
57970 47383
13091 46622
50985 25584
17236 27320
34285 44113
13217 42763
23457 48142
46101 23610
26854 52165
19357 30955
10511 52413
2583 10619
35923 40754
32530 13580
13612 18512
45103 45266
31501 49104
21667 5649
15369 43717
180 31647
836 8461
44017 11357
5833 13074
7238 59378
37628 39699
43846 32256
32382 6613
9775 52002
5904 27262
51088 32357
33536 19901
4919 15383
56285 13726
47421 36493
6639 3084
16771 1189
42228 23514
15150 17093
55171 23400
19401 44364
17310 58192
58243 11451
3283 32996
6542 2096
57652 52876
11450 4173
2586 22134
19043 28222
23608 7470
52534 40473
44353 14857
20494 7910
27919 36831
48401 14687
7596 31875
6226 58720
49690 22304
3008 51439
59459 23282
9070 50422
43474 3059
42415 50469
56896 36506
21540 17531
23431 9908
28687 56931
40751 56321
17584 39603
48043 43876
6092 6826
24421 46295
53410 3305
22461 28694
11985 52363
7461 29959
57951 49530
26231 7270
29920 6940
17815 51227
25279 40015
