7297 31584
1640 22660
18025 25224
16050 9743
14629 36592
9145 3577
6718 764
35742 10285
5698 33133
38699 30756
27652 32496
2083 10840
1953 4907
6141 32221
14329 21014
15248 15788
33119 21686
39454 18230
1740 3300
36782 33223
13032 14596
35714 36078
27494 24815
14447 26430
29440 15401
38619 5167
18232 30088
426 29111
10464 37555
27697 29367
22299 5769
18211 32667
10190 29300
14111 20714
22060 7780
6699 32596
6079 1165
24899 6727
6339 26440
23527 27024
22542 2349
39566 36513
17336 35986
2848 12
30109 5957
35143 39598
8181 19963
24808 33315
5165 36854
36179 13557
19214 29899
23701 22339
37838 23813
12602 3557
4559 14610
3004 29784
14936 21757
18966 36711
5230 39319
15257 31008
6620 23809
24912 29658
18218 7473
29715 6386
23910 14533
10660 144
24261 22372
23284 23275
13731 19136
17497 35894
4680 34209
39921 24504
11216 6968
35006 3001
16044 10759
10709 32272
30295 9205
24868 26819
17692 7010
36501 16666
14393 12840
21253 12291
3666 7914
15011 25749
2104 14129
20674 29953
26291 12490
17547 22147
4338 7063
13827 27163
37171 3048
20623 38589
13935 8076
32718 29525
25929 29976
30072 38622
9364 33044
17360 8824
9151 32692
16163 285
36790 34758
35323 3184
17220 36257
38312 28365
28078 38347
38243 31650
26176 11614
23724 37917
14374 11381
9066 8414
33393 6787
32344 25390
5958 39358
3088 39726
7186 21093
10017 33038
10485 25210
27667 27438
39087 39912
4164 16269
25217 17931
25010 26075
39053 22470
30675 19279
34677 29678
16477 8741
36257 9056
753 27050
7508 39488
35191 33574
17487 19590
22294 35902
7311 20573
19235 36280
28493 14244
10366 13166
29736 13744
213 19044
17262 22630
32807 8695
11709 11654
33272 33024
6974 35553
19559 21128
33271 7564
39910 23085
13036 36850
24505 31482
10588 38195
35349 37398
34758 27360
38 34990
39253 18739
21244 27682
32022 837
1277 34258
7332 6978
23789 1657
20154 24961
15693 9525
3797 3478
15786 3710
37183 13101
5162 17497
5614 10548
31850 18784
4536 16421
34912 9597
8242 4066
8415 19343
31149 13370
36032 35467
10822 2118
17371 23507
34582 29662
39754 6717
27731 36824
13881 14701
35344 36784
13183 25487
20429 15572
26149 33484
24473 18851
28712 3079
33920 25008
29589 25399
7931 27301
16247 20491
14726 36185
4197 3526
22157 850
1379 16472
38556 13310
36302 29037
15081 14782
38565 24101
14433 38561
472 35823
4653 39544
3859 12876
15004 12682
4418 19280
2059 29414
21655 11628
4644 4881
33696 12254
15598 11390
18251 33676
31813 7822
14041 24721
35340 2664
8672 28083
37424 18292
37763 36478
30977 17318
15926 8525
30997 10547
26678 38273
12479 16713
6182 370
6353 21664
28250 30562
23220 10146
27760 2618
26942 10074
30607 21144
3551 39118
6450 3333
3973 19737
26387 32149
22237 37531
7162 36056
16296 23468
12557 4777
12466 20832
35147 34433
29401 14416
9187 12051
27649 34119
12026 4469
18255 33105
30319 10445
16372 27259
4941 35592
29042 35196
36067 26439
6417 6026
3316 22899
35428 14497
968 13983
6113 21751
15492 21697
10900 23646
26635 19240
31827 14317
31547 34767
14009 31121
26283 36788
3843 577
10790 7519
24837 22676
142 29208
25587 15752
17381 15980
29820 2614
18695 21033
27723 24994
36423 7431
31895 25289
10145 16816
12446 35405
19446 18536
14268 1620
3833 33874
37958 24574
35534 33706
3995 33341
20553 29201
3747 31904
3287 2874
38285 19428
31247 12617
32955 20993
34808 33679
10318 5397
3728 6289
33282 10971
5251 35257
12179 34945
4491 481
38997 4291
4454 13814
15415 13971
26462 27801
7857 6811
37335 13473
16136 35243
37941 28524
38963 4727
2605 10077
5373 1557
27475 30096
38252 21740
37043 2483
34262 5736
20734 4801
17090 11665
13387 16510
20591 36575
15643 4617
17408 37681
25939 14919
8578 16951
19661 26715
29965 25431
20721 29565
4755 26506
611 28379
30035 20736
36897 1107
6553 25527
4802 7754
35235 35051
13970 387
33154 4145
8681 38379
22873 2983
4509 4758
16010 23443
24218 32954
18677 6956
10339 18995
28717 19750
35601 39752
19826 5670
34665 18450
513 28684
36347 24997
19621 25895
6789 2020
8801 31064
17333 10245
7565 34962
7015 14410
10188 8938
17849 25625
18466 35765
39639 19332
13804 9443
22472 19534
13343 24454
17301 731
33123 36276
32017 36378
16458 9266
3330 8077
6049 2738
18133 330
2890 37534
233 39103
21860 25827
8574 35203
17168 35883
10590 5579
28957 19969
36155 13767
28029 22535
36760 13877
634 27044
4932 33591
9769 9336
35756 10549
2362 12059
24197 14470
38176 16564
36211 12736
9706 7512
28167 11886
8353 37179
2742 3565
20203 35970
23898 30230
2615 36023
23450 4794
13768 19049
16354 4415
6737 16430
23179 6436
36693 12938
26633 38050
10129 31929
15515 21683
10650 23406
11604 8403
27021 15371
1625 6557
11755 18687
21771 4575
26983 20827
16264 31842
17486 29534
10434 21519
7085 20033
25071 38285
2538 9988
30848 37065
14578 37150
13080 23888
30167 20732
22916 28070
20001 11052
14916 317
14610 20527
1551 16134
12657 14518
26114 28582
21513 18133
18259 23560
4550 8802
18293 21730
23013 31455
33385 30334
26194 29187
35142 23511
21703 20020
1809 31915
7560 36155
17119 7133
11703 11520
38050 39756
17398 5373
2508 18391
7105 9176
39097 35299
28480 12874
22655 17252
20558 5012
28600 4942
39729 1221
33517 33239
7579 2045
25245 38135
37788 37939
12458 26551
16694 38669
2909 13944
28578 2403
111 36150
34074 17080
35288 35617
12913 35369
23870 30940
28266 9741
4586 23975
21640 25723
20573 14635
8168 38641
19682 19071
33235 8775
20270 30455
26765 32842
21377 33451
26372 5935
19377 26004
36334 23847
8342 32911
12573 695
27555 15656
24848 10869
11406 33695
37297 9200
19724 29244
26613 10435
35910 11741
27 37117
19915 37082
18804 9582
13775 31687
28174 23515
38010 2649
39759 14341
21119 31959
30474 15188
28953 4120
28978 17325
14006 24212
33501 15337
31011 2806
11121 13552
5558 33941
18599 23675
33781 25435
21967 30781
6121 29796
15393 3044
20344 2616
14723 21239
13051 6765
9657 34169
1601 17924
3029 17257
16047 37922
31139 35675
4773 37367
29847 11394
27161 24685
37728 24807
12743 23941
25165 38515
32400 5102
26192 33861
15990 16488
9672 24664
364 14608
6986 33841
27863 26598
14342 23128
11527 22613
33945 31907
30445 31596
3292 433
36531 32889
16332 9108
7954 28830
29915 10854
8739 15073
30451 5053
34809 33721
36630 18404
39024 13862
20795 9847
29005 12250
33082 10313
27967 23739
35906 39455
29224 7755
10431 15096
31109 27173
29496 21642
16987 7428
16204 31557
18174 31380
34164 31394
31759 13809
15680 38719
17997 10568
28828 26929
5078 1472
18726 15970
15368 2828
17808 8382
22011 37585
20953 38821
35400 10560
5281 8830
9069 33597
9885 2569
15156 37505
25103 9625
10015 3665
14022 10902
4210 16926
27189 11799
26713 33859
21685 26572
35561 39280
30535 36937
27249 18577
4081 5620
13556 14195
27535 29439
25525 39750
38279 30895
1281 31567
37729 11179
24929 14377
31260 26921
387 39377
23053 9353
19570 38185
25559 11920
27461 33477
35273 17336
35792 10992
39535 22458
14454 29719
31997 39095
14381 38706
17888 4512
28563 15062
31828 24787
1903 25262
25485 8665
22029 7116
26498 1086
10817 13262
30631 34257
8365 33054
35005 27512
1768 9802
25823 39683
38791 6312
36988 31187
1777 39310
5502 2559
28090 34828
8894 32987
30258 7702
11910 6108
3296 31605
17050 8542
24845 39550
21454 35343
13872 79
29800 28279
21421 34213
22119 27570
24847 24274
18236 2847
27628 34723
16533 28113
5368 15040
30823 31597
1271 24985
35352 22972
3414 38604
22936 37757
14695 6404
4497 27885
2639 16681
2034 31270
16206 15238
13066 5494
1336 18565
9987 39210
15634 35634
8273 26782
31036 16896
7497 12388
36961 359
14285 467
30477 37879
16794 34246
24176 7723
10997 34064
39708 472
39797 24578
7507 13463
10733 20703
20385 26795
37925 23742
1683 6986
20445 10144
37736 27924
24597 38363
25996 16623
12998 17125
4981 35135
38804 27759
15916 37007
6679 23963
19765 18060
39349 26048
7934 13350
37089 27082
2692 36183
22755 36541
34914 31620
28075 11713
24286 24263
4520 36641
33159 36367
22363 31704
830 16632
27529 20097
32126 37857
6917 22568
28412 26092
23737 9049
30130 7805
10027 15059
28541 29269
11544 10604
34194 6572
17701 14055
35270 26252
31687 22180
30466 36083
28546 3412
38829 10535
17590 25501
21123 347
16089 5970
5680 30912
18280 39338
29544 28533
15982 5777
30456 4200
37346 17242
39999 14534
24838 24304
22047 5246
1881 39914
32395 2475
21301 25188
11918 26257
31953 34145
13902 18775
23254 39156
16932 3766
22305 11487
18328 32399
39070 28769
18106 702
36425 13220
666 33958
33858 18744
12522 12763
5611 2203
15818 39290
26636 33460
32020 33805
36385 15183
15750 11108
31202 2364
32167 23576
29372 15680
1131 19
6099 10319
19284 5692
14523 18084
26503 26178
15946 23143
20068 25897
38113 38410
24185 13128
31016 33931
36273 1008
34795 4497
22529 5910
27886 36019
36071 18645
21679 36643
23057 38204
29737 22813
17755 22773
20095 18122
16476 14831
15109 39739
7908 12749
12622 29804
20680 26474
7836 37678
35119 305
12134 17112
12553 11472
14181 26682
31733 33177
18121 36611
38640 4744
34383 32976
39112 19285
18547 22281
6589 7669
12722 33639
19415 16889
14909 35253
23651 37677
11760 16394
19810 29018
928 24713
8296 36908
17978 31696
2983 15944
3574 22261
36265 30072
19146 30194
8276 38459
32171 1793
6724 31587
804 7620
37622 16897
18635 4428
30763 25079
31374 14443
28867 15069
22329 20692
12083 27029
3368 23141
16547 33850
31309 35105
7477 638
4283 17259
26261 16270
32228 18828
4856 6096
37816 26145
3514 22413
9944 4983
9778 36344
36887 11698
19913 31232
5583 20570
16266 23170
7763 14324
36574 37599
27275 17635
39736 11979
39068 12463
14791 32703
34248 13086
29525 15392
29015 15864
19488 17394
38570 15022
28104 13289
20014 16365
37266 23333
3948 10224
39953 6992
6504 7857
13618 5144
13830 32288
17344 435
5321 35487
10293 2770
15720 31608
11392 24327
36176 20672
4920 32267
10259 37652
176 18005
26773 32166
38917 11985
30797 33498
19088 18368
2140 26076
15171 14556
18882 37793
18529 8405
29756 3549
4665 34455
15298 27734
17338 31348
38653 35440
12965 2135
27862 32931
7522 22760
35689 25803
14734 11456
9765 29963
17409 7889
9322 33962
3909 30152
10874 20687
20160 552
37304 775
18915 13812
28781 24867
8150 38077
30717 6603
19929 21328
26379 23698
17842 17020
32799 12266
35389 35951
32362 17227
28689 15542
5272 17656
39193 30891
2613 22486
28314 23982
21124 12053
39565 32688
16409 27784
1696 13798
5986 27466
15003 24400
37697 23926
38478 26254
1360 18326
17663 29539
37765 11790
2637 37448
11482 8595
30835 37742
34011 14980
28982 6546
18230 17692
11895 15454
38361 36395
28567 28326
32226 24962
5980 12850
30803 9559
22804 9801
26762 30998
21844 639
21041 11575
6856 27625
10540 32742
21615 8813
26978 33883
32472 34996
18889 31892
26245 19664
36052 16448
2405 36841
29808 37214
5772 3127
20613 26110
16542 6487
21187 10705
7598 3935
26489 14121
33725 31231
76 29482
35560 21933
30277 17025
27083 23657
3553 23614
12294 36724
33977 36536
23710 16890
32670 22554
28970 1300
3383 26986
13341 7946
17502 23010
35994 39688
8587 13039
18877 37805
28713 35288
31767 11439
7958 18653
1892 23273
39904 21306
15683 33453
10380 31949
20366 29291
36100 5139
897 24974
36193 18778
26739 30393
6109 9493
7436 10983
30242 22112
7699 27645
10091 37463
32662 26528
19128 4676
33350 5185
17920 10617
27230 22520
31622 14957
30948 20545
15974 20767
29936 19095
36128 17530
9480 39675
25139 25917
12492 17777
39281 29157
33309 23801
8947 38465
4576 34141
18105 29511
27194 27132
22275 10966
33276 12052
17510 1514
169 8195
18537 15377
19567 16492
38466 5248
38006 13801
32090 10939
9739 26021
29265 6751
35297 6263
31742 4181
22619 31011
21787 35943
36171 3528
35615 1728
24721 26019
29842 34340
21089 5456
12364 6812
15651 17201
37474 10177
25099 5526
15307 25549
26921 20275
2861 15032
20853 16214
24985 18624
25303 29043
9969 8285
32462 8604
2427 34521
8274 11181
32919 1873
38679 2304
21758 23386
6578 21313
28856 31206
6535 30618
34469 35428
29946 17853
1006 35950
9448 29154
26869 8855
10117 11603
4904 38721
30769 39164
17369 29921
22188 36962
26050 28507
5264 34306
21533 34983
34972 20294
24905 22753
20753 31566
31979 35368
35457 14886
2353 5870
4485 28958
15386 20177
18834 23972
5924 27015
28441 17027
6452 10206
6587 19895
29077 692
10903 7
19626 34297
1898 8933
3015 22537
21259 18794
3678 30750
19227 35069
23493 546
24566 32240
28226 31266
9541 19636
16004 599
34811 28210
27005 19197
11801 39126
11141 15153
11474 474
5176 35928
39944 24488
15784 12359
32616 26984
38218 36737
9380 28647
15217 25871
30222 16378
16645 10701
30119 25541
16734 24797
616 14457
30491 17235
18851 5192
35822 27672
10354 15700
4841 33857
28950 17817
22647 18657
38508 34862
19606 17618
27808 27061
16391 12321
29940 4487
19800 11955
13056 8954
25212 18979
31668 7233
6990 29842
15546 29673
24994 17835
37482 32244
23525 12307
37671 1272
19391 9972
19349 3253
1438 35060
25940 1451
17989 12186
531 6703
3215 18489
39742 17642
32554 28733
18757 538
15082 15258
39785 5912
23090 9876
14353 966
12461 32348
16426 14234
8964 22408
6368 27542
2584 20420
20247 32663
28890 24340
2187 30389
37983 2080
23912 21644
8613 5258
5907 9575
19341 3673
21412 17466
27231 25718
11511 4679
13160 35599
8662 30812
35351 11902
23977 12596
34790 16390
32886 827
17861 7993
10784 16316
16841 25219
31579 29030
19343 16199
22199 2197
7548 13054
30693 30202
4935 6158
9225 34154
14786 13661
26045 30988
36525 25502
23972 20455
5919 21173
25859 10395
913 2765
17332 36018
35165 34140
8100 8005
29805 16602
24156 31538
17182 19584
38310 13024
24971 23621
24345 3414
7101 14273
15324 7401
30899 15465
1641 28454
36793 21268
21497 988
39983 10969
14508 18095
4143 38319
30427 7842
19805 25940
26759 15932
7647 586
9161 2753
2972 38082
2439 31148
19947 39074
32285 10158
7611 5865
6370 16301
15388 10335
35229 32763
8891 5991
25471 22179
29730 3936
24315 3918
35403 23300
27468 10088
38492 35151
10127 7039
27190 8247
6490 31972
32070 15249
26747 20758
18334 36593
2145 22762
24284 28752
14239 12647
29058 1400
29144 24758
15474 23473
23769 2588
6512 31805
24074 28673
35683 36637
23507 19315
3969 35569
26093 32119
18081 12438
12440 37140
8006 12231
29801 35627
6008 22785
13901 21213
39135 30697
1400 18044
3315 39236
21857 36342
15963 10509
8253 4514
37001 34809
13449 10160
36321 29451
13577 19378
38430 35495
14153 24060
15270 29759
9671 48
39059 33159
186 24841
18172 12160
9483 1227
8520 23861
35404 15650
16427 21018
11436 4152
7205 35322
1690 25395
8638 12444
974 34346
23478 32608
15594 36141
38592 10102
21219 18556
1035 21142
11420 26857
17392 21105
3435 7240
8308 6309
27589 34289
34478 4370
7449 2869
4166 8505
31212 11708
29379 2050
23727 13244
33636 7016
38907 31810
7147 12558
29623 6472
33020 2086
14520 37422
2842 25468
34174 32107
19768 34461
30019 38686
2042 16774
3987 3217
31391 24010
26321 14466
27937 39712
7076 4645
32131 858
29070 13680
4817 32205
5295 5241
21110 30675
39866 3979
9722 23654
4305 36571
8271 27260
18024 24188
38363 3821
35938 17421
21312 34670
24963 2665
39151 4613
34771 19917
19327 5108
29735 14150
33132 34045
39678 6365
28194 6634
6500 15140
7499 34843
36133 25254
14092 12417
28186 12657
29594 34485
14975 16303
27120 37358
22213 11725
29721 36597
26132 36579
27263 27210
6232 6915
20484 37786
27969 23460
20482 30063
16705 27989
24531 6823
10004 10933
31082 11823
4400 36043
5979 26317
5595 33076
6110 22120
28304 10367
6329 39317
24422 29034
8528 23090
36463 20654
3931 36051
38435 21277
36805 24362
36811 28220
21604 21198
8011 39873
26923 15776
23174 36907
27718 35759
3372 14020
20477 24581
23046 36061
6790 16652
37875 23594
33254 29649
13943 29328
10141 26024
31601 13
14697 2272
7093 18644
22946 39044
36456 1069
24089 33923
7530 8853
18257 19782
37625 431
14822 19683
28123 14542
36764 14079
36487 20638
1721 1423
39912 18086
17528 36285
11824 33507
17910 36460
20250 37400
22271 37462
23005 10140
401 6180
11889 2474
9389 30171
37115 23309
26266 10231
4561 9071
9298 17367
2010 24058
6014 38153
34766 16375
14099 15270
24655 16794
27515 19681
29731 6024
22341 37388
10316 26202
24252 37295
20424 14250
37198 5060
39075 21280
5568 31624
3448 11332
10197 32000
10317 37764
3262 6250
5347 39010
17833 19687
29040 2450
27789 37768
31829 25006
39786 21915
27144 22802
17903 28463
14128 27298
33578 7900
7460 14859
22622 39473
28175 750
7268 25067
18563 3548
38872 19975
31892 34366
34534 2699
20213 20927
2977 35385
14452 37023
25904 9803
39278 21420
3591 32926
504 14471
13398 10040
19754 3311
13844 25748
8994 29204
16746 39003
18970 37700
21504 33078
7864 5904
507 14555
32597 28308
28224 18992
11515 25843
8467 9701
24918 8664
34904 22032
32786 5410
36617 31186
23211 37450
4724 3232
26023 35924
2773 26162
28589 17207
1229 5576
30131 26118
5103 32888
20517 28475
37733 8545
28134 8839
37579 31518
26505 36655
27374 12984
18974 31973
7549 25908
26545 37443
1367 12852
21285 36777
11264 34358
30153 16138
23715 15881
5776 4696
28621 17450
6938 28185
28553 21196
38593 37750
26244 5872
34339 7375
5155 27105
25937 27758
20335 23939
22251 22827
14521 12484
21828 21020
11019 22579
5006 38921
33456 1587
7473 19977
34774 11093
33421 22920
12708 28981
22897 9557
23010 28867
9680 2942
15485 15302
6738 13087
9598 24499
16776 5624
12929 7365
11371 3575
39479 15929
10019 9679
4939 18854
11610 901
32383 22497
30406 7293
36945 19997
37977 29496
29420 30880
36995 1491
21182 21750
20719 13698
9894 35259
28821 13886
4476 13357
30732 35811
28981 34293
19846 16952
18002 35967
38760 31656
3682 9264
23065 1206
33249 24682
4863 38208
20343 34525
30261 2850
29617 16742
2465 11163
3729 3940
24166 18614
18814 13153
5029 17779
5918 3479
38934 30472
33232 547
25198 4365
30325 25471
38033 17781
36328 23608
2689 7071
29474 1251
37465 19169
12337 25332
21072 15150
39650 24950
31171 33328
32858 6528
9887 20674
4055 31763
29526 39132
6784 34837
22508 12218
5527 13034
33067 32811
11309 30015
2566 36746
16237 1409
28798 2606
34346 34696
34259 19984
39965 21861
10404 32109
23849 25782
24436 10290
18540 1205
25390 22727
26790 23063
22176 23291
39184 19814
3432 15480
21932 32851
4320 18080
21607 4064
6194 16888
36567 25374
25334 1932
18622 36369
16515 18363
39499 14784
9855 9943
21848 22400
5342 25746
38191 8996
9269 5754
22926 25049
20332 34126
25688 14905
8451 27351
5553 15753
20289 37546
24687 10011
21528 27949
8376 20473
34498 39674
6125 21581
27749 29437
33325 35536
23713 8636
1195 13551
23764 9082
20242 38079
11814 35479
14038 13259
22396 9052
31869 20251
12584 34329
14847 8864
9016 9513
10155 37018
5058 10358
19386 20808
6629 4445
35375 36526
34507 34929
2474 7759
22071 12068
8589 20815
39142 9537
24689 1933
10110 20886
10634 27135
11852 26952
10849 19881
28684 29033
2864 17944
26927 9959
23875 12317
15567 6998
29112 8621
18674 12108
29421 1717
15336 17490
34997 39689
15675 37162
20282 15134
30738 39084
12716 15217
24107 1710
37384 23545
28875 5209
30257 31235
18467 8788
25027 32921
32959 39631
34568 30721
27438 24508
10621 12058
13088 25393
39628 32208
9071 31055
16385 9013
3420 10734
31496 12666
24328 14830
36343 2113
33811 26778
8171 984
18682 17686
5497 27070
10507 14586
17878 13293
29447 13407
33644 4335
28671 11605
6011 28789
14552 21293
29566 29986
22911 16174
1748 28021
27191 26534
3491 2742
25983 39842
32900 24929
24508 20507
15452 25832
25308 37483
5349 38916
24571 35138
14716 34422
1848 2524
20886 34122
6494 7165
21974 29597
9572 29944
9018 2780
2511 16104
18801 33994
30963 35250
9096 25927
30744 2573
29400 36550
345 25389
5193 33825
1246 3231
16773 12443
14134 19083
9799 28807
35967 26086
34589 19960
27739 18738
7287 30235
15574 10911
19737 27687
7986 19296
3130 33881
15627 9322
27514 30382
29958 29603
4117 5928
7266 32812
32757 7417
39108 11782
35131 38368
1078 35810
33776 8868
37687 25761
15856 27104
9410 21199
19089 29550
28131 1633
103 11723
23123 29733
15766 38687
37400 13234
27301 29799
12276 5911
34308 10748
23633 8097
4436 5977
34476 7482
35657 29452
33268 23786
36317 5591
1333 25172
25589 33533
30811 10480
2854 24818
25355 36068
24465 24944
16624 2878
1065 11200
23403 21968
4428 37061
22597 9837
15803 10625
6794 9477
38136 3363
21792 27498
8744 20190
2906 20285
23089 29246
35784 18926
11475 11843
30450 7705
31362 8623
11946 13295
8838 232
4136 16588
29995 801
2424 30058
19232 32613
13212 32680
2871 35619
13073 377
2747 39845
20683 32340
20322 15590
33777 14214
26099 38592
35589 31177
31025 29737
16602 26880
2400 28959
12525 5204
18751 39402
23395 39329
3133 16038
21754 35871
17906 18227
8158 36540
24119 13608
28637 3206
26216 12114
28819 9717
25340 3609
22220 22874
12244 2407
32520 9528
32606 2126
24075 37886
34032 39537
17480 19559
5415 21700
27821 5748
5173 3214
28221 7137
39483 27326
11827 11682
35749 10574
19253 18638
21051 38992
5248 37506
21491 36843
19376 37944
20087 23606
39494 6104
27926 19615
10922 21157
29092 24155
23039 24835
29304 4435
2776 28006
23106 36076
28505 4255
17994 19192
3760 30856
4918 8818
26622 7997
23810 17985
33626 21576
2041 34541
9358 27117
39818 34384
2281 13753
4407 13701
15467 3814
24008 7164
23734 37446
25091 34666
37175 5746
2123 31698
39656 39635
10056 18822
29487 27988
24312 39902
24381 20742
29095 17018
5039 37693
37613 23191
9024 8501
34699 36873
24049 32532
26086 34060
20604 32620
18265 32277
16359 11791
7435 39939
1699 15252
12193 19038
32706 12685
33931 104
25362 7747
36810 1572
7718 30467
17156 7729
17059 13588
29247 27174
14063 2982
18716 21876
32192 22915
13119 36728
8038 13916
8896 741
4854 13186
29626 18457
11316 16674
29171 4446
5754 20171
20945 19680
22769 33207
4256 36045
36045 21229
35532 402
19030 7461
19658 21843
10323 25956
11410 37285
23691 1909
33342 11511
14696 12716
13172 21661
9102 22148
32377 31399
1723 31097
23652 2331
36309 8897
37505 31556
24177 10184
30632 30188
36153 35191
8505 21962
5651 30309
4309 27129
26094 3672
31370 34150
34452 19618
26922 37025
26833 20677
37677 36385
4834 35120
8214 13649
20777 37841
4861 23174
29490 4340
30529 9785
33906 18381
22579 2043
8411 22227
36131 24592
38522 35015
11926 10877
8457 37420
28353 39695
32956 25531
3632 12281
8138 39007
33955 7658
10029 20204
19932 20612
10791 2073
10615 17793
21146 27124
14777 5689
22677 32575
34007 15575
18616 24353
5169 29617
16424 19834
12865 14165
17987 34413
8204 19813
34963 11470
6123 7356
32937 24525
11052 2451
38785 13245
38054 6069
10106 29084
11220 33161
39659 1635
22127 31632
36938 32772
2700 10098
1860 12466
5324 22290
2980 31685
37800 34317
17345 20340
13816 21453
37496 9391
27302 6440
1985 33827
32640 8698
35755 13448
18984 2396
19799 30106
31651 25401
16049 34233
26614 7592
19493 270
29724 20381
4783 2886
3927 38948
10360 5707
28810 30598
27239 3024
31736 6757
30438 34117
13371 20479
22295 1474
9416 37851
20486 20457
20927 21030
22635 13144
26131 12619
8570 18781
33750 18131
36809 34884
6959 20916
20914 28909
15843 7711
30571 17869
8030 9786
17530 10322
29465 17934
16248 7502
9233 1000
6345 36676
3317 33690
19020 6710
25176 13539
27403 35556
16271 22959
10467 36004
21459 20873
37860 17764
20495 9278
12441 37624
10443 16045
32655 11225
33734 4669
30594 20407
32687 22200
20221 29075
32596 3325
1519 1901
5902 30851
25772 3307
33125 6943
29966 25140
15777 5644
14100 25685
38231 11730
23128 39068
3189 38847
3313 29219
18439 23307
32434 20477
39159 21780
30841 12986
18727 34963
35173 5148
536 30520
7045 37211
28242 8638
8778 6090
26428 30689
23983 6375
2966 29858
26253 20342
3353 30501
37374 30838
36820 15185
12757 14667
23759 9419
18914 16912
4819 23820
25320 25696
33047 12017
29515 21649
36036 21284
18332 29707
7787 31950
8433 1984
6337 4284
25815 31152
24458 7399
22223 23033
36559 31369
23961 30228
9455 11194
13046 18499
39484 22847
33366 39613
26306 37663
32774 8349
2970 33289
2551 6746
8981 26588
21827 7012
31048 21357
34035 36448
29950 4649
9761 19800
39732 34915
33785 30211
21494 26268
20876 38702
25753 27096
19611 15636
38911 15971
22045 35911
33248 10422
33405 31613
34888 25154
32103 4330
36892 22330
19648 13648
31123 38730
1091 28256
24141 28532
21709 37173
7184 22427
27299 35687
38254 15477
20164 11344
1747 5105
39120 37631
31103 7493
17402 38809
37911 39065
37856 30338
14913 21324
3366 36379
38242 6400
31487 29178
11175 11546
34357 20188
24917 26595
9685 4562
15873 39208
2070 7127
37524 39087
7203 24833
12504 21458
1242 32395
28904 4030
20559 5934
27446 14262
9925 9105
27064 38062
13363 9616
26895 9780
32888 29687
30908 34817
4082 19104
9050 25558
33993 37876
13589 29306
36759 12824
21303 13479
31351 20749
34438 19644
24696 37374
20563 19959
11350 28491
30125 22562
34940 5852
22435 38190
35801 533
23219 33452
17326 26490
39982 8360
31732 4091
12601 24198
16156 35972
18285 3482
36575 56
19563 36703
14737 23544
19505 7190
18941 18495
13585 2044
32048 15417
20778 28293
31445 38677
22860 25839
36733 20849
17922 25087
18861 26610
7988 25007
37584 28521
35599 35725
24884 13843
25857 11365
9600 31122
19036 9115
2757 12336
5180 36401
22700 25205
28992 23612
16807 27344
31397 10111
14024 18906
13243 8228
17769 8801
36833 761
17801 4702
8997 1030
7159 9437
38459 31897
15682 28622
15890 8899
3327 5549
34803 8993
14790 27254
15260 29887
3441 39612
6567 27899
27087 11784
21647 29780
30960 33386
6590 27796
9010 36180
340 29495
36068 25213
10351 23286
26668 14795
31176 12177
31291 27838
13072 39622
18825 487
21049 32648
18705 15516
3878 32882
5863 17646
37627 26925
15219 35794
35072 37772
2445 24050
27387 2193
11521 2482
2382 37235
26018 31672
32466 24156
12211 38029
18971 31558
2456 9312
608 34499
19556 18313
37222 30471
39504 33879
7033 5128
21958 34299
18650 39982
29777 5797
35606 16072
34362 30963
32370 5118
8795 35337
33045 37987
30673 20480
17881 3459
12637 22515
7383 35064
21672 707
30076 30728
16861 29756
12203 33598
924 30752
22093 37616
19335 21727
37211 27592
12660 23129
11502 19309
26575 18954
28030 10978
33770 2316
21492 39167
5685 19928
26270 36944
6252 17069
12110 4026
9216 31010
21208 37890
16257 11081
448 37543
17091 3383
25138 19121
15436 1790
29278 18797
17498 31770
21603 5408
19789 8312
38173 33135
37545 5038
750 18210
17142 16519
23564 8687
15487 18414
4072 18037
7748 16840
30501 931
20107 7311
10468 39573
26570 11444
32934 38783
20381 9905
7695 29272
19336 24234
24088 11495
14474 17122
14361 31780
8754 11850
31339 34563
10040 2169
29818 22469
39698 5532
24486 9508
27253 39030
35995 10103
30857 32503
35227 27063
14314 25112
16218 15595
39048 28848
5366 10964
34440 13819
29279 37864
34615 22615
5119 3561
36974 17328
7354 7602
4048 3443
35891 10984
33128 30410
13249 26133
37533 31211
35171 19751
9821 31213
34102 34900
7618 15314
13462 24891
32036 25564
5960 31103
33448 17212
29196 34764
3647 778
29717 18927
8648 25036
33637 20689
27226 34751
29937 2689
36957 6381
3784 34819
36622 23189
30303 28298
20197 17865
1427 21953
25949 17717
16677 17504
198 6441
14281 16735
37901 25635
4787 30220
2969 15847
27768 38583
22580 12775
4179 34076
35466 22113
3949 11792
4524 20531
30938 35889
2080 694
18815 556
26796 4454
11796 784
8876 6403
27549 34424
24541 6810
25067 29226
29396 23037
24740 14380
24619 18567
5260 16509
8716 12654
22792 2231
7775 1554
11697 3728
35210 38938
25760 14210
34659 39282
8346 7982
14595 7863
228 5662
1490 39629
19554 8514
30344 24639
35681 37098
27796 12109
34861 7265
24857 12076
15052 16603
16221 19305
30188 30603
22686 4963
10167 29717
18065 18114
12353 27983
7396 21195
2112 16865
27476 10615
1026 4850
15773 18173
13506 4089
4410 25088
6613 25467
38925 21801
2201 3937
29258 16924
39177 17346
3191 11661
16039 28874
2900 4549
26363 32226
28768 13152
15358 39997
35374 25732
3700 11695
9184 32248
33024 7107
18958 9429
15347 35431
37756 28263
20900 14313
37846 6964
39186 28940
21016 16974
15526 6770
19777 2285
34161 4779
14487 4615
27104 37444
19694 16424
18033 29222
36486 1230
38776 32618
11478 9756
27998 57
36429 2480
32482 25591
3073 17462
22572 9936
24980 21616
34372 25647
20889 37660
27285 243
26756 33777
9780 32158
19654 31336
24672 28578
12051 26471
35254 4595
31033 35398
15793 14802
14769 217
19710 25194
9461 31593
30345 7944
3777 37175
36857 35082
27046 23523
27297 21853
36523 19847
34734 26255
8788 3618
25456 5942
16712 23944
13326 35038
21645 22287
5182 5273
29478 30123
24319 19003
6060 13312
35104 36339
12484 2578
3378 25177
17594 12518
24719 19587
39648 25566
39514 31884
2592 5562
4770 28704
12332 9172
36625 2340
14223 12655
31418 1663
13690 38860
21822 15630
19870 32063
1005 25479
13882 4129
12454 35426
7689 20168
31387 32748
15899 34993
39611 29446
13403 1076
25994 2428
15685 22236
36182 3674
21078 22133
18551 26576
24948 7746
30557 13873
34974 34284
23545 30040
23570 35165
33608 9762
32590 37969
30541 15269
6463 4721
20987 2417
13313 9280
24295 32041
20508 1250
27128 30882
2997 3002
36866 15905
14502 8555
9564 942
1063 11289
36262 3275
38276 20142
37955 6377
27367 29897
19346 11187
9989 38735
12858 4192
21619 6969
15075 7483
24894 32581
37342 38993
16105 14456
32723 4136
36087 13281
22123 27933
16865 22109
32023 26347
32152 21250
30201 7917
11026 37747
23081 35776
11093 9001
9173 21076
35819 13975
32003 2988
12062 38869
35530 11368
3850 21988
34338 4144
2217 17950
4872 9257
3180 27208
419 11014
27027 24244
9011 36269
15168 10814
4455 28749
9898 15968
600 38142
14335 2668
33144 6552
29886 24651
24459 10339
3962 1025
31973 31914
1031 5291
434 417
34880 11759
26958 5842
777 38911
1097 18595
34696 27278
18006 31196
35111 8317
18789 13511
1124 9378
32914 17757
28219 34282
11749 29519
7014 27003
6313 11440
34367 2466
9759 39078
12579 11797
34502 32761
16543 19740
23229 22797
17520 27446
26012 300
5179 36551
24449 15443
26610 12577
30081 7701
37028 34748
15939 6271
14802 23718
19660 35372
5284 33263
2077 14371
6128 30423
26561 13639
24856 18116
36222 12696
31196 7385
620 31092
11232 32606
5419 11556
32759 10471
28437 2826
21711 3541
37084 23868
6250 18682
34614 13736
2789 28487
15058 16475
13856 21909
37145 29698
31163 2839
17767 6844
3052 3438
4873 35217
18375 11527
36931 1905
2157 31789
20611 33745
1027 7607
38472 4644
9450 15421
26103 29152
5043 38844
19614 37996
10647 21363
36960 27464
15760 13026
37139 21345
25504 15078
35427 7218
21741 21374
25156 14928
9172 6427
5140 15540
32820 27040
22667 13105
3520 24611
6402 14462
28646 4819
15214 30867
4982 38345
22322 31747
39661 3562
39034 28565
25999 9499
21390 14167
1942 39940
17913 29819
29528 11670
32153 25385
14952 24477
23319 8940
36244 29999
24604 12725
28302 23501
12173 17675
38396 13253
24909 22013
5617 8337
19358 2104
16152 37269
4818 3910
5377 18390
17562 8946
10108 7282
24904 30510
10111 30054
25535 27409
20754 11220
23639 22517
6983 14409
5998 19344
341 39560
29147 10276
23588 11137
17680 37888
6700 36226
8684 15054
5722 5668
12281 26981
28245 34195
29416 32062
36503 14185
36356 38770
33584 31031
26742 30328
6770 18296
1722 951
5874 28057
23195 16165
36322 16242
6100 21450
39121 28459
39194 37976
21262 14576
25247 9763
809 333
19127 27380
25415 2899
5551 2626
36670 30845
15909 33045
37484 2204
34152 34808
11114 31410
24952 6423
11109 29652
9100 32460
17624 15763
19735 5446
17591 36602
32318 815
4147 26649
10959 14288
28487 23489
18086 19385
27598 15668
19645 5947
31735 1044
5042 31444
23667 19978
16496 30100
16161 37381
32493 38251
38916 1600
12816 29809
30007 30394
7011 9085
8880 26566
19967 12121
444 24276
25933 30429
21773 90
24897 4634
21597 21818
28851 34795
21938 2144
38955 19438
8922 27912
19690 17681
39533 35550
13164 37699
31393 13576
11642 5306
26100 22001
20916 3593
19101 33734
32179 23855
37741 3380
15888 7273
21358 25098
24646 23960
18370 30498
25752 2679
23922 23959
7464 24015
36953 36621
13095 4392
38813 36750
35759 13417
11792 21950
1764 15640
30253 35366
13740 7443
28735 31359
19093 38019
4533 13750
26814 14775
9122 21002
19847 23116
15862 17522
16560 33002
10102 27718
24707 18163
4848 3570
29431 4153
39187 24433
31408 22625
38158 29650
26268 31866
35021 32864
33202 34517
27414 8042
35629 30813
2410 34859
23563 34922
35187 19154
5570 29621
7168 24127
16269 4301
23266 12344
10902 30008
2904 5722
36912 5255
26190 25604
21732 11719
28211 18899
6944 5043
692 7168
16957 10799
14550 18085
33468 7342
34000 9697
36569 32528
38045 9864
37699 13387
14486 34124
29215 1488
24519 19214
25634 27299
30348 35484
38574 8653
9880 31058
22608 22722
1610 27534
31639 29089
6852 1408
19362 19105
27262 12391
5627 4126
7607 1445
9285 15226
22829 34054
20441 37926
22484 22466
29841 21385
13558 31861
31650 38887
22827 34745
31206 35945
6398 29181
28716 30016
29652 19929
20901 37176
4403 8648
19679 20087
2929 11255
7543 17040
1481 14863
10772 31736
15986 24373
33817 18884
11433 3102
36170 9722
10495 29880
21692 10903
36691 10538
27943 35083
30282 18694
15195 11946
26546 11493
12089 10059
12216 15592
28321 7663
25925 2697
1914 20751
12932 37653
29464 8289
38811 28895
28152 17067
25483 24227
292 12092
14077 13446
13487 36864
18242 2274
4101 20772
6669 9696
35186 24440
12253 29389
23973 35381
21364 10656
12916 34973
29987 19764
7469 7962
17194 1634
32079 26514
34585 32730
20540 30019
39124 20986
25470 10228
25726 282
38470 35793
7487 33254
22802 21711
23068 19370
11307 31059
19494 37600
38678 9640
5555 37044
8779 28974
20525 22197
7725 7361
15636 31391
7665 2627
11997 9138
9265 36108
33478 7660
25459 20191
27410 1626
39088 26322
9036 14442
25147 29228
27725 23423
12174 6061
35218 21389
11354 3607
36367 39856
10936 12790
18930 38236
9195 34501
12262 14559
20617 18215
29557 12827
23530 1478
629 5479
31760 35286
8948 29194
12788 5727
25163 33541
36804 25849
32439 12744
29089 32144
32028 20825
10962 39530
5418 39655
37054 33526
2023 23663
14453 26055
19143 28026
2143 24225
18013 25305
14736 24434
35233 799
18919 18655
11024 22605
29972 23027
37071 29202
32461 36768
36027 5741
33477 14136
7420 29113
37534 27238
7485 29000
17557 18916
35594 10735
24043 27777
35524 27145
2727 9147
28926 38482
35806 39187
14323 5642
6712 9414
16223 13618
19511 19873
2113 31105
17224 34427
22845 21982
5701 4333
28775 38711
7694 24627
15529 434
13755 26835
38531 17913
22979 27166
39995 11462
28061 36426
10878 30286
9125 37219
13542 8974
13563 13059
3891 12191
37361 25020
22992 18971
34884 36299
18422 32152
39116 2768
35309 19792
11035 38353
21211 19918
19179 32382
18962 36654
37535 30373
17521 14715
33713 1759
6241 161
8886 10095
26975 17215
3886 19672
18175 30969
8316 8139
8697 27339
16363 11756
9585 32237
21109 16040
16224 1865
25737 7823
32078 18168
9318 32313
37843 4373
17611 39249
27147 23709
24588 38081
29622 31490
4950 37066
6102 28579
26402 16903
33792 31198
18234 7838
24188 24459
29799 33589
31985 37701
21450 1150
38140 17010
163 10673
6105 38120
30045 3835
23477 9578
4151 20951
35025 30215
26065 8880
14276 23422
28158 10703
13884 3467
32422 17870
17599 23670
21160 27494
18586 23330
22136 3193
35869 18997
37876 19115
8559 34709
37103 5035
31808 33677
22528 12702
3173 12010
3011 6194
6526 39241
30120 10954
1068 35633
8143 21143
28921 20724
29919 19732
45 17791
28037 23759
13260 6281
8646 35024
19784 38014
10419 23045
17959 846
6118 8976
23622 33959
16410 18443
5402 24446
24370 31779
10848 27001
3394 22303
25975 10685
20022 6713
15345 14279
5977 10129
6238 32990
72 14491
13987 12349
31249 36613
5108 34450
38908 34872
14824 36118
34043 7469
29168 27352
609 30179
529 5007
22517 7640
7904 8601
27677 1139
8663 31426
31307 22821
4642 23762
15005 9111
25105 28963
5855 39168
6713 22417
6764 11286
20536 19968
19612 1885
8987 7773
25083 14573
8726 8436
9363 9330
4484 14849
34768 20148
36916 8215
556 8534
39998 5152
10756 27841
28843 7322
23016 5095
13963 1233
9921 31737
26982 2787
28993 12869
14238 7066
5682 2150
6585 33652
9176 38875
8072 3885
38639 30742
25168 7794
28141 16582
20612 2837
9164 4342
16239 19769
18152 674
5522 6325
36268 8113
39388 39440
39323 13462
39820 38510
18673 13109
1758 12110
19769 23039
13465 1918
33932 5950
39776 9540
25674 18179
19369 37995
3577 22796
15686 23082
32433 10523
25290 32810
7389 15849
15800 33090
32741 37371
38924 4479
4654 6495
34622 37889
791 917
23665 34658
20741 14222
8650 12554
25352 18472
37250 11258
27582 35202
23948 284
35807 6468
11323 14026
30869 33043
4784 31111
1094 24017
38494 38626
4426 12133
904 28814
17183 7034
14139 11853
2611 23254
3963 24879
26082 27794
18776 14043
32837 33702
26364 14913
35236 26712
10007 7396
18185 20597
5479 8102
20311 30534
33509 7230
13317 34061
10183 8908
35153 32494
21414 18893
25607 2662
38433 5391
4333 21504
20328 32356
28672 7584
15640 25218
3795 18587
16023 29947
28475 39348
7602 20448
29713 29096
39901 14803
3607 36302
11512 26692
7828 19045
831 28047
8993 12373
744 31174
10737 24081
32533 11751
22722 838
34276 6893
33897 25977
16991 28709
10943 34254
24371 5571
8319 7814
17614 9396
7737 25875
1924 26256
21956 38703
28137 6667
17825 11058
34332 4241
4186 23837
17233 13048
37792 22193
5051 13125
32516 26496
29832 8046
33475 15262
23602 27834
3634 32710
32743 18253
37152 38137
10937 38906
24097 17890
10310 26230
16720 23338
6744 31184
37612 31755
7559 33517
14969 18278
33347 9659
2887 29795
806 7081
16027 8008
3014 32070
30918 32590
23854 15128
9836 8822
11729 1948
2318 3464
36233 4472
27484 32646
14714 1754
21090 11738
27280 25077
20968 39623
17778 21428
5105 10010
37457 19842
24433 6314
7826 5015
32902 32257
3452 30542
11754 19239
14627 32631
33802 32130
3010 33083
26276 17149
4518 35425
30481 35824
18502 1159
20362 2071
5662 28208
36248 7808
29934 25142
523 29499
24178 20615
13152 29004
19110 30125
36950 2359
19918 2154
15898 11592
30404 36482
24136 19861
38778 10758
32333 32210
12808 28226
35820 8814
16065 20478
9868 25499
418 31946
26873 7169
1567 37281
35491 36293
22704 35350
96 37501
24660 30791
6813 31190
13448 36848
34722 10244
15609 3653
32246 25650
3926 17262
9331 32421
18339 24760
6097 23119
2878 18641
15170 21004
34063 1845
27071 38697
24412 2957
30046 8402
5565 24014
38062 22864
6264 38271
33124 1763
8750 22365
25845 24942
4905 6380
37213 28060
28508 22620
8567 23421
15518 26997
19116 23021
17105 3700
20645 16006
21382 16228
20845 20454
29672 38833
17823 5567
15310 4293
4895 19983
13285 22125
8921 11127
38320 1292
7142 21373
10185 30207
6925 27688
10773 37228
29463 33736
30544 27602
20581 17474
26642 1338
7913 30783
35123 38535
23481 1458
13608 20744
20206 24756
30366 37379
17368 25579
7859 21131
5926 37522
10330 6405
19938 32006
39539 6558
2644 13495
21483 22018
9721 32554
5978 32950
16268 22253
23314 10921
25969 19630
33651 23812
3209 28574
19585 13223
17051 32569
11395 4937
2037 35117
29636 14030
36435 18833
36053 17378
16375 3116
6208 19486
30281 37587
9162 26348
7960 14804
784 6027
4042 37893
14568 6209
12985 38789
24396 22076
5508 17916
38164 4409
38412 37122
16963 34804
4915 27991
1429 13746
4226 5025
12960 33073
29061 19655
8441 28372
6028 35387
21729 20536
2799 13113
30212 27153
3319 26366
11010 16467
37611 33776
28388 29703
25887 35886
32515 11836
1933 1220
27962 33832
11326 12226
23197 32716
14072 13957
12266 30625
18022 17560
18341 34913
29230 28425
9741 37102
2271 3925
16108 34228
32696 13150
27001 23874
36090 30310
31394 9683
3997 15754
5749 9862
18336 19679
25102 28534
34460 26887
16329 20884
35630 4223
1280 13341
25068 27030
23535 17494
31437 18812
35686 10525
31764 16807
22547 39403
32925 15476
21077 26599
25453 9828
17724 12578
11785 1816
1709 16095
20898 20352
39133 30420
14354 31811
1921 36689
18412 28583
3840 27658
30913 2426
34697 13238
23425 10444
38273 17873
15255 8942
10462 1910
6563 16935
16244 18205
15805 36092
17468 11534
34976 31841
3665 1305
14380 3626
23253 5501
11385 39427
11541 19529
15503 4167
38832 26674
20841 23819
23514 5919
38769 26011
1849 9212
23048 15470
37202 7336
36937 32785
9313 7907
36904 34208
32259 38039
35529 16503
20255 32536
11506 5915
32142 15603
2488 8014
5916 20540
15246 38295
39431 25556
14340 15463
1307 27714
31326 9456
13204 7001
8552 11479
22332 14032
11631 17993
21207 28802
3904 26764
1437 16667
9681 38633
38445 3666
9284 32137
7270 24557
34492 7404
23914 35766
4754 27773
24484 16145
25926 18202
38406 9497
6622 23790
22057 31145
21143 20197
8943 1382
28631 39703
31930 2282
20794 3584
11417 15708
36830 16580
23385 36224
14631 25212
38598 20269
11492 23781
24798 7999
20108 35056
19302 15492
11647 28994
118 25459
37542 516
25664 25755
37191 16747
11933 19720
20855 15432
14477 19492
37064 13788
6823 10501
32518 28761
9218 20787
21704 26627
5100 2221
22729 17960
20940 5250
11003 32224
5815 30874
22004 27064
29271 21806
747 27681
13742 6580
4443 17103
22970 33184
16821 4350
7081 23060
84 27583
3156 39461
25293 35896
28720 21416
27503 29705
27134 3415
32315 12042
24820 29059
23019 8919
35785 202
24599 26258
6648 20025
31424 20561
37884 37737
14784 5390
29576 7264
4831 10344
2190 16359
19328 8526
1316 38930
20888 26891
17114 20933
6864 29589
22401 31351
11149 8750
24607 17084
10546 11370
4916 38865
35852 21469
22148 18468
38931 13020
31637 27165
2032 24092
28268 11921
10814 25789
39802 24729
28456 37382
10296 14712
3510 1359
6637 1506
21699 36604
13471 14989
12451 5832
26823 30306
36315 12994
35398 17157
17385 11060
18450 3263
19491 26283
15568 28109
6286 17050
3253 9782
25750 5837
37472 24113
36023 11150
32175 7691
10066 926
3573 34462
23648 28519
251 29735
28024 32385
5743 7767
19304 13314
39336 12488
31479 17446
13086 18872
6357 32386
1687 25040
11196 8533
19125 28267
5370 13541
7570 39328
20209 14128
26049 18545
30864 12411
32054 27416
5973 11821
35660 26774
25397 9565
12117 1886
24316 19019
24999 17158
24210 15433
12228 29556
2925 16274
17256 38202
30479 30027
17263 5619
14828 677
17601 30729
36979 8730
4040 21185
9905 13908
6338 25133
22531 27741
35485 39138
27132 16793
38649 4788
14911 6245
36281 36504
25370 3851
27436 3416
35096 21815
31119 15391
15444 30864
31213 23220
19586 39740
5175 39206
25874 352
2276 16624
32906 33066
37436 24966
33871 19826
37453 25867
9664 24308
7883 8667
29429 36672
11330 2696
10956 38043
13887 17059
12631 11133
8270 33014
2797 32299
27747 22229
5136 30677
28534 8646
13233 5876
9692 20796
38998 34762
16901 28373
20956 9293
4392 17066
5704 2895
25435 8381
36462 32717
26042 18416
36180 23632
21374 28187
18102 18542
34059 17251
30026 17286
811 20514
34247 28559
27499 10813
7375 20680
9807 32197
9713 9914
37133 36417
38187 28836
6923 3488
36877 12382
6619 15065
18750 12003
22536 2351
26929 30819
17311 17055
25104 10719
31824 30615
37489 28602
39909 7604
31002 32435
11286 2674
18050 28936
26410 23365
9428 36757
39889 31799
26328 30000
2542 32309
21725 7373
15570 9703
3231 8104
31144 22912
17602 6133
24409 13352
1326 18620
22143 11840
19862 11030
20379 17878
18373 36913
32219 38383
6437 13920
14940 38244
8808 271
19693 34473
21029 37408
17657 11834
27314 27291
5852 5036
12317 16133
28949 32645
13854 6181
26685 21539
31750 1702
33850 18631
3684 7995
33769 25833
4301 24482
20390 38689
33214 6952
26437 21204
8890 10078
34360 1893
37269 5313
11387 30162
12633 31448
13155 29757
16351 17651
2168 38942
29914 381
3314 21590
23618 29695
13049 21294
17956 37301
30424 8476
33104 13853
26015 3191
8119 18544
2003 21180
24410 3640
32034 4635
38932 35859
29236 39472
11639 24995
38462 6066
22922 26140
22561 16723
10717 11667
16952 15734
18683 26144
1799 5846
3254 1345
10677 13647
37504 10679
14046 25461
14507 26372
14753 18674
13549 7904
17635 19566
26838 32169
33639 28336
1315 20323
584 39552
31071 8605
11351 23531
39397 6299
555 24082
14665 13099
16541 32088
39869 29193
20019 25434
18048 31224
27775 17596
24673 36901
22854 39344
14301 27727
30586 5913
19802 27692
34121 24133
26028 12214
38305 28450
6706 27920
482 6092
33523 2651
24526 33643
36796 22397
38914 30378
39915 14696
18526 10163
19561 32462
31572 34556
4184 34386
22039 5504
18120 19052
21309 30686
18146 28663
17115 5190
19582 31301
12345 9740
9826 8375
33902 19688
15749 16296
3721 28032
39324 19365
26483 37260
9171 3128
1669 36110
19373 5016
17002 2956
27432 33648
26516 7054
25446 33467
2315 27848
38210 27068
37490 6193
12447 30452
22490 37256
14573 16606
35038 23296
31178 16703
23495 38376
19674 5359
36586 32994
11871 1067
19254 7467
6397 30336
30854 11768
8385 11942
36637 25753
11998 2967
21997 5459
5853 27280
14566 19507
14637 20575
20126 38484
27557 29488
21714 17372
24359 22370
17077 12268
38376 13833
19271 12130
30394 5127
7719 39588
30838 16995
3518 28430
38246 35021
38032 1175
4668 384
12750 25883
32800 7647
7853 872
25014 31269
34724 30158
27074 26549
3544 39446
9882 31898
9003 19845
13127 23641
22458 25887
26817 19835
37317 5744
29988 8198
9387 910
20735 12505
11820 7335
5297 1042
31955 1758
21800 13713
11589 31531
3802 15846
309 28560
17926 35297
13723 12512
11050 5643
37768 19721
10384 30372
32085 9711
5770 27649
8481 1430
28424 7633
28142 10886
28117 9990
31287 30900
25122 1287
306 29460
2473 38354
34982 15901
13069 13195
24452 19323
923 37319
21117 25673
34802 3338
12490 21880
1175 517
271 6729
16307 27243
14829 32487
22568 37924
20454 39049
8450 36327
6732 19057
25137 26194
32987 31858
38580 33644
20062 31976
10946 15199
4279 34624
19543 1247
19060 27657
29880 37776
34098 20700
39084 36259
34349 4163
22141 17554
28421 27338
8769 31021
22462 7664
32125 32427
23544 22726
12349 29382
10806 28589
1254 1364
14970 18876
14702 12597
8599 30753
13841 28713
38647 15212
33072 33269
11075 14399
24025 38513
2449 39460
24589 30702
16764 8596
35045 19228
3185 25584
3144 27320
7086 23610
1294 30955
3162 10619
7589 13580
29119 18512
24921 5649
35867 31647
16564 8461
31091 11357
10036 13074
13468 39699
610 32256
19734 6613
27583 27262
6618 32357
34099 19901
17694 15383
39691 13726
8990 36493
27449 3084
6876 1189
33528 23514
7716 17093
18528 23400
7472 11451
6965 32996
32620 2096
13019 4173
13091 22134
17236 28222
34285 7470
13217 14857
23457 7910
26854 36831
19357 14687
10511 31875
2583 22304
35923 23282
32530 3059
13612 36506
31501 17531
21667 9908
15369 39603
180 6826
836 3305
5833 28694
7238 29959
37628 7270
32382 6940
9775 39955
5904 6677
33536 36863
4919 2751
6639 33247
16771 6909
15150 10948
19401 7738
17310 13461
3283 23701
6542 10292
11450 19145
2586 33155
19043 6508
23608 10112
20494 23838
27919 21929
7596 9030
6226 8060
3008 13232
9070 28778
21540 27247
23431 432
28687 16078
17584 31043
6092 22369
24421 18793
22461 33098
11985 11224
7461 5586
26231 17434
29920 24408
17815 27199
25279 23636
31343 16086
27640 34712
10931 27638
7410 14955
8685 9044
3844 28104
10447 27094
6797 26825
27265 30065
38716 23710
31633 1951
37287 29005
11880 9542
24888 652
23502 33905
1889 4561
8563 5557
31660 22172
31990 20632
7402 26323
26954 10770
28881 28448
3013 4029
17146 25774
20594 2431
34395 9893
37029 37655
14680 3789
22171 34065
34020 19381
34283 27480
6242 26346
28368 36282
16291 19945
