14593 16229
3279 6257
36049 16352
32099 58817
29257 39055
18290 684
13435 59395
11396 44431
55303 30946
4166 69900
3906 30650
12281 45920
28658 39217
30496 37295
66238 18347
3479 49502
26063 68114
54988 32458
28894 13793
58879 42972
36464 67693
852 25239
20927 47353
55393 59548
44598 12844
36422 19210
20380 55797
28222 54009
44119 10741
13397 12092
12157 8152
49798 55691
12677 17048
47053 62424
45083 28153
34672 58480
5696 10234
60218 48405
16362 68978
49616 52790
10329 68020
38428 51745
47401 34563
25204 65383
9117 55499
6007 57683
29872 64166
37931 54647
10459 21345
30513 18920
13239 66295
49824 16663
36435 63540
59430 59994
47820 16959
21320 67265
48521 69356
46567 15475
27461 27872
34994 59695
9359 62044
22432 4274
32088 20558
21418 48410
60590 15567
49736 53559
35383 14462
28786 15843
42505 48443
7332 37958
30022 5280
4208 68522
41348 20094
52582 15433
35094 48689
8676 39968
27654 49082
41246 39749
27870 38533
65436 63692
51857 3668
60143 18727
18727 18631
34719 55281
18302 6377
32326 39999
34439 37157
56156 28257
52351 23997
47448 64068
28747 274
18132 16034
66785 45699
64687 8856
11916 5857
6176 54733
14372 63069
20034 40594
20970 59294
55334 44280
8327 49455
50433 62290
50020 17408
61349 18157
69353 66161
32954 60416
1505 58974
15015 58862
34974 19528
44588 42627
14622 11707
38470 53691
56986 50756
20731 30517
59471 51826
426 44434
34523 6006
65613 58078
23417 36357
66543 11604
13948 21708
39118 3252
66541 40482
26072 16225
20033 11162
49010 25222
21175 6931
69515 68388
75 24825
42488 62369
64043 65882
2553 2447
14663 15766
47577 69712
40307 23560
31386 2487
7593 36040
31572 26976
10323 32151
11227 58227
63700 11095
9072 69933
69823 42000
16484 52665
16829 5897
62297 64419
21644 3050
34742 44559
69164 57281
55462 23660
27761 54387
26366 3154
40858 69194
52297 41600
48945 50071
57423 33709
67840 11931
59178 15027
15861 13020
32494 22041
29452 37402
8393 18879
44314 23943
2758 33497
30162 11748
28865 20215
943 40213
9306 53383
7717 22177
30008 7722
8835 42637
4118 23785
43310 3562
9288 7668
67392 39063
31196 51111
36501 12943
63625 41949
28081 18673
17343 54110
61954 42496
31851 33808
61994 49220
53355 15856
24958 6800
12364 26550
12705 31408
56499 30998
46439 64616
55520 66667
53884 66116
61214 50470
7101 15084
12900 35297
7945 7948
52773 41725
44474 60926
14323 53357
32592 8580
25113 63462
24932 3789
58801 53412
18374 30637
55297 2441
24051 35280
36510 13306
60638 32286
32743 16459
9881 39927
58083 53314
12834 58456
6631 10999
1935 65593
12225 26668
30983 18661
21799 48930
53270 22045
63654 32134
63093 55543
28017 59211
52566 5478
7686 132
21580 60903
49673 37913
283 21940
51174 72
34761 7888
59639 63202
37389 35823
55445 32885
63789 49828
20290 46062
24891 27887
38891 66890
28535 36873
7666 5962
7990 21158
41105 9167
7493 39406
6573 11760
62494 51814
65910 16119
69616 18305
20636 36630
7456 56619
66563 27637
10501 66168
24357 41721
8982 44910
8908 34258
30829 59339
52924 35785
15714 32235
32272 42158
5210 44779
10746 27607
54949 60267
68523 43052
41468 2081
34180 17528
26773 269
41181 62460
31286 561
34815 1256
51877 22746
17155 54155
39322 64092
59930 51484
41442 10637
9509 10162
1221 4057
60069 58351
13105 16177
9603 46268
27939 49333
66308 46920
17362 50693
45746 23225
9017 1106
32019 16354
48435 60647
37354 48560
20677 25296
57434 58272
39652 1228
69330 29036
1026 2593
39241 36849
13578 46901
17602 25102
34665 11793
15130 39739
14030 28987
20375 30705
35698 64725
36931 47580
27608 4823
44943 36800
26686 64598
34601 27406
66245 936
64033 25702
32915 51916
6659 14542
12098 36353
55519 65579
36266 64752
5779 22345
465 25398
43720 23007
17147 8567
34336 16810
21179 8527
57913 16703
56058 34030
1268 29880
14664 68562
9863 35957
19537 25147
4723 3031
48394 69854
19411 33151
56334 59498
16705 257
5483 55983
40405 6798
47796 42337
5230 56695
46899 53331
27536 35919
32707 15954
13474 67934
46358 61157
53265 64956
20258 47379
31030 67798
21300 5698
23207 29432
54041 6156
3249 36430
23510 55059
43541 69785
53965 58834
32528 41451
34971 677
20867 51362
14169 25508
50141 43871
5076 10723
61695 3326
29155 29574
26159 55551
60333 9758
45831 32766
40002 25806
29832 21559
29220 43153
3102 40738
25314 8238
52228 12679
43026 3654
36518 62911
9100 56617
36586 3149
46026 43818
66769 32822
52387 32395
43405 14135
3618 62073
15119 31243
34238 44670
23406 7135
34796 43725
5015 68115
14209 31031
56960 9557
45310 57479
41115 12540
57200 58518
67034 16362
15158 11212
50489 7955
24915 4371
33387 49466
5818 41063
57155 8524
222 16717
68147 8127
25826 57924
47740 7182
56532 39515
9172 56603
43280 8624
41146 13347
16335 7313
39364 6843
66470 38656
40539 49999
53529 52650
42754 12561
52744 53885
38753 30555
16684 1391
25145 59430
55109 50322
49696 60845
22811 56113
39447 13275
53226 44515
54 3405
39830 59517
37607 67793
27550 43018
56347 25229
42238 14157
60947 13460
57906 1611
57955 8854
28011 25378
67001 16513
62022 66703
22242 33592
11115 46582
37197 55183
67562 63098
43934 58278
12241 24370
30785 31871
40688 18046
29445 5777
26101 7929
19314 16736
3202 40851
6058 57128
32093 67257
62278 46891
9546 40789
59693 19088
54322 19322
25486 61542
50329 40459
64800 44945
52384 38151
31980 48344
19343 1060
727 67854
13971 18954
55725 7513
28684 31115
23054 66468
67890 7158
60890 55321
6583 45065
32663 25613
15907 26264
59830 26380
17478 8966
60902 44768
69617 24820
41589 62355
58009 61264
66163 43404
55934 43996
58447 39274
20862 54880
62217 43073
58992 21271
33973 13743
32407 59547
36348 5531
68328 65003
63518 28758
31359 485
35993 29233
57655 30183
10156 61150
37451 27937
30736 31329
35615 63013
44021 43453
41905 49272
10562 26912
18137 52470
19770 24150
30312 882
50206 47556
20029 1297
28044 9665
8419 46909
54378 3935
53425 15099
43370 18665
61070 38087
54497 57726
8162 25481
27111 47175
55070 5755
51050 3891
2561 26100
49858 25930
62519 37238
773 22826
46106 28698
39140 34341
51117 22844
54922 44541
28907 32240
63994 23402
28761 25689
35775 2818
57126 23079
63655 34314
3805 13264
50969 2752
44058 17989
52995 49667
21633 14545
61262 44353
16729 27557
3535 39987
51646 59796
3553 31477
11004 48450
56180 48805
17787 22461
60516 69066
23820 56849
6591 8570
34100 15532
49690 18932
42907 17144
27743 24857
59599 25125
42841 69804
44237 49571
49693 49055
36472 41675
55256 56301
33066 32054
10736 6055
61645 24786
2541 38560
6827 19473
45871 42950
29390 32398
8994 6981
5277 36710
4068 16576
32412 66620
26131 64093
2672 27426
19974 10671
31267 61692
16545 8504
62071 21946
14994 66666
28570 50872
60953 66737
33587 49056
48352 65351
21993 68013
15013 60853
21466 23462
40769 42183
3366 49006
40889 68876
49193 63347
51991 64854
25996 62097
9962 35172
31831 52553
13357 4798
39530 27159
15867 28774
5384 26608
45509 59256
69828 30722
56149 51892
48572 28652
9039 40108
66318 55709
44726 49426
1659 20606
55058 49035
64252 33362
13834 11110
56823 17607
47473 11014
60259 38673
20053 58263
57081 68003
23087 46082
68387 30170
35401 5393
63373 60982
60932 67144
57092 44090
35180 55851
42246 59134
32178 61283
11360 56690
36560 53603
59088 48171
31964 65214
60911 41553
49675 35786
44093 50119
3762 3240
64790 23537
42601 57893
23835 30644
63905 34816
27803 9947
46508 47068
33863 10803
44609 38604
36656 65768
36212 67213
1331 10245
67716 36232
25043 29851
11222 12899
31636 15544
53272 9352
64039 47217
31500 5018
62403 26255
64333 43747
58744 25775
2261 43155
12197 32772
38567 39678
29046 35975
53006 24988
31891 18071
40136 34228
48369 1119
62032 39253
69589 36943
45057 45434
55772 52929
43358 53184
46113 1559
59474 61867
35510 67194
40190 19567
32952 52102
30218 29830
15815 29744
25243 27509
41360 62186
15671 30635
24268 67611
25106 61439
28362 60477
63465 44651
36242 11256
68766 41036
37094 24622
13177 56203
25444 54748
38830 27471
29817 57499
47302 58979
23520 3946
39619 49113
1855 18213
16592 16823
35955 40052
5966 1269
7147 65510
38291 46487
16552 44542
64341 29556
13447 54939
1608 55800
37269 52871
61525 39275
62747 42740
57734 3047
44658 4222
24165 18237
6735 20145
33093 43287
62617 51235
14954 49981
8565 26766
52522 51202
64455 8351
9711 50651
7027 24686
19888 62231
19556 14240
39825 43102
11165 59184
32531 39931
15526 12222
54549 22469
29582 13673
68495 23284
49857 4203
59050 64044
58029 3518
38975 24471
56208 26084
40027 9109
7895 50580
13007 37201
27236 26987
27660 30545
34688 38156
10642 68734
20586 9173
31440 59594
22783 7531
9839 48320
20518 67965
351 1448
53546 22522
59049 42831
61593 53853
38176 51263
4279 20583
30341 14516
37763 16927
37057 54843
59511 62686
9330 9013
30596 50987
34676 27064
25929 17031
55724 26959
15044 40601
29467 56650
19529 20812
34817 40674
18644 26605
9360 65861
7817 60157
21748 36103
40320 26438
37829 976
57561 18703
16300 58423
61434 8385
39858 52329
52758 32354
35684 68926
65598 43109
64723 64351
57378 60320
10544 5123
5225 11942
56627 37738
42248 59810
32817 45454
3391 38988
11971 51261
30006 22955
2720 54402
35326 32655
5274 23538
22963 56634
61670 60009
68022 50419
57964 24045
36459 12522
23789 51584
57133 5724
64452 31418
11960 20701
61606 35885
45608 38259
53524 8749
43688 28477
42082 64683
13711 53908
21080 15890
43229 48331
53956 10032
64943 13792
37778 66113
52489 42732
4810 53753
59615 59106
11543 21606
41225 33131
33083 27181
42373 66331
15195 5851
52977 60578
67450 3502
151 9594
60553 60543
54166 49959
7105 45044
24587 52343
67953 51993
47420 4952
65339 1408
57940 32848
6765 15032
26681 17889
35004 42876
17173 60850
37753 63539
57425 60471
63533 8944
15916 10820
3784 31758
31366 57374
20759 18384
40731 61708
1793 36588
53477 21151
12218 22360
14872 2368
60483 13175
15397 23231
20182 38555
65324 16273
38255 51230
66699 22080
35839 10170
54460 1470
63243 35816
61895 20120
31947 57758
59872 46936
18959 23323
50278 28400
24984 4515
66617 69770
17893 28334
9151 57942
36209 6260
54388 68535
44549 13474
66551 51200
35019 40413
337 58195
37073 6871
39133 612
64179 6379
19477 26443
58530 32729
63484 49106
45237 31266
43574 26213
49442 11979
59683 2103
42177 55271
24728 3663
31301 1909
50197 44187
30614 25186
53842 8281
5721 28911
41705 12662
49969 22005
50605 21896
19937 5769
64924 54485
4853 67175
16548 14115
65837 42880
43516 42295
13155 24845
57712 27148
13070 51782
68938 56084
59891 15835
2012 30463
18895 28021
53737 13879
20233 46738
9808 42385
61538 22757
34738 1966
44376 52710
52099 1571
10528 51012
43066 27888
69943 60133
49809 28849
41506 8653
63957 36498
4706 48363
8969 5760
30772 8826
37668 28648
29818 53884
11847 39523
56882 65481
12904 13345
13174 22474
58154 33023
21806 12419
39252 42514
3795 50931
6029 17424
42517 43523
7356 22981
38453 41677
46985 63194
49132 8850
56451 43923
19081 2314
32008 58840
69622 66982
54009 30465
23601 65985
22281 1743
22947 30489
10351 2781
31567 16261
65231 30985
18759 56165
30434 31923
60444 10406
33290 7855
60237 18030
33467 49090
1232 65370
60982 38878
37701 26479
20707 19880
9682 49251
57899 26790
45294 4969
39211 31204
55616 58161
32781 43083
59879 17599
39600 36455
26112 41621
50423 5192
63336 68272
13980 54381
31092 37809
49987 3106
47050 30017
38781 43421
38697 44923
2876 31753
51880 26977
35977 7088
1062 32551
6429 29157
65108 50003
37513 68351
30163 24058
46180 57982
28706 793
24921 8470
32851 64441
17928 9174
12736 25227
5168 6830
40493 18551
57780 26768
4374 16458
47824 12028
17225 22765
11814 26788
38681 30974
42824 66510
54461 10246
23022 55869
26319 61221
17323 40825
47954 21517
69580 25892
65772 32103
35721 55577
21568 23126
33682 32633
63157 39729
38685 58756
44397 26399
15096 35634
61386 10488
9870 47132
18450 52199
29572 49509
52090 21990
47943 61698
11837 57853
51718 55404
1825 66230
34664 56811
16200 20432
59610 63177
48312 2597
34363 49994
49942 56020
48690 10910
14202 39352
30648 20028
61798 23030
3281 33724
42993 49867
29016 60772
8286 40089
60853 59455
39609 37123
53517 49172
15293 63026
18321 9430
5944 43678
4878 17912
39894 61507
64570 25653
15221 20281
12740 24855
30776 548
17782 1683
50941 65628
59460 64416
48630 53026
54936 54503
20254 51728
54380 48909
12979 50337
64140 64167
53493 40346
36667 9337
4289 53581
48567 5090
28478 16316
58116 50440
58288 21282
30948 25458
47538 57187
13023 33458
48148 45689
47013 66796
7937 64045
52185 48259
36161 7564
24879 50507
16012 55580
59601 32348
12016 31766
27802 62617
2800 4523
6630 47372
43714 3704
31926 19384
16506 34254
26897 59700
8993 19316
27153 33331
28306 32430
30540 21159
43065 1618
19341 15301
372 12099
36343 50378
18965 52123
17039 10532
32854 67966
22872 24750
14409 55437
3380 21735
17276 55951
1948 33145
46956 39613
31187 65621
42438 69888
2069 50173
22839 40368
34783 53951
6869 11649
16615 14323
55177 45141
68956 18706
14897 35262
8331 27463
62423 52163
58757 40384
47454 842
67272 22073
14294 64452
59246 207
66040 12698
29039 9155
5684 54768
68348 68808
39536 54637
60037 37794
4083 56486
7973 22366
62782 23122
52641 49107
55873 24432
14151 17608
64261 25955
58139 63763
9633 23854
10590 65879
42220 14450
19443 59070
8610 27863
16541 24332
36047 26338
42623 7731
49926 23951
69542 25151
38653 33994
59470 53582
66264 57768
56388 14313
13000 21775
14997 10461
28184 38421
56371 11234
59187 49510
29950 16343
54240 36276
44425 8424
59442 44847
52263 3889
54525 30774
12464 62639
40967 63596
55937 13214
40964 1247
33409 8003
49061 34876
20007 948
62164 5487
8800 12694
11958 27666
11189 68464
12220 952
56607 49240
12657 68168
48844 34844
17055 62028
7862 44176
43208 56290
16022 44113
53846 48600
46347 44968
55436 41318
6744 31405
40954 47345
46091 52229
13580 49603
66508 7503
27885 46666
20281 43288
63202 13131
29393 405
14185 59890
45891 52666
48177 18202
15059 3366
36513 16109
29644 69551
56245 36631
3442 32577
35055 48291
23648 59234
35819 62286
40500 67491
44542 54150
46010 24634
801 411
23778 42230
18777 2180
52532 47213
9121 5998
18596 42668
4019 58237
12027 30613
69532 63510
28198 52451
49309 10666
55029 45657
59461 56088
44682 62407
20632 13167
48504 50445
40847 38518
42518 25570
11136 18765
6896 68165
20393 66144
20633 4161
6523 16760
10694 65265
35666 11416
58080 39499
55577 61185
63657 22028
54288 58496
35805 15163
28256 63199
67155 31576
14919 31898
45243 27741
56350 22339
14535 11723
37126 13825
63784 57003
69067 3831
40426 21003
5953 42796
28904 50265
51808 36748
7181 28886
1008 33768
26795 62430
39508 16135
27687 17794
17988 64483
33492 11855
37939 43621
43008 29335
15727 8477
1014 44988
65194 49416
56447 50024
23029 57274
16933 30588
49835 29302
69807 33960
65571 15164
46422 38139
9448 11493
52045 14600
5545 11684
57177 44596
2457 24663
60261 15219
10206 48201
41034 16701
56268 41075
53009 49833
54748 221
37948 8112
15097 24886
53089 50876
2734 55536
42569 41897
22528 47845
60306 16556
47429 68125
11552 29117
57241 13971
13876 51815
31892 1205
57105 60373
52488 41410
68677 18967
10309 38906
51874 28693
40669 65515
44501 59741
29042 19324
43656 37145
22038 19120
10012 4502
66911 41962
14946 40488
69548 65848
66841 16183
25416 35842
45794 62690
46020 28273
19359 64884
30969 38207
13475 49376
19195 7709
33551 43666
25857 20015
22741 27606
20037 29501
9877 6890
23219 23465
64765 63899
60812 51356
58839 39204
42364 20866
41437 2827
19787 51418
57641 44226
8951 55370
61463 62053
57962 45654
39692 51297
36003 51258
7363 9415
46130 69186
66498 37099
9725 37011
40686 25572
60522 51613
59234 12756
4930 17158
7457 42392
48332 7095
37628 39856
10058 59970
11836 21456
66463 18031
50395 57919
60649 63235
5377 38153
58948 18983
24673 27495
42144 28592
62342 25645
65716 1198
19774 47478
8110 13363
59051 19347
13567 49356
45016 22050
11054 7384
66133 12590
22618 46608
5131 62112
32473 23545
57596 6878
68691 15381
68518 67560
20808 44367
47697 56862
48871 19474
37080 52953
50780 32113
53579 4456
44351 15572
6864 31570
43864 51990
8640 64046
43214 39675
12388 22609
50668 49201
37244 11746
33030 60775
19710 50083
43695 36074
10683 58343
18538 48146
45852 1521
40663 15729
51375 15287
16902 10832
11105 15998
40578 64123
49373 66814
43055 29483
16751 3019
68996 62849
12250 35878
55497 12394
66649 23737
47426 50327
2390 63464
47527 56841
40484 39108
23628 16415
28075 13034
44792 42629
63737 8323
25167 24234
29694 53128
18031 2589
20309 51616
10115 69480
38771 64037
13257 8380
66544 68014
69014 16265
4948 27193
44141 15379
17177 23681
49378 23585
20219 698
21267 58620
23704 41196
21698 16128
57367 5131
5727 16885
53853 27031
47750 21131
31134 11511
58223 33655
37347 4589
58842 11091
30672 16347
69994 66342
31349 39136
40563 47653
61475 22493
25431 55451
48214 12
57750 39401
60514 6052
36933 68085
50053 38457
65917 58317
69136 18332
54875 64284
21242 41018
26175 68507
18141 46153
32769 66925
6840 27505
62992 12978
48656 5864
67622 31078
16342 4815
37364 24652
10994 18569
21013 39284
35756 28209
58894 17591
67287 28317
57341 47064
12022 36359
29103 16842
59131 55315
45821 9747
3496 33420
54382 34168
6981 50041
51965 21407
65800 52437
49016 59778
30904 10913
50616 33316
10697 55751
49141 18776
29431 26708
3695 9249
41771 35311
12988 25249
43948 48778
19143 67034
18036 21502
5021 55010
37602 20119
61926 41466
18192 56837
61488 49669
58800 3397
689 32441
10385 35406
2491 16335
33545 69661
28267 14417
19598 53318
69177 8646
55477 43170
14574 11663
31148 43715
39473 19180
15971 29592
6259 35868
31253 1293
55028 12839
59915 49435
8233 29128
14531 49629
65514 13763
2155 16188
67552 23034
31712 69007
18819 40181
38178 64176
56262 12523
206 69332
46245 45732
31532 36962
54601 35528
24552 12985
68615 6287
47266 22381
8871 41681
68952 51061
66497 23682
66536 45243
2666 69689
51178 52777
61622 62504
5707 16722
50710 33956
48930 1245
33247 67315
2129 20381
46806 16564
8856 18701
45194 49651
31605 35045
13588 6930
43584 48517
17487 32652
5812 54821
46177 60004
44375 24000
22950 57536
60900 46400
62723 61429
23892 65829
17676 37595
8271 36153
59989 56069
4848 68236
38463 29985
26423 40002
5742 11396
26145 40064
5493 53283
41366 40992
40643 11815
67553 10417
52197 10053
62050 31463
33203 12273
4800 21642
25049 7526
37502 11087
46790 37468
6266 64599
43507 1402
35812 55573
16316 66675
48238 17882
57273 62870
52432 65249
57638 67504
50679 69784
44439 16344
24487 53146
65039 1822
65212 24928
48149 956
68063 55703
34960 45228
10829 32012
55641 69221
10346 5552
56441 58806
23653 22090
38505 68619
42102 22914
13448 9847
10495 48111
42982 17475
38751 67330
40174 46307
58448 6673
55852 55408
21843 64948
58184 49689
46078 22346
58607 48928
5552 14842
46211 44297
57009 32738
35987 15449
7519 38020
9836 39214
53243 63325
47620 38476
67252 34702
4082 27927
18715 293
57433 51593
4562 28504
16546 39954
8813 67572
30933 4644
48016 60694
47468 63999
50182 7537
4245 46629
20112 773
58973 60340
48624 43064
48761 39106
58189 46386
10078 14047
18048 676
69398 45839
48097 24401
52172 52700
41208 46470
36529 1162
32718 13283
14870 56467
3397 64494
24386 25893
65411 11108
67862 69350
50724 67413
15436 20148
34312 53834
34117 16233
58494 63887
28125 906
37432 20399
64383 32786
26238 29635
16075 61696
17791 51821
9707 49062
59251 39228
22631 47776
58342 56144
11507 23879
41890 35322
45538 14247
8512 57485
38059 57588
39316 21212
20645 18334
22819 46366
47382 56881
66684 762
29392 47086
15908 26014
26343 14506
18203 24847
64753 37343
3446 5277
47304 17522
48354 51714
61264 55189
17010 43413
11301 4143
8618 21013
40540 26083
52188 62823
62740 34839
68904 15571
53844 55194
53666 64104
9667 16704
16427 42584
41554 52413
9721 65780
58980 50968
61058 17226
67812 14383
45157 14140
16822 2773
23851 16532
16913 20388
56705 45105
65912 65537
7264 1789
16275 31000
67909 6821
20057 44846
39863 56318
21582 1053
21230 56929
42292 62940
29553 37941
45354 36992
68013 10829
37231 56224
10337 32473
32848 19988
25730 67010
35973 24493
16407 32699
69925 36850
12246 15076
65874 34542
22104 32422
20211 56251
22440 26007
44253 62115
5400 13509
3719 65842
10647 23749
5959 24730
34689 19494
27632 30066
54603 15790
3970 17341
65279 52597
37968 5029
39597 35896
63301 25190
32097 19164
53228 55877
38986 2315
59447 26168
9565 11920
7853 6679
20720 49854
57620 53386
54477 68810
63472 40167
60876 30334
26742 29069
44590 44064
18831 55847
40971 62810
41854 8042
45269 66829
52261 55978
17140 6771
48568 39884
67500 14426
13918 35291
41828 47655
31686 36774
61142 46010
16060 54798
35059 32371
58930 41923
32496 6234
18466 23823
12690 5360
6633 71
38039 6833
50352 27785
54806 37398
32542 61874
20933 36722
42918 13208
40989 56480
24882 24228
20886 33065
65309 64394
67467 47656
61187 43816
65374 39893
40442 14619
65192 12700
3038 1791
11803 17080
51544 47261
66250 47368
59931 69320
31553 48706
28200 31229
46255 36169
6378 27530
6625 50339
36878 11434
64867 13942
61681 17103
37454 15776
1072 5380
14090 24961
56483 25288
17556 58428
47944 12929
52856 9815
47965 39516
5931 62155
52506 26477
6706 69935
25514 20143
47517 5743
37828 16756
9638 25128
50640 54816
66094 33100
59029 45527
36664 47974
15573 58784
16865 15392
12673 57164
51630 8875
48916 63285
44445 54920
47921 68651
18910 66044
26091 2868
66732 21881
52611 35934
65547 16900
5939 37966
5101 5957
17962 7969
43653 24929
62095 52101
68070 64885
59899 69792
19522 67304
67569 9829
18322 21695
42988 57377
41751 66753
51506 50352
39222 51151
44090 52541
66495 35586
66810 27123
69775 24126
64206 472
39295 20972
62246 28549
2181 67214
48282 59696
43417 66037
14367 68823
54597 33926
40328 39769
3493 28880
62206 38845
34804 35195
29825 15612
6732 22428
62974 29351
22350 5979
68713 69936
49833 31224
19370 38253
31746 5124
4139 19417
14405 36407
25007 17429
2483 35447
57808 6753
41117 32638
54891 27522
19849 15229
54128 184
26725 45543
53789 48381
65775 42541
61815 10912
8164 34609
18099 17513
67985 53523
27177 38653
42605 42551
62702 7506
68876 1365
49392 46594
41125 28742
22700 36660
60250 23166
69879 33553
44870 2050
46438 13952
34651 50068
63463 33731
25201 27022
32312 57959
36570 28920
39125 42502
29474 35232
39009 26729
37881 51835
27169 20401
64095 58466
41556 30373
62889 56873
45719 48319
35843 19443
37722 62785
15975 12281
49768 65007
51713 23792
45238 60214
19199 24252
38071 23084
5514 24755
10359 64294
45399 23647
57984 36969
33613 2759
62794 40654
28048 21355
26486 23296
35538 51669
35602 9104
17993 18812
14317 9444
31364 55889
31780 32146
6654 59641
69605 52758
29580 13138
30519 69046
6881 17996
13134 1546
54173 13072
43293 49529
61919 50331
13179 2716
18019 14423
680 1777
20702 5734
53335 17325
62351 10958
62581 35083
26144 18696
37650 1770
42097 1232
37410 13939
7755 44354
11726 11137
30438 26519
4889 18250
54774 62971
23041 58239
4764 21384
52035 40290
64931 43484
24421 62772
37942 20253
4911 31957
1215 7324
39111 35057
14065 16132
43915 2780
37299 5837
59553 13477
68724 38895
64739 13444
17590 67049
66089 54433
61345 18591
35762 159
25273 29402
14765 3146
43344 29711
21299 55986
60151 50513
33721 19317
24406 46310
1847 37598
44186 29608
38670 50430
25319 14734
23003 64464
53149 22225
56060 14436
67539 29429
42983 13335
11369 36938
52539 46834
12503 10000
24220 43742
18431 15513
42416 47251
32513 11116
896 5682
34182 19806
50276 23340
30871 56182
58555 69532
34996 43889
43205 23772
39577 55738
1499 19690
34283 39527
47128 37619
30973 45664
8143 13622
15496 35533
61001 65438
40214 34787
20935 10010
53139 286
65867 19483
40761 19214
15390 41977
38672 19370
48175 51197
28948 58550
28722 62710
17508 8823
62677 14833
20079 56028
59635 36501
48972 18962
54506 11856
61713 42344
28628 23839
32436 50466
10731 46218
68880 41854
58557 64777
69229 55553
10238 63084
14708 54257
8095 43708
66256 18117
26498 32232
19642 50225
21567 54875
68203 65157
15236 69963
26923 64567
64072 69793
11920 30162
66896 50414
58391 10960
7293 55292
59433 69068
17295 28749
67273 11437
54451 30828
59874 47410
7568 376
60605 26645
40393 2249
2854 47501
51898 62119
33353 17511
396 14439
28561 7809
9573 45790
5937 47299
55535 18265
45159 38627
8358 60345
7898 18893
9047 55192
61876 31785
4160 27622
37630 29438
53592 7323
23591 18062
17751 15367
55098 18754
49082 49475
50133 3454
58791 55668
49480 48718
49237 7089
10519 13895
17432 9670
45583 62499
15550 20733
23393 3957
51519 19253
69317 47874
16692 18518
29189 10354
456 32119
2980 10102
39108 1636
60687 54591
55592 19624
69722 23911
49713 61574
30103 18365
32442 69134
60376 39258
45372 61629
20333 53940
36130 44216
24705 58193
14791 1732
4223 37588
54951 14584
2051 20433
31545 7865
27012 4210
8820 22752
13225 65968
4401 21018
58516 1425
6381 51956
32078 55525
5799 59546
52726 33824
57536 65782
30716 40113
7399 29795
18368 55532
66047 20553
37915 35629
30693 12051
41800 68355
42031 49488
31052 16402
39553 27770
18778 52482
68322 7340
28973 51419
54207 24078
39388 10120
36065 61399
22956 62576
55995 41051
64963 53098
6146 49869
45144 21604
49959 7166
68743 48691
41778 55604
54569 25524
53512 35379
19559 14209
39307 13684
49344 10199
24102 47541
62066 43971
31585 3677
29537 31396
39419 36990
18921 21334
60690 13955
7553 8562
54091 27776
54593 1439
69468 40517
17576 24608
50911 26441
31832 4243
33423 31502
26652 35281
43289 11147
10364 5882
58955 63414
48638 5988
12120 6298
24967 41233
6756 12218
35188 40450
49437 1112
5184 46747
9540 37016
24663 52185
28445 65565
62836 25544
27380 41219
43643 51203
39740 46641
2010 16977
27763 12764
24907 43427
15377 53384
62774 66006
31798 13239
26806 65822
51988 19686
31370 3105
42155 50085
37102 62516
49895 4904
61113 38027
69947 21132
47089 19863
34284 60701
47140 10323
67216 12228
65180 30353
61081 28266
12925 18464
41974 21109
26625 65749
48590 67673
41016 68589
54255 44750
5993 58653
29003 17197
19127 44437
2126 38122
34181 47228
54733 5245
38692 50808
19977 31341
25716 27371
43237 9831
30150 19976
49787 65212
32209 12768
65445 1959
44246 18694
33729 40573
64045 11426
64304 65394
60402 12336
22051 59613
46161 41120
22186 22246
18345 38746
64005 21165
24124 8935
7699 36716
68675 47623
4434 46317
9743 11696
6359 9324
837 23487
54054 60391
18022 33810
30335 62032
8909 33558
19796 57940
1199 18409
28669 16249
66288 63998
59771 5190
48917 47642
7924 37569
63335 52552
63945 53613
2062 16907
867 57781
69759 48069
53915 67172
1554 41111
2193 48980
69392 10944
36011 54159
37577 66315
2247 58995
65827 34450
56437 5594
23497 7479
14027 32089
12625 1042
68733 20259
19517 13802
25157 38098
69004 49260
33085 20737
46458 52335
35039 9566
52023 29236
10358 50886
48897 60592
53219 12256
60162 45736
31878 61064
29604 61406
39319 60930
10567 14303
4153 11249
12256 23629
53121 14202
49711 52029
62391 56770
1239 26146
22464 52629
10838 43087
65518 8451
56874 41588
43421 44883
12500 63740
69227 27871
5578 62420
30116 14985
27711 36488
62325 59583
35533 20414
6103 61600
9745 19073
36750 27980
4313 41968
23509 4106
41221 49845
2053 8179
18900 47382
52206 56376
10085 62051
39227 27974
21293 27721
31520 3008
51008 55434
43481 35370
50312 33040
18344 23083
10280 10957
65640 18578
45333 9078
7039 35902
12804 53094
57291 10710
30428 39104
9964 59169
44643 55014
51997 68784
42779 28064
3884 34007
35826 24128
59055 7045
64305 12117
29903 56169
46637 44830
49208 38916
56604 21566
24346 26032
49817 45781
11233 54933
38716 63128
32303 62325
9635 21062
10753 57251
35124 46491
20215 51006
49808 1302
20222 26026
51069 18956
41508 42433
47278 41487
13966 1860
11996 19728
681 60118
40406 19332
58293 65464
47176 41473
35359 14891
13400 53266
17368 34447
11443 68249
24562 482
56490 59056
58831 16479
67167 58895
53484 12773
13539 4783
3443 28656
11747 24597
46389 55074
12199 21772
42524 28330
50494 45625
1618 25056
38254 1884
54239 48531
50830 47684
11102 2123
31817 39577
68303 40235
22228 65810
49904 16351
22217 65423
18199 59769
35248 54271
39470 53791
35181 46102
64635 46166
19128 55817
8293 68573
21917 44018
56974 14861
36171 23045
55195 60139
39290 56150
63470 48906
10083 23187
47334 21320
32991 57132
32322 50013
64986 37360
25631 57344
60013 37126
14022 13006
17759 11485
39933 13607
888 11750
51865 2154
43545 13589
49793 65065
43194 13069
57701 58210
43875 65977
56442 4278
17843 37999
39379 55135
26327 27771
62785 29214
23284 59590
52199 49949
41831 15008
38201 25633
64358 61549
31776 16311
42715 45956
49291 60811
36740 54125
51503 51880
47844 997
14928 29352
26189 66528
23584 37173
3528 35077
60506 34669
27480 40292
57470 54358
38186 31662
9065 545
53628 54337
18243 4283
39693 2036
31723 3441
33120 20104
20204 49075
55461 68022
49413 41612
9695 43921
58861 22337
62815 56364
52535 31698
66403 25253
54828 51553
4819 6761
47125 56244
11139 16892
14336 51173
32537 22770
46532 52838
21803 41698
5807 67801
52379 20768
43464 57332
56421 30274
13887 13052
1383 16559
33914 66094
29099 15516
66936 51382
68000 34109
28972 20848
58430 42259
49037 12224
51267 12225
60695 3361
19759 57334
45216 1513
3220 20061
63278 3647
13704 10325
38723 50123
54523 3315
11254 17112
15214 59469
18570 46940
45657 24453
40881 31421
44967 29066
59682 38919
27115 25406
68304 49560
63299 34142
45653 6783
62412 36041
12796 10875
57432 18845
59304 3034
41801 13556
8805 14541
39357 60179
5857 16081
15085 14035
2961 37023
44968 23676
14335 12161
21543 10143
31971 64782
67633 47370
22866 27260
20990 51223
43384 13196
55886 64362
60563 2878
30390 54231
53091 9644
24177 63769
24431 10003
56641 27564
51850 55039
3827 49186
25864 41103
58927 59098
56303 21117
50966 23568
584 39159
28154 1330
26973 23420
36484 4123
8201 15363
13337 44933
24506 63428
47946 658
42728 20761
25831 68387
59973 33358
14937 15938
34388 25277
64158 3874
69169 3020
41079 67895
50940 67076
51452 19969
14973 28352
45604 47827
46136 15046
22614 28438
38987 3867
11109 42932
17557 18162
41050 28805
15449 10938
31271 16592
15329 35074
23993 35871
18529 63121
66955 26115
50917 12055
54820 45686
18071 38578
50294 61217
55449 64986
24348 57156
22707 67195
21872 52422
37859 25305
18389 32781
24524 22671
41233 25937
59114 36843
47060 51489
1257 13487
63519 40841
17896 21713
25576 26979
50325 63942
66249 56816
64877 58479
53627 55541
54478 35609
58177 41780
64055 14098
21923 50207
10836 56271
4045 26178
28906 46258
38285 49016
4286 58905
36026 21922
29471 4425
37837 67025
22048 33170
59943 53715
64922 38467
66953 69534
14839 46171
14970 52207
35113 3925
48086 15028
5454 23581
57851 56281
28645 24369
55726 32155
13424 9522
32445 28205
39022 48715
4225 48755
34448 19011
45689 41216
11402 16031
57550 1263
15387 41759
31057 1429
27510 43106
45958 28020
56121 60998
21756 42148
18250 30494
27083 8682
27125 50541
7781 37174
45983 27811
69768 69110
36843 13490
22070 36445
42422 9808
38357 55280
37924 57044
35042 41653
67426 41959
12482 25972
17772 25838
53949 6510
7771 64741
36350 65360
16632 6134
17393 35969
32726 55213
19169 15632
42218 16266
32448 59348
51473 22432
64155 42845
18635 50182
35222 30989
54294 2788
49175 37361
59244 2338
9899 610
12203 60526
52803 37273
67583 17179
36468 52798
48375 4851
59598 69923
63969 69143
42899 5128
325 44223
12209 2133
60090 61590
46953 12468
8301 54406
52130 39453
28552 36003
56315 41575
27768 45328
64844 52474
35198 10456
42319 41049
37172 64726
44271 6170
17118 51555
63615 39118
45055 64663
6346 15914
6022 49009
13052 13467
60239 3839
2135 29363
16285 6270
20708 1363
57841 18185
59837 13781
89 42318
56073 57106
26519 29668
17291 22308
39567 11537
20838 48350
35917 648
12235 6881
47243 34038
32820 5647
10804 14524
48739 6292
21696 9836
6788 34568
51950 43166
40044 49750
30690 35378
56261 22327
11954 18057
12476 60385
143 15716
27974 16553
62497 41856
10216 19399
17394 54172
29648 58561
68085 16040
58336 68389
1218 69153
1057 31526
45033 62643
15807 64239
55354 36772
17325 42194
62614 63270
9284 29601
30009 12033
50210 34579
11709 38829
13426 10853
13527 46270
41072 31769
48178 10226
39224 9850
17974 64829
50165 7900
17452 27850
18725 1721
8967 61362
69535 50471
1111 24631
21512 63917
57685 13702
46031 44624
27926 27350
19841 69160
53964 67362
57985 41073
28475 40872
11363 59510
13169 20185
18352 66128
16143 13850
50336 28677
46077 47664
56281 50539
41223 59302
18328 67301
32478 26611
36303 52456
11043 24636
37346 8997
3516 36417
39538 55456
26929 21522
67863 40259
24727 13378
51348 19306
38738 60419
7153 14048
31371 14445
64866 31532
50579 2175
14778 60405
31600 24515
65482 34965
9308 3747
69244 62422
1582 69585
47330 59329
41481 46132
17300 34810
50704 15510
55164 11019
47896 46456
22646 56555
61737 27796
9568 19743
2188 52027
8852 65824
1808 56473
34366 66575
28278 43744
5221 6968
7926 57848
52164 35729
37551 48468
65674 12821
54452 6441
52728 50138
20013 55390
36369 25420
10958 38536
40621 24832
67018 52782
26634 23154
20366 36167
42828 69411
51214 64700
8666 67977
40655 56829
57343 14312
31279 6537
7590 32630
32045 14560
56949 28781
15203 15098
59425 6965
7213 4678
23023 34889
15656 31296
1661 8631
17985 69748
1488 13243
21474 36106
65066 29684
45444 53027
68552 51369
67794 51497
33981 13279
21885 28822
48742 35163
16638 64904
35228 26963
15474 22418
3848 26684
43911 45565
56273 37748
35650 37746
68663 408
8372 12353
34466 24259
10102 65961
65032 62490
59664 40020
66950 31277
47203 22313
7267 41303
65485 21843
21874 24556
48194 43537
20619 59667
33439 1670
13488 62207
15118 56089
29938 43786
66693 2730
5773 23268
1611 34582
32054 10090
6027 22378
61836 1276
47708 46157
50198 62106
19672 64004
23457 32442
4636 61941
54968 14338
29428 5922
42180 2280
32541 29923
54560 68849
41935 65949
35555 21929
10209 19213
48865 12309
15651 13107
65804 39925
6904 43998
23508 59326
29254 64313
67604 45978
6020 63766
52551 33232
9035 47749
60961 60130
37003 1778
40724 46220
42900 39471
11323 67874
59867 63486
1045 14780
48355 35382
26303 68067
38220 2717
39835 19386
31796 53782
60808 28870
48271 18565
64666 46819
25615 65252
32130 4051
19736 32030
836 56456
53745 47110
3134 27042
45407 11702
1258 25408
43912 49517
192 14147
49320 35904
13625 58887
26896 69063
69444 22932
31218 34775
55027 45724
64492 43411
7851 51253
18662 54696
36678 36209
12194 40544
5755 24979
30340 5388
68126 44994
54141 16117
48824 56815
60092 59642
11129 45482
12528 37803
66248 14443
17500 1093
51689 65396
9809 19285
57015 61122
17133 19691
31035 68576
38231 37983
34209 21314
41289 39800
42763 63810
41689 37783
59344 38631
35646 2044
30620 59489
9790 5368
26570 28486
17841 37096
14284 16179
20370 6973
13849 64012
21545 40085
58926 668
61087 56404
41161 85
53283 6541
15826 32956
46962 18052
27216 45904
40411 37129
60732 65798
34736 20322
15718 11273
11852 35478
20659 18697
39875 25786
5287 56630
42965 10580
19442 38117
11956 28687
32535 4213
46628 62021
51937 46483
67301 32602
6417 50626
39170 55387
34101 52313
22790 12864
4074 34244
53005 39587
59271 40729
32749 22716
12416 57124
60561 42269
13358 18243
18323 26150
15920 32771
1568 17786
8084 54567
29136 26152
17134 39461
25970 39977
48791 11220
11016 38973
33925 60445
9829 24035
2858 49279
8451 57265
25920 12589
58122 18168
16881 69019
12056 57921
43457 41060
5597 46866
60424 61392
6638 46425
22019 56056
56775 61152
51774 55117
65029 53774
3865 60462
50166 3628
55924 3464
22651 55171
46393 11591
28144 18427
24531 39635
36043 31805
36682 67136
58460 48905
19482 16683
4542 38450
32216 7018
65391 51467
54001 16507
62788 52815
7993 781
11498 60662
36671 67897
50203 60323
54950 7124
68920 11097
32657 7169
2560 35413
50135 14032
47070 43711
62874 12767
63528 63107
45094 43426
65850 7978
42154 15918
50906 66955
35447 6950
23569 26879
3417 67668
41796 18895
28708 64921
3841 17879
36823 29301
7680 20287
61825 39439
69394 40750
46850 846
30509 63565
20923 26307
13125 15036
32488 8801
31609 5
34935 20057
69952 15865
7329 68135
28759 12697
50912 32402
46505 26778
22769 13580
23082 62095
31006 3232
41682 66297
47027 58172
3698 51212
46096 7295
18626 15967
64518 39312
40509 63403
23011 24124
64283 30793
4976 34115
11831 57558
30491 16148
28680 56670
2613 19169
69003 2839
62651 24224
90 18572
43482 31547
26407 22384
17104 67046
44664 26261
23261 62412
42414 62976
7807 38016
2873 37939
19361 13110
18567 64614
14539 48148
68983 36069
47827 51274
9507 50571
48968 14069
51852 60813
13243 54644
44114 55684
42285 19421
17885 3667
57262 37149
63859 59911
41587 15746
22834 51044
46770 1445
29261 39684
22984 4468
49596 58259
40216 5588
38603 46495
23293 18259
236 61330
51328 60077
23866 36295
41710 1196
28954 20751
13646 65620
65036 65957
18435 27628
43407 45723
10199 68821
31195 67246
45458 8227
41880 22872
22006 19845
11630 46120
44008 44472
58541 60226
1494 18356
34762 36483
27484 39706
32708 51634
8886 8941
45939 63406
33641 49352
14161 61834
168 23643
6311 66451
50586 68870
57439 33978
55005 16964
54267 42478
64630 45626
49639 52924
46037 8857
49198 5889
13295 3870
62848 20864
29568 30370
59152 12654
9662 13923
4380 65462
38655 62445
2632 42423
41775 30348
34227 31014
13727 13820
9726 22807
44802 50343
22297 55058
49213 8438
21091 8117
9831 32832
12204 15005
44296 4905
63274 9553
4063 57873
56535 49064
21627 3862
56912 22816
20592 42095
7020 14112
13273 58919
43398 49497
26942 17461
24902 26180
53646 25654
34769 33096
36900 64370
38981 57346
31136 37499
12572 29557
6506 26371
51499 21246
64350 56894
20132 69276
7145 25205
47295 11275
501 3178
56048 12610
11486 26679
38608 4357
62958 18424
26172 687
12713 47129
3374 53481
27126 9433
22392 44658
38249 24289
10740 69227
62072 65035
15140 24922
40417 27195
52097 62094
61728 65648
64107 46152
34735 46726
11946 18072
50794 8803
24233 57525
48631 56035
49997 49299
48419 9289
24456 10243
58429 16672
5849 67797
34511 39090
60957 13227
34525 15457
29655 65368
35201 30222
8080 6748
19809 43375
12676 2955
11234 37998
45062 32950
54263 51174
29821 46912
7994 8907
50739 20692
68496 37758
54871 9802
62237 31641
30887 67864
62425 65543
39172 40926
10349 52327
51748 7425
4552 14533
65812 61733
67741 34479
19327 3930
15766 4231
58857 44309
22660 55235
21911 34195
27773 26282
25261 43849
16540 7785
5594 18257
55493 26770
10272 43203
57068 8170
26466 30883
19383 64692
33802 4635
41911 45331
8784 9276
11407 54558
50869 10564
52083 62754
42747 16970
36203 35457
68117 5472
60052 13640
1621 4667
68494 65090
54998 66533
14749 29524
19614 45909
19425 56560
13846 62600
13238 39770
37499 29853
45072 2811
53857 7256
34621 3455
50207 25713
63647 49728
62004 2372
22571 63200
36100 6835
52819 50742
18856 49445
52655 16416
5084 56325
51878 55946
43450 18058
31140 15150
6461 57404
62288 15466
35204 48197
48817 46110
2652 25382
44285 44975
39723 57217
40757 7593
36746 31218
64438 30414
12874 12058
29879 1318
17615 29770
39385 54142
42057 6001
35314 1953
54628 32758
11704 7456
24634 10042
57897 7426
27708 16609
53369 57483
63500 23671
67699 37041
7368 5731
67538 41174
20837 45832
8601 32014
40780 38328
66427 17003
52873 52143
17780 62745
68720 16041
22773 10067
25266 10012
26310 32795
7554 26983
32702 64872
4335 46788
59828 28874
6627 58136
47236 48095
26098 38363
35911 32009
48281 69055
60847 35067
66208 41794
52029 65988
16237 13682
4006 7078
48820 45435
64067 53849
58472 63729
23277 36672
62205 10283
45844 26681
45122 17975
21433 68288
33904 30217
11848 39969
37365 27626
3598 16089
6508 48810
21353 18608
28092 4702
29013 30816
29506 57709
27097 59476
35270 14974
53675 2791
67277 65393
2629 35429
1167 36434
62141 50355
22702 39376
1110 11075
29330 7828
33082 36582
40038 50324
36095 64928
55550 2471
49346 50147
45707 58199
28602 5822
61172 29419
39603 26966
68242 49720
52056 24174
13411 56504
964 69795
67046 6850
49052 39997
37052 4104
39122 45588
14170 3407
63143 44069
8368 34411
44078 28383
36240 3585
42617 44689
36292 56896
34230 56040
39164 7487
24689 14315
19652 50871
67803 37673
31497 60753
7442 68015
52966 34092
41889 21306
18341 49977
3337 61255
38746 31225
34004 17285
54863 1991
53032 36792
50892 35966
4630 32760
24893 38775
44980 44242
29146 51722
62356 5061
46989 35950
39348 47409
23742 35226
38507 32836
12794 16294
61707 40226
16770 42073
33903 34671
23996 23434
43993 58171
11705 60651
29132 2264
46568 57660
29273 1163
40251 61138
55113 47019
43427 62942
48718 28554
34153 53558
38542 7679
60787 10427
15438 36235
61675 41161
7036 8395
9335 57730
25500 33818
65599 36195
15705 34019
50027 16676
69447 29809
39107 19255
54147 6499
7087 30497
19763 15001
18005 5047
26254 24151
44915 66417
53634 57713
59975 41594
18773 5500
41470 29879
23640 7971
10593 33955
63909 33744
43599 2113
23177 46313
41080 30763
7604 45840
618 14309
59252 10156
35852 66446
27445 14836
22100 66983
20767 10152
64170 31062
11540 26745
16962 42702
56848 48675
56284 54522
52874 9358
56234 55899
62574 37105
50243 3237
612 42801
4945 47224
69964 43908
26138 53496
48904 49115
1846 61694
42234 38544
69604 4084
24980 48275
2349 5848
541 38126
32614 19670
29658 3347
45135 13925
40907 27720
16900 41040
13463 66952
50273 66609
65974 45096
40124 28164
21892 49656
8558 4273
39086 19671
38120 49951
59760 10282
68196 10134
68698 29437
44281 65995
56842 54799
17537 15892
44923 69175
64249 6742
47088 61910
24698 68741
21612 68202
2507 57806
29940 41542
29403 35283
17198 25563
27682 38413
66144 31986
22150 43082
16144 31861
48050 47444
4898 30264
49178 59746
33527 41264
6369 15128
6287 31595
14171 58329
2588 53730
6323 47433
15177 10446
58238 46136
49841 66276
33127 10020
62181 47487
20071 63460
26935 30193
1220 58848
39468 54900
55165 30116
13236 16421
68198 32106
35387 53428
17979 18107
54897 34116
13752 37603
67055 44771
15432 41137
37055 15462
14944 10684
13929 53544
65240 55185
26038 66195
26182 19451
34472 64776
68570 25966
26434 23582
46914 59516
53708 2034
38713 21860
21021 15833
5165 54871
65059 34522
27223 61586
63002 13238
43333 16568
30738 4467
359 56548
1672 3137
11666 9571
14475 17352
64764 67489
19549 69378
11808 55360
67071 46448
9837 16706
13277 52733
33541 31646
30299 38456
59868 15602
38801 44147
34620 44125
60854 14126
6565 5930
13083 9667
22899 46526
5171 58838
38086 53593
47215 58951
40988 57107
55837 37918
15192 62536
12452 17644
6015 24046
18140 66765
43079 10983
46862 19957
57373 1021
35168 48481
12184 59445
48841 49726
44922 42001
23970 57487
14921 23164
52531 66673
52462 36609
59840 12701
35630 30444
50557 38975
62685 64657
55279 44711
21861 6330
14819 68839
17369 66615
7687 55928
20893 37390
13594 42311
54530 50341
63266 41757
57431 23386
23759 18770
49775 5497
47003 27615
3778 56432
17126 68045
63319 36472
63980 41205
14803 13038
53908 45528
57762 37329
6026 21705
8302 15539
34291 37729
41188 35894
68789 63785
29359 57530
44342 29313
68040 22194
68565 37812
12484 34004
56735 13910
32582 30367
63168 36521
45319 18482
50447 12580
19485 27112
1527 66677
20569 22132
66266 5210
61511 25577
64991 874
21680 3379
9813 48437
64442 26627
42027 36942
31575 55903
43372 58305
6600 68275
66445 16539
29191 59487
49629 38659
52859 14368
30802 15721
10333 58250
60175 56658
58221 64652
58734 34480
11537 11386
65334 17934
58599 15265
41427 46363
15560 10364
2330 29156
13454 9746
52880 20543
54047 66462
4697 43954
23 36191
11914 59437
39925 67220
66629 9711
27113 41263
59797 5028
44677 56804
47625 13165
7114 68328
29219 41619
59567 24956
43513 4671
62015 1045
47618 32233
59315 17941
12772 49311
29065 28864
288 25648
44743 34772
46549 61619
38271 19849
68418 63506
49007 24525
13936 65107
6001 17275
21517 26028
64543 11628
18409 67674
53637 28075
14020 420
33331 56928
25680 8817
24582 64316
15827 27335
51498 23346
28258 5088
59906 54809
44294 34482
14126 49846
54326 30765
6095 45706
16151 63470
59951 69529
66087 23602
17648 39335
65383 30395
569 38289
69516 63578
6367 64255
56730 51408
23227 46810
22761 63041
16828 38721
13574 12653
50779 28696
42185 14729
66075 37654
50419 54998
54876 58612
32538 42651
35861 32427
52150 55688
44940 15181
38558 23095
59356 60914
17482 41800
18112 14882
54100 45558
67148 52179
39180 16785
41145 63405
28488 64118
26331 54003
27488 30784
38087 3797
45259 38133
17390 35118
23307 66518
42256 28195
15127 53610
46169 7970
62964 42362
54720 34290
69980 41631
37478 53901
55364 51299
1674 57928
68516 55732
13956 52256
3313 34171
49922 7161
19049 35169
6956 63637
7420 44544
26202 5981
21095 40438
37568 58673
32842 29008
19193 21829
8131 27028
26739 14460
4235 43213
47014 16937
59323 2611
13433 2768
29401 49701
50973 11830
31143 43685
66968 46230
37702 8319
6158 6451
50015 67981
50798 27586
40981 47461
7052 26010
1700 20578
32944 51843
26620 30060
58074 38036
29564 21156
48201 43451
25752 54185
25363 28262
38559 32599
58828 1788
23256 4729
9761 2626
24508 69017
22780 13438
67351 65733
15644 52159
49441 63557
5327 5543
56166 20572
36584 37106
34635 39514
17049 30148
21094 32416
33426 4428
740 35712
43328 16207
61123 49527
20291 52528
5236 17196
20147 35390
42288 11131
6666 10031
64298 9685
46935 54445
9553 2642
41663 1933
68865 19903
28831 12525
24101 51266
68237 25466
8937 40920
66210 42432
20890 55726
54517 67156
52877 3072
12052 39604
45797 35921
28993 60150
27965 26564
43501 13066
43394 34639
47291 61788
38480 49360
28633 38174
69534 56300
62241 12198
1154 29132
15037 53259
45352 36512
58415 63354
31503 37280
31959 69889
5227 66401
42066 32063
49988 50124
14861 2257
50578 65148
33632 51596
37071 48856
3239 14196
67747 59280
49147 29369
67412 3263
66681 52082
58401 30424
63807 58601
5748 48474
38855 62496
25233 14281
41985 40713
67358 43573
10794 10963
12578 12503
21941 22185
69889 27222
961 64201
8582 32764
27628 10996
27942 18525
55602 52848
13622 62065
26946 68604
57048 30466
9453 7725
20153 64674
3114 33034
60192 53984
43479 40824
4966 44286
11472 19742
9601 4786
23330 42133
33019 53286
9233 731
29838 35147
33902 27424
53430 64059
50861 65512
59130 41028
53012 30899
56758 42184
41472 60473
2214 63308
51053 67428
15507 10674
774 13769
8289 55798
9515 10159
46885 49242
65908 16684
13912 1786
37990 68150
39499 15923
11339 21784
57368 25870
49993 57358
51789 14899
4040 5120
62127 55599
20490 64905
69923 22377
28819 68759
17876 63858
51249 18333
38664 54808
18885 52351
39067 1214
48907 38896
1462 15412
18531 57080
16153 38565
5476 35535
660 68483
51654 42256
11158 48711
39937 21751
27533 18549
45070 38037
27753 68584
54088 26800
67182 48661
18672 68077
21097 32931
24117 61881
28940 60671
33128 43277
25471 17740
15024 21528
23771 68732
7129 1288
60459 41641
9588 54566
38097 23492
8830 19707
32859 61669
12872 8789
25876 735
63858 40874
43366 24599
46811 26119
16806 12301
30741 60109
13114 43390
37374 12415
9150 8010
41653 61433
63683 20507
59068 8752
43037 45935
40066 29627
19975 45215
47775 1852
41463 25250
56140 35990
634 37250
41054 55859
32267 40076
29036 48140
57164 52858
36265 33391
47119 26554
17604 10155
43459 19979
62909 13498
60667 28370
58374 36699
47021 23374
40039 34464
63829 13412
14265 16608
23039 68462
10745 50194
36781 43275
18351 36339
25747 27435
34503 22034
10023 351
9883 30387
2442 11972
66477 19201
4089 18787
53102 62321
27887 33
4805 42381
34160 10196
61880 6841
47949 17954
51446 67071
29270 57631
38142 55759
17549 61826
60910 42873
65684 39657
66901 65586
11870 15375
52008 31559
47693 51544
65821 50533
1389 62191
31311 46530
21738 40864
67389 68418
18399 41547
58488 69559
20870 10250
23481 28037
19163 21774
63374 36404
47029 18729
5298 57311
28682 57888
63917 64238
30376 32839
8240 15761
34650 57071
48423 45637
30674 23333
5611 3316
27103 47932
67881 61090
47350 45350
61562 55585
59592 25033
6087 50130
5231 49048
42477 23463
13530 1399
68338 25669
35848 57945
34514 47316
22787 68945
49370 25545
49614 736
47881 40684
10203 43051
67721 12335
32976 48349
49327 33261
29216 65903
67682 1704
53195 35787
46256 4395
45225 36039
63814 62749
63192 52206
865 5757
65777 33167
18215 35937
57659 7501
21707 3989
30146 61710
10105 59570
67442 64265
36807 22777
27724 62056
19693 13617
24499 5007
20626 48436
47478 3780
15510 20080
30192 23188
54345 17256
43284 10856
14856 54995
63114 15654
62760 7347
62787 58115
27618 41188
21135 12777
53858 36370
2943 25452
31939 2186
5656 43604
16763 41482
21120 22180
17659 48006
67194 67678
5137 1858
19250 52845
33851 54576
23598 8059
67718 8514
53144 25290
2441 65736
37153 19335
11240 34949
28390 11006
58878 22622
61790 58118
63134 5834
22357 36114
28753 26042
53841 66253
18706 53642
23840 22672
21984 423
59438 40785
9024 35883
30123 45965
49573 15430
50524 44755
17330 61113
14231 11285
2171 60688
26523 11556
68513 15239
66108 11871
55024 23921
19604 11327
12623 24335
62374 41616
5117 2636
69656 22196
65973 1369
15404 28512
12215 49091
63209 60339
17083 10653
158 32340
56558 40342
68426 25047
55140 17398
48547 40697
5694 6991
69445 49717
56225 37628
30080 23332
63193 36565
49970 18406
45944 41359
12808 54262
55770 29618
33361 24674
62540 35757
30476 26113
10987 23215
37129 38658
53563 33995
33792 57620
24776 34675
717 12113
933 64211
68491 46551
15445 47660
68127 45726
49156 68557
26925 58940
41406 50552
53589 20409
47484 27612
20288 56867
55847 45472
33245 37840
34250 27191
55518 44851
47926 66030
36119 35252
52096 11896
26699 67276
54163 27620
63239 33845
23426 28608
48525 61301
63408 34190
33264 4122
40194 15113
45136 67769
52184 24436
18097 62287
15609 18326
30117 61243
58537 42336
21207 48796
13144 49534
28110 4437
66630 42254
52503 13712
44360 47040
6823 1036
21069 20808
51001 43872
694 44129
11940 13135
61823 24526
57066 46925
11553 40145
8400 21332
34484 61190
29068 2851
48607 57542
10491 59828
4949 57013
50375 52342
52514 31928
68290 33106
37549 48919
7532 44287
22974 63250
64798 52580
57537 39345
1404 5260
26439 30711
67916 66449
37488 14137
25526 55180
4406 55823
66919 35306
67609 3743
30366 21500
22215 21809
4727 39398
47152 68693
31360 26013
38 18291
20637 17026
11383 43667
36168 7052
52355 11849
46286 40538
51793 18542
26256 45365
2015 60125
11819 51904
37290 21672
45626 60371
45545 111
36243 26268
29662 22554
25497 39490
59607 40309
52948 10535
610 24196
34224 30958
22943 26650
53364 57220
66354 11819
13955 32078
9488 20204
65952 649
38569 62567
44561 20884
15337 45183
67278 13096
33777 61709
32787 51649
58035 27852
49425 61907
63391 49322
31887 60750
44521 31817
60388 12560
3585 50801
63173 16844
15240 41728
33793 17502
8855 52414
50158 37119
28886 55653
30138 51623
41384 9393
54058 45465
46282 3526
67700 29058
1275 23352
34518 30823
32540 48383
37656 47485
12191 44545
52289 65727
44826 209
9966 52191
23395 10128
62464 30157
41140 18099
46339 65530
28648 24638
35269 5800
23958 27687
24926 39576
65405 57069
26171 12171
30784 44511
31727 23577
34788 55799
30043 19759
26578 37351
32729 40776
46666 50701
20447 63001
13984 4565
15713 34213
10288 55278
64575 23530
869 21436
5540 52195
63215 67810
48654 13951
41343 60939
64533 45389
36010 13292
64331 53016
66996 1603
36736 21088
52151 41816
29111 16875
16810 66450
7098 59598
68910 1519
55467 63720
62695 52653
4269 55373
65861 7145
45520 39709
51606 55704
22912 33902
59926 15199
15777 59018
67923 65807
60303 48867
41374 62069
1104 43918
1550 47824
27624 14638
49733 23441
13206 55584
42656 69693
47396 50263
34040 10487
34453 19712
31083 912
35312 33796
61781 25902
44971 59637
47963 57002
24106 6363
65375 60918
55568 36925
27595 5223
54932 15932
48800 60326
47852 48118
52507 6564
36652 33073
59078 44232
23579 38817
17189 3085
29959 35028
13091 23427
30908 38436
56652 46778
49924 54665
25699 2297
19117 58560
19602 39018
61996 4669
1277 14639
23149 46825
55250 4799
65484 69635
17626 51933
67766 32589
69991 22969
63783 11017
39327 12396
32896 16523
6254 18959
52220 64678
12973 56506
21410 36005
7870 45271
28242 60036
62461 31995
58964 68624
43865 60086
34049 5327
47313 42807
47227 48864
33780 5019
45108 19235
2600 13255
53971 50059
15891 67192
46019 10324
26078 44273
22878 39582
37305 55382
46545 52526
42611 2934
66905 24109
63897 33667
58581 10392
10278 56812
49948 15261
37556 25120
60785 34207
18986 39742
21965 67377
44223 31950
55289 6401
53055 49052
9352 61987
10370 28208
21234 57272
45040 36017
29913 24342
41089 36288
41534 65741
38189 5996
51834 52255
35554 23759
58314 37345
47601 35741
68281 663
59021 53371
21931 27150
24103 2454
3028 54307
16390 17009
30754 36015
32984 35004
27601 60614
21878 41702
52042 12734
13502 29010
12525 29469
8362 2369
7056 42548
3456 28975
52038 8353
68680 37727
10912 60378
13623 55151
34401 43091
20353 50993
11051 62339
51098 1648
40550 44952
30063 44643
32427 45399
37248 58247
58086 19894
16570 60549
17207 65402
69042 27609
22362 69762
3745 22284
4608 51127
46772 33515
42625 52814
62411 4230
61236 10304
35706 63772
58307 45260
17710 10892
23205 27205
59841 69415
57014 48391
68611 39851
69965 38250
40588 41332
45505 59179
63132 61261
29771 3876
11739 20435
57916 21855
40353 46089
54029 56562
34054 54447
20411 3069
39790 37210
1384 64325
13 30766
68593 49190
17866 17262
45074 49602
37587 16187
61499 12712
1091 51872
64479 28614
62531 27697
39271 14501
1198 37926
56419 23413
38394 20856
30306 52576
947 53546
48975 46141
24717 28542
53968 54812
57293 36554
51741 41865
32755 47603
21401 13847
51082 41652
49593 65839
28914 69797
34470 51403
10383 29505
55344 52949
31400 64859
67714 60807
35634 37524
37314 58912
69723 20575
35236 23282
54121 52436
24642 438
8974 69818
23909 60821
17908 22580
37958 12888
14465 50247
59346 54802
35670 54824
64487 53779
24614 24757
42028 3807
2543 29386
19943 18163
2901 10553
24372 53579
13406 2993
36978 42602
35284 32761
57465 21819
1076 61855
30515 11924
11823 48536
19751 2978
1931 51032
64695 67022
28468 25302
44816 21153
55083 60001
40839 48374
65326 31368
48680 22966
60777 61889
43287 26187
10516 42301
19149 17387
7346 38402
34932 8496
51436 4049
9357 27133
61624 60448
23804 60188
25192 58151
32779 31705
1654 23184
15986 60478
32632 14570
50437 43419
58060 20876
32397 32095
4393 60584
26107 903
60403 4237
12316 53261
68307 68127
27322 61632
61975 50505
51004 9223
40909 54669
42345 34083
20790 15858
5530 3110
68279 57478
16010 63021
63076 7837
39167 38400
26048 52219
47242 5231
6828 47629
28546 52355
14802 67052
30929 57678
56907 56176
42535 13583
1975 19135
21937 34407
36189 14652
15683 22146
31863 48034
1171 54119
5505 44543
62295 18606
20316 31860
11729 63255
32601 27537
20670 34670
65526 12731
11981 43258
44358 9709
7872 60063
7835 64432
46599 34079
20175 44885
14077 38705
16493 58285
63943 43341
30498 59032
41516 33807
45524 36084
57504 4686
25293 18353
2799 19402
49515 68391
46946 37806
17660 3401
32860 28970
5176 48609
63610 47543
57345 38171
38629 40195
64238 20750
24875 39944
24462 62297
45570 57654
42426 38651
61394 20243
36088 16850
21017 19206
9028 38317
69618 50362
20320 33726
58902 29874
38755 3671
48119 27743
59518 39710
95 19447
66317 1582
49682 34003
24319 47732
2454 66663
47721 67741
31299 53195
42035 62518
8303 22336
50790 45117
24887 65680
65215 68595
20203 49069
37111 49543
42284 63603
53714 22168
42209 68844
14479 63184
12617 22989
68577 63439
8740 49791
5738 1866
23415 8488
4100 44875
26487 40542
14032 27058
63619 29401
25116 19673
12944 36480
4171 15676
50935 25814
64214 46728
68921 65378
33547 60205
6434 1600
48019 68698
28931 29934
9290 26547
1716 4305
27360 52232
64410 12956
10481 43191
61350 66509
7957 8808
47308 35583
54520 10414
7642 7337
34841 58542
69340 68544
5329 32503
9226 32073
39834 33564
28299 23945
68090 32125
12730 29929
13268 23257
30280 5274
69686 34835
50507 11975
24833 24906
25313 8346
68970 17374
32606 68493
23449 27228
54420 29831
13830 31974
46919 62559
60126 12881
55978 6696
13645 9576
21865 25746
23645 62692
52633 15258
66152 10930
44239 62395
20733 25874
58067 13091
41308 28180
42554 63863
48723 39317
56439 1259
42396 56329
31552 14618
28040 58018
49161 25533
33304 59803
47188 65
59298 32998
58655 53369
52048 35487
26 23139
4544 43076
37288 66492
2137 63345
67845 67398
17706 37193
39563 34630
861 69756
39366 32640
29084 44715
28158 36083
41276 65938
2845 40476
67014 14611
20279 63909
12359 855
4947 41840
60342 66788
46617 61671
20462 64984
18142 21382
34733 23436
48115 8594
32750 56626
39362 39930
12047 58091
52403 44884
28500 23942
10119 25375
42559 14250
63247 30383
22663 27947
64000 40266
39374 65770
4899 40028
50011 41946
10287 69521
7330 61850
43830 39330
56926 20264
54595 42437
15800 20499
29717 25154
50134 51936
7095 22516
39949 20702
68732 20596
5398 42688
19606 67695
42839 62099
65851 54646
28941 35309
20080 29980
6622 34453
51496 61864
58408 39796
66156 48601
29110 19004
56615 40139
37983 46391
51685 41334
19401 58945
17327 40373
44063 55745
10820 51583
62372 54674
6464 744
52323 52964
34414 7250
11152 46349
52236 18341
56950 59886
17089 35941
17678 2554
63036 26505
25967 27343
51816 33546
25704 38640
68715 48953
32276 3104
31761 42185
9391 56034
34899 42689
56370 26143
42391 28178
11744 65922
14750 57686
54210 35909
55515 14004
47877 9756
45654 31869
24968 21027
42040 42662
45158 62873
3173 61588
39954 6030
22185 63838
45839 32748
19113 36719
57733 49155
5883 7775
30604 13296
26174 7356
48998 44918
11248 36182
14729 48425
7149 57426
31857 37256
19357 14554
37708 61846
1801 17601
44994 9698
14586 42539
39993 54235
58991 19716
61760 39172
2982 26214
43500 11536
27396 57444
27771 32143
26713 42971
68586 34173
63312 69603
18527 38197
2411 2865
49363 18412
69049 8914
5700 41152
33484 47348
22325 58438
7879 28156
37227 24136
26306 42110
35558 61385
6958 29843
60944 60399
1093 47475
8730 43649
35562 26082
14142 33952
2501 33471
38338 3033
50663 18386
30300 15623
49900 53842
66656 56012
13056 51945
63526 63748
69673 6296
11538 69259
24435 7902
26067 2124
65622 57306
60030 4206
2817 66089
5211 42870
39968 64489
43722 37048
64217 43746
51564 8797
20579 9903
2409 12078
45454 14724
46126 69700
46581 20739
39627 67306
30960 11499
65701 61401
36160 25021
8128 9580
33775 36290
50748 61043
3863 59152
36726 19950
19885 43311
44799 9572
51492 23813
17992 44540
11508 59513
50097 69169
68252 56676
29810 2816
54701 52621
31505 38511
20022 833
55898 51112
40945 2474
43161 1120
58874 29522
17272 55988
27101 19726
18164 33929
26518 29215
18103 42811
40502 69779
68657 59999
17728 26258
19026 46485
20716 20003
41615 24753
8889 19436
69857 27020
15518 40434
24135 23801
41629 13225
19074 3438
41772 69917
54270 5172
53904 16689
39761 45682
58066 9079
35888 42921
19918 30161
24633 27369
13995 21403
17242 55612
24216 35531
3434 30538
34979 28474
30267 46576
30433 3578
3419 17998
47090 57625
10418 16137
62470 49167
65841 3333
61442 58190
24115 27340
50786 49862
64415 58565
62109 57482
18025 52322
21468 26036
25331 26953
29659 49874
53555 16339
1968 22951
35371 66415
54139 67699
29171 15952
26586 21350
26813 27478
8669 64109
23210 46975
57578 41535
64218 54412
42585 27569
59972 11901
32347 66442
56041 47168
53067 62650
41013 33461
51663 66681
68844 14680
5048 59894
68243 2117
14329 49812
59194 55053
59887 13116
5560 46489
32208 47238
67988 40630
51854 8560
5145 56905
50778 39413
67650 30063
6462 11070
24885 51077
38166 61783
57614 2078
39919 36008
37476 42372
60470 5947
21822 18447
55373 32637
38591 23247
7150 1216
67761 16771
60763 20416
59205 18379
11855 61580
65623 5111
14834 8020
23563 27503
17735 38416
51521 48720
42397 54379
59099 20642
3266 54951
23446 22600
59465 22891
26468 67974
59597 19842
11821 23805
42478 47851
21496 14339
16194 21283
11953 65216
14964 26749
58904 40117
47572 52908
11182 48914
68658 34758
50344 42084
67066 3733
20959 3386
49635 43462
49887 3736
22399 61670
43935 4486
19673 53433
21250 6095
18954 49419
23445 68840
6726 22249
54996 20732
40379 13123
40570 45701
58492 29190
37852 12075
23685 55035
15409 8694
17246 62350
26589 60875
464 54405
33176 57727
1601 17617
60116 95
65226 40820
65359 62423
754 61537
64680 33668
31180 16804
28427 42321
62353 47918
59473 12636
53760 62625
57918 64593
10408 25728
862 16494
32076 28746
36453 67468
6412 17015
24228 18691
19433 29564
7218 10773
45747 12425
4814 52932
19055 37002
4251 32740
43400 29652
11496 32856
6427 24200
14273 39467
54652 43074
23364 60575
21147 68147
37275 67752
23255 34961
47211 17264
4698 42985
12207 55316
39230 49122
42313 19035
48310 50467
49669 6294
8870 25939
56011 23878
8510 1878
38383 18738
61711 4472
17636 31173
15994 21219
35969 52005
43151 42275
69082 1536
54233 63017
68767 63419
27505 45076
27401 24609
7627 53171
14327 59259
69331 28160
11492 59401
63395 15443
37643 36610
55975 67436
41483 44218
34035 44205
46381 24422
17002 44694
65064 63879
68119 59811
64554 12649
23581 44876
30504 68036
38075 34455
25370 8273
208 47897
15494 55905
3144 3332
60934 16545
15457 12398
27176 59957
54347 14567
5963 38760
43751 16555
45830 45564
27832 40244
1481 59319
26371 57169
36914 66156
33348 23936
8892 52109
40341 66966
39359 18575
66413 29080
42458 2192
804 46392
43685 68889
51911 19893
3817 69542
23021 68819
43322 6160
44295 69882
62798 47535
62194 30203
4661 69583
17794 21857
63111 49083
20367 13126
60375 21711
43924 29657
60617 19930
54258 26503
7343 36494
68299 6412
39236 52544
41354 38863
27298 51089
43480 55216
8679 62462
19570 61343
36761 42195
4086 17842
44454 39321
49184 47
21754 9814
51062 32943
24561 40843
15316 27362
40408 8758
4146 7763
35586 53789
54247 18390
11377 18848
65150 63037
31149 21005
48705 31781
59233 51281
39667 20899
28330 54921
68826 51250
39626 25346
22940 32581
14711 45929
49050 9245
4902 29663
26490 36205
12138 18408
58167 52618
66322 16184
3269 18666
63264 36107
65544 42923
20196 1412
44580 15374
63370 68239
68633 68714
40680 13450
42905 61750
18782 30433
12879 57446
67653 39168
17396 16367
26895 59555
4792 9228
60211 44745
50802 35666
68465 5371
15183 50005
539 33483
5772 14790
11414 61149
61195 55825
6048 63872
13514 29444
68234 68530
40958 13507
2947 11610
40914 47521
42059 31627
26288 64820
25238 56686
37561 55270
36262 13788
69767 36727
41832 36159
57818 32987
15421 66562
35738 43101
19572 55004
20644 32932
35867 46749
15003 1695
2000 13256
67379 63642
13419 64878
27077 29018
45917 56855
41745 34833
35528 13627
18555 63946
32090 68023
22450 5519
9338 14130
40813 12921
44400 12441
58150 15398
6649 31276
17050 47278
3801 55291
61701 51609
6614 5226
13885 45522
50280 57704
11288 68520
51370 4886
23460 52258
58437 56597
46613 23690
40953 3165
43560 43118
25972 12951
10296 38310
61040 54021
17275 3720
12179 59851
61378 33229
12749 47001
59715 46187
40684 32598
61676 36259
30369 58460
29334 6266
18838 42535
33824 60058
47639 34495
51391 21050
24033 27444
43297 42190
42568 52602
59413 45684
63899 22552
3967 43748
8568 46112
62304 29829
14797 41489
46065 40087
62738 13278
60456 11854
22388 53224
36997 41016
45694 65169
16698 24405
66578 50161
13492 26497
53175 34693
14023 63628
42713 45954
9297 44172
69829 57380
60421 47378
52536 20869
54191 22092
31942 42305
20844 2088
63226 14612
50308 24877
8659 40702
44659 66339
27295 38825
56512 23319
57063 9953
44853 26034
30954 12238
22687 11868
10210 53037
14985 34521
60675 19106
42648 44586
12800 69839
58356 46374
23092 52004
40375 17437
53189 50495
9124 38524
14254 10776
49665 42446
42915 58005
64789 5345
8059 20318
11867 35886
28523 64815
18209 29422
25 28702
19232 32159
59373 57719
69633 28308
38208 19055
51116 1628
58611 38902
25647 31940
26957 2723
41498 63344
39287 57535
39918 54333
56981 25198
45124 54045
1065 24387
66903 67971
52979 52379
16719 50739
38560 34275
8181 47707
48395 34545
6964 56534
111 48527
47087 47778
14379 30764
36990 41964
4088 46803
30834 10098
56586 17629
51678 42161
41698 32362
50174 16878
53220 12665
50013 66513
57042 62356
27685 41090
22730 13738
62243 29862
18229 45658
24672 29356
50410 60987
47224 35276
54688 6974
20221 60325
37811 57393
16456 65161
17601 57172
1521 8475
9404 22459
2059 2899
18874 58782
63793 7543
57244 45562
17797 62473
11098 19383
17986 8360
54508 46454
59773 8574
55798 36188
23567 33032
59559 3615
66771 64332
55591 56470
58989 17480
50426 51937
46571 59260
29589 40610
24353 39933
55676 43324
974 30483
65295 66579
31032 53365
65763 18905
35292 41217
53850 889
48100 6944
4386 46970
4964 15688
63343 9308
48311 8340
14833 69439
63116 54226
18624 21130
68998 25510
36625 32611
60941 23507
67758 23756
10255 3865
68598 15664
11593 43489
32143 11680
10235 12342
40960 52895
6918 50784
45030 53422
1414 62182
61456 18155
59512 44997
67196 23985
61504 12565
43453 40790
55184 46552
46258 23254
38617 56409
37908 65495
21956 11893
4631 24192
39856 34145
34137 52616
8051 26294
62019 29707
22162 46033
6766 10692
38241 44528
3579 59209
37594 12325
63539 68665
10815 33787
16623 2674
66270 7983
10075 7753
36419 48910
33037 12517
17373 22088
36828 227
36074 69353
33680 1649
1862 611
22887 42843
19810 50431
58544 40143
48467 3625
22990 49131
34243 9095
30959 22596
63560 24705
23700 65301
69126 23828
4338 28623
44938 45253
11063 12710
19015 20274
20205 49043
65005 23191
54126 57764
50223 23265
31189 66497
57696 19511
21927 58341
27638 3977
45230 5083
7121 38199
34655 14127
15204 45752
6885 23648
21968 67960
60820 13071
52265 65229
62421 25318
39501 20350
62426 44224
69799 59595
30627 50967
49782 58712
51128 15255
34423 8581
69527 44348
56982 32273
1555 47933
37853 18532
50071 31386
41378 64326
69502 24687
12762 52991
69638 5452
46377 46966
56596 7684
35729 12948
43905 68137
35433 11922
35008 42016
12882 69120
33469 69721
51270 68377
60439 51667
31693 26337
25550 37036
68152 41985
44225 17758
23583 58708
41061 25958
1387 38399
8907 55879
12806 52985
68848 57035
13620 49423
58451 10799
46074 64287
28760 3124
37133 64388
33017 13674
25308 42142
4462 63453
3107 50962
12051 40095
28420 65224
15964 37644
15726 7225
17028 69148
49278 5457
24218 11690
14529 40255
24152 22723
33206 41112
38610 6286
61205 3666
9925 6188
59434 39708
36227 50450
55966 24673
42390 46107
33730 6873
9699 56860
36345 66634
8178 68680
50175 23369
50934 66683
43602 48605
7873 5862
33848 28115
34691 12931
23322 59931
57748 24341
9097 29042
64451 41984
51464 9564
23389 26688
64495 64917
14213 27098
18858 5929
56526 27005
28625 15248
13927 38069
57879 622
33948 31509
4570 43353
9558 23208
9230 51108
32847 48731
58443 52686
2460 5867
65235 20438
19511 32267
114 33841
4960 55423
51182 40599
34923 26854
19872 35733
43232 53636
51293 1341
486 54512
64315 54217
62671 49432
52942 36450
9189 24838
29603 63992
434 33217
50388 1368
63186 5479
15887 58869
47045 16894
43705 29226
52510 9244
7235 14993
11884 15110
47888 20831
44573 64034
10546 8717
60246 24034
38006 42911
26624 21938
23150 33620
5156 52194
50354 37331
25036 37545
39174 37317
51132 34276
63767 14221
11124 15651
57408 51762
24834 26494
18343 11339
4680 65270
25310 26318
3325 16662
31259 67925
64125 4679
50957 61468
8257 62760
40335 14332
65495 14603
69985 29969
58892 4985
2152 50865
4856 24180
44471 10959
7348 8835
44266 31687
5612 57141
53151 48615
15492 57424
27746 18712
68567 57937
60080 5381
19524 66011
30538 24769
9442 27582
4834 41671
18559 5736
64081 1863
2499 20017
61764 44742
6004 32874
31809 45891
17110 60560
1883 26300
22578 7397
6549 51291
40284 20067
12753 38248
59794 66270
22373 8343
8384 29523
13938 24113
14966 25473
65162 44026
28911 57524
8272 3318
26561 57742
55865 32215
44217 69279
52693 37724
42499 21116
15834 18791
18001 41623
42152 7434
27949 14597
5976 8537
22735 67902
43976 2289
8287 22272
35900 48546
18513 5038
54416 18808
22027 13605
48488 30627
21628 774
57497 49967
31935 449
5335 7657
13103 50794
49301 15682
20678 4614
2049 9690
63828 2595
10581 62447
833 50601
23517 37024
11684 50695
37190 31152
54556 64299
62392 32774
16633 45240
27022 59636
18755 62801
35514 20073
68563 59536
59038 47204
54006 29340
22879 18928
4932 37600
23594 22853
65522 50916
39479 33714
45594 21014
54892 48245
600 2745
30886 56589
25154 39303
15402 18873
69495 5578
12542 60285
47436 29752
66525 52722
28741 16388
60846 46261
27278 27277
36232 53189
25392 55200
14770 54753
62183 60370
65211 59286
23112 58182
20941 50914
5652 60755
7082 44277
47736 42731
27472 52283
32950 17448
43817 69460
59395 26990
5678 32245
13687 25031
6876 25507
3810 47634
63578 60736
67490 53505
15213 49128
30842 27986
58304 61635
42726 14241
54928 59287
26051 39364
42689 54018
30155 6670
14436 26138
29856 28466
12854 44261
31080 20542
54080 50370
26209 67830
49222 56595
28923 23635
61734 58063
63493 3125
7123 27061
57130 50590
18998 22590
28334 35825
59637 20429
23339 52675
50769 25928
48954 19751
17879 53909
59997 41484
25449 61418
47002 32205
35350 17113
26505 63791
44026 41447
16674 69546
4207 4628
7819 12723
36780 11240
17892 2814
14564 1137
61019 6915
60107 43452
54818 11790
45034 41065
28817 46753
38688 26609
20551 19740
22274 27920
30108 40313
11335 8654
53962 47572
68390 41354
64123 58539
28370 62271
62062 44384
60656 22967
36592 37977
1902 39747
56114 13304
32330 20947
32484 19926
56918 21399
29152 54420
19526 15525
666 69771
54759 53698
5797 20747
5251 61548
61690 36862
4407 32689
62819 14859
12845 19222
59303 58315
64919 12724
31525 5162
10891 17774
1629 49932
53297 61973
28575 49725
17395 62506
46977 22343
38770 2616
31335 47499
11893 57795
2088 23834
62887 58633
39956 2603
21208 64457
60200 45067
3200 44536
59617 11143
18170 48493
53132 9030
24242 17688
48552 39336
60857 19594
179 14546
9267 25839
43635 42035
4288 38319
38875 10889
55824 46493
35362 64848
27152 2092
10612 54754
44001 22160
7185 47870
67468 33124
47709 25169
6759 67296
14545 36733
50195 68215
47919 3073
60995 64175
5358 41756
47917 21874
48030 6818
22973 31301
8783 40192
26833 34487
43900 58843
14885 56748
62718 44240
27499 5303
29549 35762
42004 60043
46231 10518
35044 43637
66004 4113
55435 17125
36326 1400
7139 2519
8306 39677
48866 49896
45250 61620
59299 49810
63731 50908
65727 4717
69034 35427
16084 49171
61626 43993
69718 48077
69843 67186
38308 55642
59242 53372
48254 44844
8602 17347
24688 45383
60015 34287
11444 25285
10509 64072
51208 36916
23438 34954
37798 10920
10086 58966
21597 11115
36169 41762
14684 66689
19393 14880
65055 3016
19727 16847
68248 31846
2975 9754
38427 23214
17306 48941
62116 8515
45443 20186
55068 31057
58178 11454
2816 9885
38210 1265
24781 1763
8251 44714
2889 9226
30452 20480
68108 60394
44025 43372
44931 13872
42770 15988
63721 7362
69490 18182
58361 10638
60032 24324
39857 12020
17296 12005
40173 504
22510 56751
34080 30550
29725 27554
63471 6554
48746 10409
37768 50712
6203 41997
19444 69381
46285 62397
21076 25861
37388 24388
22985 61501
20118 8031
21136 58002
31183 24239
15325 66531
5394 828
41501 10428
16578 23050
57789 25916
34133 34507
48454 18861
24183 24818
26891 16255
4547 9933
41543 24668
45069 24517
19392 42128
48879 29848
58777 21290
21312 51730
69946 38892
39527 54039
15924 66409
3267 37409
53027 55906
65460 32893
19056 45189
41972 69541
20455 916
563 36891
43422 21138
38740 8077
62117 8230
37989 64740
19279 45119
57948 7918
44393 56374
14722 10480
5254 58450
18275 1573
15320 11565
40381 41734
3251 47380
52643 8635
28884 34399
58455 41821
46845 59086
12122 46939
42778 62974
7214 48555
25579 65497
69001 39354
29117 64106
36429 41088
25653 24942
2956 29900
10957 22355
58388 5597
11453 46255
67082 53705
51698 60942
25487 60509
64287 42516
41650 52854
67051 60769
7347 60869
47326 59268
52109 20013
56052 18624
48449 50537
50609 3209
48868 18276
1598 41514
37310 19581
45210 52353
46053 47935
40382 1829
58403 56936
11482 22647
28272 19797
58225 24106
54475 28442
58000 12432
37832 2149
21469 51288
55553 61904
54290 19648
18294 35507
11283 44213
18828 25921
27235 2842
39746 65186
62209 51411
68853 39784
43964 36395
49254 24897
11594 56736
868 57031
53669 20949
54332 63877
22924 7833
60571 13896
17948 8770
26118 42374
24381 62483
50040 37922
37941 18544
64303 30822
5536 67996
39583 64780
64763 28365
60746 54572
29429 64292
3518 1700
321 40372
20189 20789
34430 44379
39344 56230
61937 15971
16277 16965
54678 69421
23511 36949
64473 44709
32080 48937
3729 16795
15645 48440
36336 62066
64626 8274
8746 2322
47417 58600
62979 48498
57157 54658
33805 32259
62396 27454
15675 42756
67178 30598
2300 40965
34019 62415
21345 36770
7670 44664
19155 43393
41902 25478
60430 16664
17760 30006
46844 31067
21406 32650
6933 64041
35740 61572
47339 2543
54987 41086
46660 66973
6386 12529
37993 50351
38229 19446
69418 42160
10070 10658
67354 69368
25404 64349
24019 60646
21907 34867
41447 8773
39463 58915
35581 51063
12562 25321
46089 36204
1691 18755
17951 47682
67918 7737
36886 32321
48892 29273
63557 401
44606 42889
21369 46684
13425 19153
28558 35751
65980 41948
28982 63531
24697 41179
68899 26223
69743 15777
14938 38748
54703 7939
60358 25552
10014 68617
15279 66078
17201 32536
2278 49285
62852 55443
45641 1431
47523 39083
18221 34209
57926 26771
44833 18883
22572 38811
39936 3314
3770 3778
15545 55237
29145 10317
16871 48318
18660 60941
29698 19349
40296 58548
16430 50073
17068 20576
10303 58215
55681 41169
14644 14123
10189 35856
2465 59762
63473 36170
56525 25924
5573 59420
25737 37325
14132 21352
4299 16848
67303 2223
7769 16242
61484 6872
15588 42800
33163 62535
5673 48343
8684 18580
1347 41323
12649 49156
16226 3338
26218 56920
3836 42453
11899 51844
19079 23331
36357 42810
45592 4527
46164 37082
21045 42470
65620 7322
31697 65101
66180 8373
8958 8900
12990 18339
1833 19867
69316 13403
28443 21415
25107 30804
36944 12041
22515 46804
568 44324
12935 54086
28052 45033
66086 9120
62222 64548
48034 52503
24265 8147
57628 68771
14068 54573
23705 20315
49757 11728
55587 27166
28086 58786
67404 20849
29826 15106
53423 34178
41194 29806
16203 31361
61067 7408
14460 3176
68122 6880
17815 29560
64988 62744
37785 5557
5323 5529
10781 28705
43007 30496
64712 20006
15168 65613
50435 41873
37174 42330
59893 2524
40896 66880
58191 37964
29606 64518
53384 3082
38089 8908
56094 26231
24745 4720
62348 27373
48162 30082
23501 64418
1676 938
13786 45795
51953 10568
57418 48250
68507 66736
11142 21520
15627 52060
18792 27890
51749 964
52511 36886
13333 34819
22115 49061
8482 66963
47673 50911
26095 20954
44386 26423
26249 33591
52991 43842
16091 25661
30523 42869
55667 34124
65420 51464
36506 15620
35780 37406
52460 59199
46675 58399
62368 67084
63509 53175
67033 26817
36555 24227
19317 14771
59590 5461
16016 50785
64139 13990
65179 26947
30255 26234
17644 39140
3896 28095
6928 39764
8943 47309
65292 60789
3507 7127
23475 30122
50153 33074
42855 28418
20020 66991
39683 3122
12627 40620
10030 1621
68151 28368
64513 23714
61083 43770
38478 27048
65261 65483
64259 42908
66165 60016
34297 51217
45039 21661
2317 64446
4142 62938
56415 37401
15616 32574
50284 10181
58998 14059
41230 36
49328 4090
58007 6558
60249 35945
4717 2
4307 39774
23183 58335
39721 20905
21515 12745
64420 48242
17628 28221
40955 25007
50998 55466
63892 9975
14337 36698
61581 54721
62379 2936
20488 38990
7306 4587
51300 15739
34524 39591
64841 18592
49519 34436
46238 59891
37282 26826
42007 15772
3690 3981
5914 62457
16804 22883
48027 1881
45728 14757
3526 30777
44730 59670
49883 35801
12760 35399
56119 2957
45239 62879
46841 8295
53993 20093
46042 28243
32012 8541
32456 52107
30753 49470
40908 3919
11134 4871
8586 65199
39966 56688
15004 61041
44250 54058
22254 22941
2584 1740
42745 5772
4900 8259
60413 36809
55375 36906
67471 62806
55204 26569
34947 35034
2675 3200
61565 35647
2915 24651
41487 30779
49511 58719
51158 256
42261 5784
12810 57062
64011 64033
13115 30346
26989 6199
44036 37555
65899 47715
44505 11589
21841 48143
39259 61929
47623 21483
57147 48925
26445 48664
65137 19097
9873 42037
28060 45455
37665 53347
34755 22802
6231 52663
38971 48774
52695 61275
29608 45540
12054 38332
12417 19351
44151 64817
35831 53455
8818 47230
69608 56586
55982 11331
27491 33188
10049 18041
39564 43622
66145 47012
39310 61153
56743 59084
26225 21533
54305 5605
52731 45018
32934 66369
67551 19013
59406 44781
23672 20897
2439 18288
67663 51951
24451 10715
65432 54917
27913 14665
61250 65718
35119 5503
69825 68101
56850 13608
7849 530
68455 33387
26300 21588
47747 29725
60620 43896
19366 15326
31507 42663
19723 48933
39358 51769
53774 68567
41767 51486
8445 28715
54060 46024
34988 53478
37624 13950
21049 29598
30951 59462
53198 24685
19656 79
25155 64908
3632 18921
32190 9465
40704 53231
60839 39697
63621 27427
57165 12660
55315 25036
4851 3081
26476 2126
20888 4077
35745 38770
17883 15870
3820 27144
33869 9351
36409 8785
23067 33219
63681 59324
2610 15592
7252 55302
11001 46861
39057 52823
8334 1386
53348 39350
47637 44980
52022 50823
18424 49141
30939 27322
14672 39818
65569 56168
15813 62711
68415 5489
68847 64401
33005 4132
65071 65536
11830 41895
31206 46072
16028 4069
51112 33526
30925 62076
55427 50300
18911 12846
14001 55405
22958 46014
28064 64266
35986 3582
57603 49804
53527 5069
33333 63891
7331 11381
64273 62243
49114 33051
14807 12066
55546 32164
32290 12322
36404 59597
18994 49788
47579 44222
62289 31638
2763 61510
4563 42320
7167 40608
31415 59140
33159 28385
40537 53820
47561 12446
15998 1350
30984 16828
57987 3701
50918 66362
1032 58253
51509 9058
33494 65808
39439 23755
30863 60710
38984 36011
27576 50880
21002 6386
57521 15424
41574 67730
53254 22796
4441 5219
35919 38049
10499 43440
64448 55933
61747 14376
43611 20290
55361 10070
13160 63196
34206 63734
66367 32643
8699 747
46119 50765
42831 23152
59410 49378
6829 5751
24084 39621
58118 23944
17838 29285
404 44574
52516 64665
40049 29981
41121 58284
10779 15217
14527 13309
20687 21553
32717 18246
17052 17302
53781 57423
41865 65031
62701 48061
34168 56358
22739 2692
42937 68836
36936 48273
26040 13937
54329 54870
48183 62084
23841 4396
51577 36557
49457 57186
29424 55346
2718 8774
3011 8543
29978 11436
11663 34443
60611 46877
25988 62211
34313 52603
22120 66469
6526 31881
52565 18026
56218 15862
19563 3161
11674 21234
48225 11322
22299 24484
15382 25758
1851 58472
68923 48932
57038 34473
59469 62637
64770 8759
15534 24316
26627 54167
24976 15185
34892 5211
37744 30442
64772 26536
50080 19319
17066 39367
56533 1468
27081 48741
28255 7864
37090 66873
24821 1595
54832 14779
23642 68756
53547 34851
19130 69537
3772 1161
38037 39760
34315 17965
30866 41882
59111 62966
32548 27992
48450 24729
60053 62228
11238 62689
1353 28066
61458 12983
17460 50838
42369 9296
27816 19152
50266 16641
55482 66830
33585 19059
9576 8913
12489 62612
7701 67291
6831 9515
43629 21592
30782 32384
61727 54200
46440 47412
703 29537
33248 34403
66132 53267
49931 7822
39651 56607
51734 5625
48615 42007
17333 51725
5391 3627
22265 25246
66028 51220
64598 58960
44457 29455
61353 62832
11751 53285
41592 20616
69524 31633
56745 68323
18586 37700
34132 9838
15315 56721
5789 4052
16761 54699
65433 8695
36832 11121
47264 19080
56373 5237
37084 48434
34501 36358
34572 51547
41027 36810
57118 60884
21625 44759
41359 39780
64393 40389
19827 61593
57671 67036
6976 63936
24763 50607
19481 17992
30129 61516
24005 44182
4701 11926
61637 64183
34109 44881
21438 69828
61229 67764
57204 8249
15208 32977
64869 35156
5347 35554
57871 37873
46730 67308
63597 29864
60000 41033
64617 42489
14745 31381
19406 25070
16208 45681
45824 40154
12266 25146
26704 43909
37240 67853
23679 53942
22059 36507
66682 34592
27840 55555
68946 24688
23668 18256
54581 38669
10071 24900
32265 47381
65289 42093
12361 68173
43078 22730
3403 15364
37262 38203
15990 32379
51665 44221
48964 65137
13903 49152
42407 32196
20156 51332
3785 63484
10626 60173
60324 44748
62896 19182
59514 33388
35301 33101
761 16310
43179 49357
59389 51522
42588 429
16951 8723
27705 24764
37088 33399
42359 64888
7280 59607
9270 36319
49990 66994
12131 55115
52280 26109
33445 34826
23333 6684
31468 56061
52287 64168
11691 14167
2689 62439
27293 57302
21357 50710
50922 41045
52743 15656
37348 18315
15808 23738
39132 16111
64337 47361
56671 7144
40646 5379
17209 9212
47061 36354
12598 14086
48164 35182
67195 16702
26198 12569
64176 55479
58386 26856
50868 5235
62448 7849
35191 1292
55453 14606
11826 44251
55383 36330
48266 56336
24427 30211
56900 28894
55839 34962
12183 46341
5301 30981
67285 19885
44794 3009
60756 41513
29391 28820
20326 22524
64923 50237
69112 2286
68771 21024
11007 11951
38104 35354
61371 63735
57326 16327
10379 12542
62602 32270
19479 53268
16750 28964
39376 31723
56064 60229
38730 21712
6256 22747
10032 28881
5911 14076
67295 416
14108 31297
66933 40435
55695 57042
54136 50686
12385 27970
60904 13156
33212 10748
46591 53548
33406 58214
10718 58003
65988 50394
2133 49829
14934 35616
60671 26887
23535 64425
23883 57233
5933 68674
10918 44865
54559 42216
39014 65410
41150 66527
59638 50843
58976 26932
34744 48885
44740 18942
24536 10140
27666 22071
24260 52954
10253 28565
33990 41185
13937 46304
56859 35933
767 32607
51765 38100
15294 49735
1744 61567
62538 3182
60315 31992
53097 8480
63796 59277
39689 50970
47282 45244
39670 47124
11487 49935
16396 2687
1819 58370
25009 55593
14669 11726
2083 57326
24671 33414
3515 45644
27425 29958
63061 35275
31691 48051
57120 34061
25024 62722
11285 20723
39442 28723
60743 67787
19421 69591
2860 4758
15265 49997
21772 47786
19979 6289
58362 29961
63577 20809
61800 12109
2573 6563
58919 32820
31802 10389
26390 68847
38645 33443
51346 59389
6675 19534
43759 38425
1033 57134
13457 36506
54485 24383
64973 30028
38113 53670
4852 40842
63898 21841
63715 68225
63951 8753
30397 30385
69247 12095
2493 23062
55313 37781
41400 61637
8325 22011
35108 30966
54676 2253
62042 25610
15328 10099
64853 8832
45452 35265
58763 69987
57178 16271
2728 60626
37751 48357
25193 23452
61505 20018
30423 69948
66537 24486
28797 32198
61403 1147
17192 22518
38456 35696
51167 67273
54639 65656
47220 7452
61909 51617
21238 17689
27160 21890
37023 6337
11298 61482
63294 20436
16921 17340
22714 31710
26147 48129
20489 36606
64512 60609
13226 32217
54524 59631
64714 22957
39801 14402
30766 32535
27451 5541
6167 8792
2377 17814
34185 76
46799 37645
20789 60395
22901 69324
65992 64220
4191 51776
8345 52940
44268 68820
56443 61161
14939 68113
29713 53111
15819 68613
29373 53436
63749 21876
33794 65950
44607 65501
46563 16547
6118 4774
35061 27118
19816 9623
13651 48170
6609 15144
57387 54056
59918 50145
14540 49276
13880 39259
13353 48972
5502 3130
66494 41229
13817 63862
21896 26045
15475 28256
26921 57087
20583 19290
38290 58975
66309 18330
13015 39581
20224 51952
47676 32047
43858 18654
18059 2147
16120 29763
26463 57545
57555 63803
54494 52330
864 61126
32155 60976
62085 48703
44738 26830
37586 60726
66195 17094
22448 54500
11172 6731
34868 32161
48816 19076
54397 13276
47271 38722
32172 49026
69423 6963
55276 45948
29909 60961
18088 50667
56207 56805
54187 10240
53649 38529
60130 46501
67654 67183
47419 5312
3902 62844
58010 8881
19083 46201
1304 43445
67810 25360
11113 40678
44343 1450
41263 19129
52646 35339
21539 7850
56895 3236
8057 66783
51547 28665
4862 68301
19786 48663
7578 58768
68129 52877
38762 43784
54960 60332
52692 45473
39889 37346
45110 48231
1036 6674
36672 16161
69179 57462
52945 63900
58483 56808
26888 67368
57953 4740
45253 66316
53020 8820
25860 20098
39523 49536
11047 43274
4846 35011
43843 18869
51118 18640
16516 25734
68220 12215
37215 50318
28015 36145
12167 51695
40928 28867
68333 5491
20976 39704
3070 1588
3656 17425
33908 25493
31633 54838
39839 25384
55411 54735
66228 19877
14476 55957
7858 75
48888 8681
34047 21417
66519 4911
46462 34801
