41906 40168
7297 3577
1640 764
18025 10285
16050 33133
14629 30756
9145 32496
6718 10840
35742 4907
5698 32221
38699 21014
27652 15788
2083 21686
1953 18230
6141 3300
14329 33223
15248 14596
33119 36078
39454 24815
1740 26430
36782 15401
13032 5167
35714 30088
27494 29111
14447 37555
29440 29367
38619 5769
18232 32667
426 29300
10464 20714
27697 7780
22299 32596
18211 1165
10190 6727
14111 26440
22060 27024
6699 2349
6079 36513
24899 35986
6339 12
23527 5957
22542 39598
39566 40572
17336 41782
2848 19963
30109 33315
35143 36854
8181 13557
24808 29899
5165 22339
36179 23813
19214 3557
41199 14610
40536 29784
23701 21757
37838 36711
12602 40617
4559 39319
3004 31008
14936 23809
18966 29658
5230 7473
15257 6386
6620 14533
24912 144
18218 22372
29715 23275
41661 41528
23910 19136
10660 35894
24261 34209
23284 24504
13731 6968
17497 3001
4680 10759
39921 32272
41614 9205
11216 26819
35006 7010
16044 16666
10709 40033
30295 12840
24868 12291
17692 7914
41944 25749
36501 14129
14393 29953
21253 12490
3666 22147
15011 7063
2104 27163
20674 3048
26291 41501
17547 38589
4338 8076
13827 29525
37171 29976
20623 38622
13935 33044
32718 8824
25929 32692
30072 285
9364 34758
17360 3184
9151 36257
16163 28365
36790 38347
35323 31650
17220 11614
38312 37917
28078 11381
38243 8414
26176 6787
23724 25390
14374 39358
9066 39726
33393 21093
32344 33038
5958 25210
3088 27438
7186 39912
10017 16269
41121 17931
10485 26075
27667 22470
39087 19279
4164 29678
25217 8741
25010 9056
39053 27050
30675 39488
34677 33574
16477 19590
36257 35902
753 20573
7508 36280
35191 41457
17487 14244
22294 13166
7311 13744
19235 40906
28493 19044
10366 22630
29736 8695
213 11654
17262 33024
32807 35553
11709 41739
33272 21128
6974 7564
40980 23085
19559 36850
41875 31482
33271 38195
39910 37398
13036 27360
24505 34990
10588 18739
35349 27682
34758 837
38 34258
39253 6978
21244 1657
32022 24961
1277 9525
7332 3478
23789 3710
20154 13101
15693 17497
3797 10548
15786 18784
37183 16421
5162 9597
5614 4066
31850 19343
4536 13370
34912 35467
8242 2118
8415 23507
31149 29662
36032 6717
10822 40378
17371 36824
34582 14701
39754 36784
27731 25487
13881 15572
35344 33484
13183 18851
20429 3079
26149 25008
24473 25399
28712 27301
33920 20491
29589 36185
7931 3526
16247 850
14726 16472
4197 13310
22157 40670
1379 29037
38556 14782
36302 41536
15081 24101
38565 38561
14433 35823
472 39544
4653 12876
41360 12682
3859 19280
15004 29414
4418 11628
2059 4881
21655 12254
4644 11390
33696 33676
15598 7822
18251 24721
31813 2664
14041 28083
35340 18292
8672 36478
37424 17318
37763 8525
30977 10547
15926 38273
30997 16713
26678 370
12479 21664
6182 30562
6353 10146
28250 2618
23220 10074
27760 21144
26942 39118
30607 3333
3551 40985
6450 40345
3973 19737
26387 32149
22237 37531
7162 36056
16296 23468
12557 4777
12466 20832
35147 34433
29401 14416
9187 12051
27649 34119
12026 4469
18255 33105
30319 10445
16372 27259
4941 35592
29042 35196
36067 26439
6417 6026
3316 22899
35428 14497
968 13983
6113 21751
15492 21697
10900 23646
26635 19240
31827 14317
31547 40520
14009 34767
26283 31121
3843 36788
10790 577
24837 7519
142 22676
25587 29208
17381 15752
29820 40220
18695 40707
27723 15980
36423 2614
31895 21033
10145 24994
12446 7431
19446 25289
14268 16816
3833 35405
37958 18536
35534 1620
3995 33874
20553 24574
3747 33706
3287 33341
38285 29201
31247 31904
32955 2874
34808 19428
10318 12617
3728 20993
33282 33679
5251 5397
12179 6289
4491 10971
38997 35257
4454 34945
15415 481
26462 41087
7857 4291
37335 13814
16136 41256
37941 13971
38963 27801
2605 6811
40592 13473
5373 35243
27475 28524
38252 4727
37043 10077
34262 1557
20734 30096
17090 21740
13387 2483
20591 5736
15643 4801
17408 11665
25939 16510
8578 36575
19661 4617
29965 37681
20721 14919
4755 16951
611 26715
30035 25431
40709 29565
36897 41302
6553 26506
4802 28379
35235 20736
13970 1107
33154 25527
8681 7754
22873 35051
4509 387
16010 40525
24218 4145
18677 38379
10339 2983
28717 4758
35601 23443
19826 32954
40087 6956
34665 18995
513 19750
36347 39752
19621 5670
6789 18450
8801 28684
17333 24997
7565 25895
7015 2020
10188 31064
17849 10245
18466 34962
39639 14410
13804 8938
22472 25625
13343 35765
41566 19332
17301 41553
33123 9443
32017 19534
16458 24454
3330 731
6049 36276
41569 36378
18133 9266
2890 8077
233 2738
21860 330
8574 37534
41754 39103
17168 25827
10590 35203
28957 35883
36155 5579
28029 19969
36760 13767
634 22535
4932 13877
9769 27044
35756 33591
2362 9336
24197 10549
38176 12059
36211 14470
9706 40429
28167 16564
8353 12736
2742 7512
20203 11886
23898 37179
2615 3565
23450 35970
13768 30230
16354 36023
6737 4794
23179 19049
36693 4415
26633 16430
40676 6436
10129 12938
15515 38050
10650 31929
11604 21683
27021 23406
1625 8403
11755 15371
21771 6557
26983 18687
16264 40601
17486 4575
10434 20827
7085 31842
25071 29534
2538 21519
30848 40393
14578 20033
13080 38285
30167 9988
22916 37065
20001 37150
14916 23888
14610 20732
1551 28070
12657 11052
26114 317
21513 20527
18259 16134
4550 14518
18293 41998
23013 28582
33385 18133
26194 23560
35142 8802
21703 21730
1809 31455
7560 30334
17119 29187
11703 23511
38050 20020
17398 31915
2508 36155
7105 7133
39097 11520
28480 39756
22655 5373
20558 18391
28600 9176
39729 35299
33517 12874
7579 17252
25245 41067
37788 5012
12458 4942
16694 1221
2909 33239
28578 41395
111 2045
34074 38135
35288 37939
12913 26551
23870 38669
28266 13944
4586 2403
21640 36150
40840 17080
20573 35617
8168 35369
19682 30940
33235 9741
20270 23975
26765 25723
21377 14635
26372 38641
19377 19071
36334 8775
8342 30455
12573 32842
27555 33451
24848 5935
11406 26004
40339 23847
37297 32911
19724 695
26613 15656
35910 40242
27 10869
19915 33695
18804 9200
13775 29244
28174 10435
38010 11741
39759 37117
21119 37082
30474 9582
28953 31687
28978 23515
14006 2649
33501 14341
31011 31959
11121 15188
5558 4120
18599 17325
33781 24212
41481 15337
40584 2806
21967 13552
6121 33941
15393 23675
20344 25435
14723 30781
13051 29796
9657 3044
1601 2616
3029 21239
16047 6765
31139 34169
40061 41522
4773 17924
29847 17257
27161 37922
41273 35675
37728 37367
12743 11394
25165 24685
32400 24807
26192 23941
15990 38515
9672 5102
364 33861
6986 16488
27863 24664
14342 14608
11527 33841
33945 26598
30445 23128
3292 22613
36531 31907
16332 31596
7954 433
29915 32889
8739 9108
30451 28830
34809 10854
36630 15073
39024 5053
20795 33721
29005 18404
40151 13862
33082 9847
27967 12250
35906 10313
29224 23739
10431 39455
31109 7755
29496 15096
16987 27173
16204 21642
41790 7428
18174 31557
34164 31380
31759 31394
41075 13809
15680 38719
17997 10568
28828 26929
5078 1472
18726 15970
15368 2828
17808 8382
22011 37585
20953 38821
35400 10560
5281 8830
9069 41258
9885 33597
15156 2569
25103 37505
10015 9625
14022 3665
4210 10902
27189 16926
26713 11799
21685 33859
35561 26572
30535 39280
27249 36937
4081 41788
13556 18577
27535 5620
25525 14195
38279 29439
1281 39750
37729 30895
24929 31567
31260 11179
387 14377
23053 26921
19570 39377
25559 9353
27461 38185
35273 11920
35792 40843
39535 33477
14454 17336
31997 10992
14381 22458
17888 29719
28563 39095
31828 38706
1903 4512
25485 15062
22029 24787
26498 25262
10817 8665
30631 7116
8365 1086
40781 13262
35005 34257
1768 33054
25823 27512
38791 9802
36988 39683
1777 6312
5502 31187
28090 40289
8894 39310
30258 2559
11910 34828
3296 32987
17050 7702
24845 6108
21454 31605
13872 8542
29800 39550
21421 35343
22119 79
24847 28279
18236 34213
27628 27570
16533 24274
5368 2847
30823 34723
1271 28113
35352 15040
3414 31597
22936 24985
14695 22972
4497 38604
2639 37757
2034 6404
16206 27885
13066 16681
1336 31270
40720 15238
9987 5494
15634 18565
8273 39210
31036 35634
7497 26782
36961 16896
14285 12388
30477 359
16794 467
24176 37879
10997 34246
39708 7723
39797 34064
7507 472
10733 24578
20385 13463
37925 20703
1683 26795
20445 23742
37736 6986
24597 10144
25996 27924
12998 38363
4981 16623
38804 17125
41107 35135
15916 27759
6679 37007
19765 23963
39349 40101
7934 18060
37089 26048
2692 13350
22755 27082
34914 36183
28075 36541
24286 31620
4520 11713
33159 24263
22363 36641
830 36367
27529 31704
32126 16632
6917 20097
28412 37857
23737 22568
41654 26092
30130 9049
10027 7805
28541 15059
11544 29269
34194 10604
17701 6572
40365 14055
35270 26252
31687 22180
30466 36083
28546 40241
38829 3412
17590 10535
21123 25501
16089 41673
5680 347
18280 5970
29544 30912
15982 39338
30456 28533
37346 5777
39999 4200
24838 17242
22047 14534
1881 24304
32395 5246
21301 39914
11918 2475
31953 25188
13902 26257
23254 40237
16932 34145
22305 18775
18328 39156
39070 3766
18106 11487
36425 41963
666 32399
33858 28769
12522 702
5611 13220
15818 33958
26636 18744
32020 12763
36385 2203
15750 39290
31202 33460
32167 33805
29372 15183
1131 40318
6099 11108
19284 2364
14523 23576
26503 15680
15946 19
20068 10319
38113 5692
24185 18084
31016 26178
36273 23143
34795 25897
22529 38410
27886 13128
36071 33931
21679 1008
23057 4497
29737 5910
17755 36019
20095 18645
16476 36643
15109 38204
7908 22813
12622 22773
20680 18122
7836 14831
35119 39739
12134 12749
12553 29804
14181 26474
31733 37678
18121 305
38640 17112
34383 11472
39112 26682
18547 33177
6589 36611
12722 4744
19415 32976
14909 19285
23651 22281
11760 7669
19810 33639
928 16889
8296 35253
17978 37677
2983 16394
3574 29018
36265 24713
19146 36908
8276 31696
41804 15944
32171 22261
6724 30072
804 30194
37622 38459
18635 1793
30763 31587
31374 7620
28867 16897
22329 4428
12083 25079
3368 14443
16547 15069
31309 20692
7477 27029
4283 23141
26261 33850
32228 35105
4856 638
37816 17259
41252 16270
3514 18828
9944 6096
9778 26145
36887 22413
19913 4983
5583 36344
16266 11698
7763 31232
36574 20570
27275 23170
39736 14324
39068 37599
40529 17635
14791 11979
34248 12463
29525 32703
29015 13086
19488 15392
38570 15864
28104 17394
20014 15022
37266 13289
40700 16365
3948 40541
39953 23333
6504 10224
13618 6992
40994 7857
13830 5144
17344 32288
5321 40228
10293 435
15720 35487
11392 2770
36176 31608
4920 24327
10259 40677
176 20672
26773 32267
38917 37652
30797 18005
19088 32166
2140 11985
15171 33498
18882 18368
18529 26076
29756 14556
4665 37793
15298 8405
17338 3549
40964 34455
38653 27734
12965 31348
27862 35440
7522 2135
35689 32931
14734 22760
9765 25803
17409 11456
9322 29963
3909 7889
10874 33962
20160 30152
37304 20687
18915 552
28781 775
8150 13812
30717 24867
19929 38077
26379 6603
17842 21328
32799 23698
35389 40160
32362 17020
28689 12266
5272 35951
39193 17227
2613 15542
28314 17656
21124 30891
39565 40180
16409 22486
1696 23982
5986 12053
15003 32688
37697 27784
38478 13798
1360 27466
17663 24400
37765 23926
2637 26254
11482 18326
30835 29539
34011 11790
28982 37448
18230 8595
11895 37742
38361 14980
28567 6546
41602 17692
32226 15454
5980 36395
30803 28326
22804 24962
26762 12850
21844 9559
21041 9801
6856 30998
10540 639
21615 11575
26978 27625
32472 32742
18889 8813
26245 41331
36052 33883
2405 34996
29808 31892
5772 19664
20613 16448
16542 36841
21187 37214
7598 3127
26489 26110
33725 6487
76 10705
35560 3935
30277 14121
27083 31231
3553 41279
12294 29482
33977 21933
23710 17025
40805 23657
32670 23614
40987 36724
28970 36536
3383 16890
13341 22554
17502 1300
35994 26986
8587 7946
18877 23010
28713 39688
31767 13039
7958 37805
1892 35288
41290 11439
39904 18653
15683 23273
10380 21306
20366 33453
36100 31949
897 29291
36193 5139
26739 24974
6109 40218
7436 18778
30242 30393
7699 41400
10091 9493
32662 10983
19128 41982
33350 22112
17920 27645
27230 41372
31622 40129
30948 37463
15974 26528
29936 4676
36128 5185
9480 10617
25139 22520
12492 14957
39281 20545
33309 20767
8947 19095
4576 17530
18105 39675
27194 25917
22275 17777
33276 29157
17510 23801
169 38465
18537 34141
19567 29511
38466 27132
38006 10966
32090 12052
9739 1514
29265 8195
35297 15377
31742 16492
22619 5248
21787 13801
36171 10939
35615 26021
24721 6751
29842 6263
21089 4181
12364 31011
15651 35943
37474 3528
25099 1728
15307 26019
26921 34340
2861 5456
20853 6812
24985 17201
25303 40508
9969 10177
32462 5526
2427 25549
8274 20275
32919 15032
38679 16214
21758 18624
6578 29043
28856 41058
6535 8285
34469 8604
29946 34521
1006 11181
9448 1873
26869 2304
10117 23386
4904 21313
30769 31206
17369 30618
22188 35428
40846 17853
26050 35950
5264 29154
21533 8855
34972 11603
24905 38721
20753 39164
41078 29921
31979 41357
35457 41672
2353 36962
40466 28507
4485 34306
15386 41930
41364 41913
18834 34983
5924 20294
28441 22753
6452 31566
41534 35368
6587 14886
29077 5870
10903 28958
19626 20177
1898 23972
3015 27015
21259 17027
3678 10206
19227 19895
23493 692
24566 7
28226 34297
9541 8933
16004 22537
34811 18794
27005 30750
11801 35069
11141 546
11474 32240
5176 31266
39944 19636
40614 599
15784 28210
32616 19197
38218 39126
9380 15153
15217 474
30222 35928
41806 24488
16645 12359
30119 26984
16734 36737
616 28647
30491 25871
18851 16378
35822 10701
10354 25541
4841 24797
28950 14457
22647 17235
38508 5192
19606 27672
41874 40982
27808 15700
16391 33857
29940 40188
19800 17817
13056 18657
25212 34862
31668 17618
6990 27061
15546 12321
24994 4487
37482 11955
23525 8954
37671 18979
19391 7233
19349 41740
1438 29842
25940 40484
17989 29673
531 17835
3215 40813
39742 32244
32554 12307
18757 1272
15082 9972
39785 3253
23090 35060
14353 1451
41722 12186
12461 6703
40691 18489
16426 17642
8964 28733
41173 538
6368 15258
41122 5912
2584 9876
20247 966
28890 32348
2187 14234
37983 22408
23912 27542
8613 20420
5907 32663
19341 24340
21412 30389
27231 2080
11511 21644
13160 5258
8662 9575
35351 3673
23977 17466
34790 25718
32886 4679
17861 35599
10784 30812
16841 11902
31579 12596
19343 16390
22199 827
7548 7993
30693 16316
4935 25219
9225 29030
14786 16199
26045 2197
36525 13054
23972 30202
5919 6158
25859 34154
913 13661
17332 30988
35165 25502
8100 20455
29805 21173
24156 10395
17182 41233
38310 2765
24971 36018
41848 34140
24345 8005
7101 16602
15324 31538
30899 41847
1641 19584
40603 13024
36793 23621
21497 3414
39983 14273
14508 7401
4143 15465
41642 41479
30427 28454
19805 21268
26759 988
7647 10969
9161 18095
2972 38319
2439 7842
19947 25940
32285 15932
7611 586
6370 2753
15388 38082
35229 31148
8891 39074
25471 10158
29730 5865
24315 16301
35403 10335
27468 32763
38492 5991
10127 40544
27190 22179
6490 40969
32070 3936
40348 3918
26747 23300
18334 10088
2145 35151
24284 7039
14239 8247
29058 31972
29144 15249
15474 20758
23769 36593
6512 22762
24074 28752
35683 12647
23507 1400
3969 24758
26093 23473
18081 2588
12440 31805
8006 28673
29801 36637
6008 19315
13901 35569
41910 32119
39135 12438
1400 37140
3315 12231
21857 35627
15963 22785
8253 21213
37001 30697
13449 18044
36321 39236
13577 36342
38430 10509
14153 4514
15270 34809
9671 10160
39059 29451
186 19378
18172 35495
9483 24060
8520 29759
35404 48
16427 41814
11436 33159
7205 24841
1690 12160
8638 1227
974 40615
23478 23861
15594 40646
38592 15650
21219 21018
1035 4152
11420 35322
17392 25395
3435 12444
8308 34346
27589 32608
34478 36141
7449 10102
4166 40177
31212 18556
29379 21142
23727 26857
33636 21105
38907 7240
7147 6309
29623 34289
33020 4370
14520 2869
40312 8505
2842 11708
34174 2050
19768 13244
30019 7016
2042 31810
3987 12558
31391 6472
26321 2086
27937 37422
7076 25468
32131 32107
29070 34461
4817 40893
5295 38686
21110 16774
39866 3217
9722 24010
4305 14466
8271 39712
18024 4645
40916 858
41490 13680
38363 32205
35938 5241
21312 30675
24963 41873
39151 3979
34771 23654
19327 36571
29735 27260
33132 24188
39678 3821
28194 40432
6500 17421
7499 34670
36133 2665
14092 4613
28186 19917
29594 5108
14975 14150
27120 34045
22213 6365
29721 6634
26132 15140
27263 34843
6232 25254
20484 12417
27969 12657
20482 34485
16705 16303
24531 37358
10004 11725
31082 36597
4400 36579
5979 27210
5595 6915
6110 41853
28304 37786
6329 23460
24422 30063
8528 27989
36463 6823
3931 10933
38435 11823
36805 36043
36811 26317
21604 33076
8011 22120
26923 10367
23174 39317
27718 29034
3372 23090
20477 20654
23046 36051
6790 21277
37875 24362
33254 28220
13943 21198
10141 39873
31601 15776
14697 36907
7093 35759
22946 14020
36456 24581
24089 36061
7530 16652
18257 23594
37625 29649
14822 29328
28123 26024
36764 13
40746 2272
40212 18644
36487 39044
1721 1069
39912 33923
17528 8853
11824 19782
17910 431
20250 19683
22271 14542
23005 14079
401 20638
11889 1423
9389 18086
37115 36285
26266 33507
4561 36460
9298 37400
41496 37462
2010 10140
6014 6180
34766 2474
14099 30171
24655 23309
27515 10231
29731 9071
22341 17367
10316 24058
24252 38153
20424 16375
37198 15270
39075 16794
5568 19681
3448 6024
10197 37388
10317 26202
40491 37295
3262 14250
5347 5060
17833 21280
29040 31624
27789 11332
31829 32000
39786 37764
27144 6250
17903 39010
14128 19687
33578 2450
7460 37768
22622 25006
28175 21915
7268 22802
18563 28463
38872 27298
31892 7900
34534 14859
20213 39473
2977 750
14452 41543
25904 41432
39278 25067
3591 3548
504 19975
13398 34366
19754 2699
13844 20927
8994 35385
16746 37023
18970 9803
21504 21420
7864 32926
507 14471
32597 10040
28224 3311
11515 25748
8467 29204
24918 39003
34904 37700
32786 33078
36617 5904
23211 14555
4724 28308
26023 18992
2773 25843
28589 9701
1229 8664
30131 22032
5103 5410
20517 31186
37733 37450
28134 3232
37579 35924
26505 26162
41953 17207
27374 5576
18974 26118
7549 32888
26545 28475
1367 8545
21285 8839
11264 31518
40510 36655
30153 12984
23715 31973
5776 25908
28621 37443
6938 12852
28553 36777
38593 40370
26244 34358
34339 16138
5155 15881
25937 4696
20335 17450
22251 28185
14521 21196
21828 37750
11019 5872
5006 7375
33456 27105
41500 27758
7473 23939
34774 22827
33421 12484
12708 21020
22897 22579
23010 38921
9680 1587
15485 19977
6738 11093
9598 22920
16776 40385
12929 28981
11371 40841
39479 9557
10019 28867
4939 2942
11610 15302
41154 13087
32383 24499
30406 5624
36945 7365
37977 3575
29420 15929
36995 40699
41635 9679
40929 18854
21182 901
41106 22497
20719 7293
9894 19997
28821 29496
4476 30880
30732 1491
28981 21750
41379 13698
19846 35259
18002 13886
38760 13357
3682 35811
23065 34293
33249 16952
4863 35967
20343 31656
30261 40832
29617 9264
2465 1206
3729 24682
24166 38208
18814 34525
5029 2850
5918 16742
40306 11163
38934 3940
33232 18614
25198 13153
30325 40499
38033 17779
36328 3479
2689 30472
29474 547
37465 4365
12337 25471
21072 17781
39650 23608
31171 7071
32858 1251
9887 19169
4055 25332
29526 15150
6784 24950
22508 33328
5527 6528
33067 20674
11309 31763
2566 39132
16237 34837
28798 12218
34346 13034
34259 32811
39965 30015
10404 36746
23849 1409
24436 2606
18540 34696
25390 19984
26790 21861
22176 32109
39184 25782
3432 10290
41346 1205
21932 22727
4320 23063
21607 23291
6194 40976
36567 19814
25334 15480
18622 32851
16515 18080
39499 4064
9855 41012
21848 16888
5342 25374
38191 1932
9269 36369
22926 18363
20332 14784
25688 9943
8451 22400
5553 25746
20289 8996
24687 5754
21528 25049
8376 34126
34498 40138
6125 40995
27749 14905
33325 27351
23713 15753
1195 37546
23764 10011
20242 27949
11814 20473
14038 39674
22396 21581
31869 29437
12584 35536
14847 8636
9016 13551
10155 9082
5058 38079
19386 35479
6629 13259
35375 9052
34507 20251
2474 34329
22071 8864
40504 9513
8589 37018
39142 10358
24689 20808
10110 4445
10634 36526
11852 34929
40943 7759
10849 12068
28684 20815
2864 9537
26927 1933
23875 20886
15567 27135
29112 26952
40016 19881
18674 29033
29421 41737
15336 17944
34997 9959
15675 12317
20282 6998
30738 8621
12716 12108
24107 1717
37384 40107
28875 40433
30257 17490
18467 39689
25027 37162
32959 40132
34568 15134
27438 39084
10621 15217
13088 1710
39628 23545
9071 5209
16385 31235
3420 8788
31496 32921
24328 39631
36343 30721
33811 24508
8171 12058
18682 25393
5497 32208
10507 31055
17878 9013
29447 10734
33644 12666
28671 14830
6011 2113
14552 26778
29566 984
22911 17686
1748 27070
27191 14586
3491 13293
25983 13407
32900 4335
24508 11605
15452 28789
25308 40440
5349 21293
24571 29986
14716 16174
1848 28021
20886 26534
6494 2742
21974 39842
9572 24929
9018 20507
2511 25832
18801 40076
30963 37483
9096 38916
30744 35138
29400 34422
40328 2524
345 34122
5193 7165
1246 29597
16773 29944
14134 2780
9799 16104
35967 33994
34589 35250
27739 25927
7287 2573
15574 36550
19737 25389
7986 33825
3130 3231
15627 12443
27514 19083
40817 28807
29958 26086
4117 19960
7266 18738
32757 30235
39108 10911
35131 27687
1078 19296
41416 40183
33776 33881
37687 9322
15856 30382
9410 29603
19089 5928
28131 32812
103 7417
40293 11782
23123 38368
15766 35810
37400 8868
27301 25761
12276 27104
34308 21199
23633 29550
4436 1633
34476 11723
35657 29733
33268 38687
36317 13234
1333 29799
25589 5911
30811 10748
2854 8097
41660 5977
25355 7482
24465 29452
16624 41555
1065 23786
23403 5591
4428 25172
22597 33533
15803 40113
41174 10480
6794 24818
38136 36068
21792 24944
8744 2878
2906 11200
23089 21968
35784 37061
11475 9837
30450 10625
31362 9477
41402 3363
11946 27498
8838 20190
4136 20285
29995 29246
2424 18926
19232 41056
13212 11843
2871 7705
13073 8623
2747 13295
20683 232
20322 40801
33777 16588
26099 801
35589 30058
31025 32613
16602 32680
2400 35619
12525 377
18751 39845
23395 32340
3133 15590
21754 14214
17906 38592
8158 31177
24119 29737
28637 26880
26216 28959
28819 5204
25340 39402
22220 39329
12244 16038
32520 35871
32606 18227
24075 41199
34032 36540
17480 13608
5415 3206
27821 12114
5173 9717
28221 3609
39483 22874
11827 2407
35749 9528
19253 2126
21051 37886
5248 39537
21491 19559
19376 21700
20087 5748
39494 3214
27926 7137
10922 27326
29092 11682
23039 10574
29304 18638
2776 40049
23106 38992
40295 37506
28505 36843
17994 37944
41909 23606
3760 6104
4918 19615
41781 21157
26622 24155
23810 24835
33626 4435
2041 28006
9358 36076
39818 4255
2281 19192
4407 30856
15467 8818
24008 7997
23734 17985
25091 21576
37175 34541
2123 27117
39656 34384
10056 13753
29487 13701
24312 40112
24381 3814
29095 7164
5039 37446
37613 41221
9024 34666
34699 5746
24049 31698
26086 39635
20604 18822
18265 27988
16359 39902
7435 20742
1699 17018
12193 37693
32706 40845
33931 23191
25362 8501
36810 40259
7718 36873
17156 32532
17059 34060
29247 41410
14063 32620
40100 32277
18716 11791
32192 39939
13119 15252
8038 19038
8896 12685
4854 104
29626 7747
11316 1572
29171 30467
5754 40991
20945 7729
22769 13588
4256 40325
36045 27174
35532 2982
19030 21876
19658 22915
10323 36728
41793 41780
11410 13916
23691 741
33342 41984
14696 13186
13172 18457
9102 16674
32377 4446
1723 20171
23652 19680
36309 33207
37505 36045
24177 21229
30632 402
36153 7461
8505 21843
40105 25956
5651 37285
4309 1909
26094 11511
31370 12716
34452 21661
26922 22148
26833 31399
37677 31097
4834 2331
8214 8897
20777 31556
4861 10184
29490 41105
30529 30188
33906 35191
22579 21962
8411 30309
36131 27129
41930 3672
38522 34150
11926 19618
8457 37025
28353 20677
32956 36385
3632 35120
8138 13649
33955 37841
10029 23174
19932 4340
10791 9785
10615 18381
21146 2043
14777 22227
22677 24592
34007 41060
18616 35015
5169 10877
16424 37420
12865 39695
41620 25531
17987 12281
8204 39007
40962 7658
40268 20204
34963 20612
6123 2073
32937 17793
11052 27124
38785 5689
38054 32575
10106 15575
11220 24353
40926 29617
39659 19834
22127 14165
36938 34413
2700 19813
1860 11470
5324 7356
2980 24525
37800 2451
17345 13245
13816 6069
37496 29084
27302 33161
40509 1635
41877 31632
1985 32772
32640 10098
41102 12466
35755 22290
18984 31685
19799 34317
31651 20340
16049 21453
26614 9391
19493 6440
29724 33827
4783 8698
3927 13448
10360 2396
28810 30106
27239 25401
31736 34233
30438 7592
13371 270
22295 20381
9416 2886
20486 38948
20927 5707
22635 30598
26131 3024
8570 6757
33750 34117
36809 20479
6959 1474
20914 37851
15843 20457
30571 41868
8030 21030
17530 13144
29465 12619
16248 18781
9233 18131
6345 34884
3317 20916
19020 28909
25176 7711
40330 17869
27403 9786
16271 10322
10467 17934
21459 7502
37860 1000
20495 40826
12441 36676
10443 33690
32655 6710
33734 13539
30594 35556
32687 22959
20221 36004
32596 20873
1519 17764
5902 9278
25772 37624
33125 16045
29966 11225
15777 4669
14100 20407
38231 40191
23128 22200
3189 29075
3313 3325
18439 1901
32434 30851
39159 3307
30841 6943
18727 25140
35173 5644
536 25685
7045 11730
28242 39068
8778 38847
26428 41253
23983 29219
2966 40391
26253 23307
3353 20477
37374 21780
36820 12986
12757 34963
23759 5148
18914 30520
4819 37211
25320 8638
33047 6090
29515 30689
36036 6375
18332 29858
40845 20342
40046 30501
7787 30838
8433 15185
6337 14667
25815 9419
24458 16912
22223 23820
36559 25696
23961 12017
9455 21649
13046 21284
39484 29707
33366 31950
26306 1984
32774 4284
2970 31152
2551 7399
8981 23033
21827 31369
31048 30228
34035 11194
29950 18499
9761 22847
39732 39613
33785 37663
21494 8349
40179 33289
20876 6746
25753 26588
40403 7012
19611 21357
38911 36448
22045 4649
33248 19800
33405 34915
34888 30211
32103 26268
36892 38702
19648 27096
31123 15636
1091 40690
24141 15971
21709 35911
7184 10422
27299 31613
38254 25154
20164 4330
41240 22330
1747 13648
39120 38730
31103 28256
17402 28532
37911 37173
37856 22427
14913 35687
3366 15477
38242 11344
31487 5105
11175 37631
34357 7493
41224 38809
40616 39065
24917 30338
9685 21324
15873 36379
2070 6400
37524 29178
7203 11546
12504 20188
1242 26595
28904 4562
20559 39208
27446 7127
9925 39087
27064 24833
13363 21458
26895 32395
32888 4030
40074 5934
30908 14262
4082 9105
9050 38062
33993 41690
13589 9616
36759 9780
21303 29687
31351 34817
34438 19104
24696 25558
20563 40343
11350 37876
30125 29306
34940 12824
22435 13479
35801 20749
23219 19644
17326 37374
39982 19959
31732 28491
12601 22562
16156 5852
18285 38190
36575 533
19563 40075
14737 33452
19505 26490
18941 8360
13585 4091
32048 24198
20778 35972
31445 3482
22860 56
36733 36703
17922 23544
18861 7190
7988 18495
37584 2044
35599 15417
24884 28293
25857 38677
9600 25839
19036 40975
2757 20849
5180 25087
22700 26610
28992 25007
16807 28521
31397 35725
14024 13843
13243 11365
17769 31122
36833 9115
17801 12336
8997 36401
7159 25205
40350 23612
38459 27344
15682 10111
15890 18906
3327 8228
34803 8801
14790 761
41809 4702
15260 1030
3441 9437
6567 31897
27087 28622
21647 8899
30960 5549
6590 8993
9010 27254
340 29887
36068 39612
10351 27899
26668 40846
31176 11784
31291 29780
13072 33386
18825 27796
21049 36180
18705 29495
3878 25213
5863 23286
37627 14795
15219 12177
35072 27838
2445 39622
27387 487
11521 32648
2382 15516
26018 32882
32466 17646
12211 26925
18971 35794
2456 37772
608 24050
19556 2193
37222 2482
39504 37235
7033 31672
21958 24156
18650 38029
29777 31558
35606 9312
34362 34499
32370 18313
8795 30471
33045 33879
30673 5128
17881 34299
12637 39982
7383 5797
21672 16072
30076 30963
16861 41332
12203 5118
924 41530
22093 35337
19335 37987
37211 20480
12660 3459
11502 22515
40040 35064
41860 707
26575 30728
28030 29756
33770 33598
21492 30752
5685 37616
26270 21727
6252 27592
12110 23129
9216 19309
21208 18954
16257 10978
448 2316
17091 39167
25138 19928
15436 36944
29278 17069
17498 4026
21603 41242
19789 31010
38173 37890
37545 11081
750 37543
17142 3383
23564 19121
15487 40916
4072 1790
7748 18797
30501 31770
20107 5408
10468 8312
26570 33135
32934 5038
20381 18210
7695 16519
41859 8687
19336 40357
24088 18414
40281 18037
14474 16840
14361 931
8754 7311
31339 39573
10040 11444
29818 38783
39698 9905
24486 29272
27253 24234
35995 11495
30857 17122
35227 31780
14314 11850
16218 34563
39048 2169
5366 22469
34440 5532
29279 9508
34615 39030
5119 10103
36974 32503
7354 27063
4048 25112
35891 15595
33128 28848
13249 41785
37533 10964
35171 13819
9821 37864
34102 22615
7618 3561
13462 17328
32036 7602
5960 3443
33448 10984
29196 30410
3647 26133
29717 31211
8648 19751
33637 31213
27226 34900
29937 15314
36957 24891
3784 25564
36622 31103
30303 17212
20197 34764
1427 778
25949 18927
16677 25036
198 20689
14281 34751
37901 2689
4787 6381
2969 34819
27768 41775
22580 23189
4179 28298
35466 40009
3949 17865
4524 21953
30938 17717
2080 17504
18815 6441
26796 16735
11796 25635
8876 30220
27549 15847
24541 38583
25067 12775
29396 34076
24740 22113
24619 11792
5260 20531
8716 35889
22792 694
7775 556
11697 4454
35210 784
25760 6403
34659 34424
8346 6810
14595 29226
228 23037
1490 14380
19554 18567
30344 16509
35681 12654
27796 2231
34861 1554
24857 40593
15052 3728
16221 38938
30188 14210
22686 39282
10167 41818
18065 7982
12353 7863
7396 5662
2112 39629
27476 8514
40300 24639
1026 37098
15773 12109
13506 7265
4410 12076
6613 16603
38925 19305
2201 30603
29258 4963
39177 41864
3191 29717
16039 18114
2900 27983
26363 21195
28768 16865
15358 10615
35374 4850
3700 18173
9184 4089
33024 25088
18958 25467
15347 21801
37756 3937
20900 16924
37846 17346
39186 11661
21016 28874
15526 4549
19777 32226
34161 13152
14487 39997
27104 25732
19694 11695
18033 32248
36486 7107
38776 9429
11478 35431
41026 28263
27998 14313
36429 6964
32482 28940
3073 16974
22572 6770
24980 2285
34372 4779
20889 4615
27285 37444
26756 16424
9780 29222
19654 1230
24672 32618
12051 9756
35254 41966
31033 57
15793 2480
14769 25591
19710 17462
9461 9936
30345 21616
3777 25647
36857 37660
27046 243
27297 33777
36523 32158
34734 31336
8788 28578
25456 26471
16712 4595
13326 35398
21645 14802
5182 217
29478 25194
24319 31593
6060 7944
35104 37175
12484 35082
3378 23523
17594 21853
24719 19847
39648 26255
39514 3618
2592 41437
4770 5942
12332 23944
36625 35038
14223 22287
31418 5273
13690 30123
21822 19003
19870 13312
1005 36339
13882 2578
12454 25177
7689 12518
31387 19587
15899 25566
39611 41329
13403 31884
25994 5562
15685 41471
36182 28704
21078 9172
18551 2340
24948 12655
30557 1663
34974 38860
23545 15630
23570 32063
33608 25479
32590 4129
30541 35426
6463 20168
20987 32748
13313 34993
24295 29446
20508 1076
27128 2428
2997 22236
36866 3674
14502 22133
9564 26576
1063 7746
36262 13873
38276 34284
37955 30040
27367 35165
19346 9762
9989 37969
12858 15269
21619 4721
15075 2417
24894 9280
37342 32041
16105 1250
32723 30882
36087 40526
22123 3002
16865 15905
32023 8555
32152 942
30201 11289
11026 41463
23081 3275
11093 20142
9173 6377
35819 29897
32003 40058
12062 11187
35530 38735
3850 4192
34338 6969
2217 7483
4872 32581
3180 38993
419 40346
27027 14456
9011 4136
41334 13281
15168 27933
4455 22109
9898 26347
600 21250
14335 7917
33144 37747
29886 35776
24459 9001
3962 21076
41795 13975
40405 2988
31973 38869
1031 11368
434 21988
34880 4144
26958 17950
777 9257
1097 27208
34696 11014
18006 24244
35111 36269
18789 10814
1124 28749
32914 15968
28219 38142
11749 2668
7014 6552
6313 40137
34367 24651
9759 10339
12579 1025
40618 31914
34502 5291
16543 417
23229 11759
17520 5842
26012 38911
5179 18595
24449 27278
26610 31196
30081 8317
37028 13511
15939 9378
14802 41932
19660 17757
5284 34282
2077 29519
6128 27003
26561 11440
24856 40013
36222 2466
31196 39078
41730 11797
620 32761
11232 41104
5419 19740
32759 22797
28437 27446
21711 300
37084 36551
6250 15443
34614 12577
2789 7701
15058 34748
13856 6271
37145 40562
31163 23718
17767 35372
3052 33263
4873 14371
18375 30423
36931 13639
2157 18116
20611 12696
1027 7385
38472 31092
9450 32606
26103 11556
5043 10471
19614 2826
10647 3541
36960 23868
15760 18682
37139 13736
25504 28487
35427 16475
21741 21909
25156 40424
9172 29698
5140 2839
32820 6844
22667 3438
3520 35217
6402 11527
28646 1905
15214 31789
4982 33745
22322 7607
39661 4644
40231 15421
39034 29152
25999 38844
21390 37996
1942 21363
41558 27464
17913 13026
29528 21345
32153 15078
14952 7218
23319 21374
36244 14928
24604 6427
28302 15540
12173 27040
38396 13105
24909 24611
5617 14462
40542 4819
19358 30867
16152 38345
4818 31747
5377 3562
17562 28565
10108 9499
24904 14167
41544 39940
10111 29819
25535 11670
20754 25385
23639 24477
6983 8940
5998 29999
341 12725
29147 41421
23588 23501
17680 17675
6700 13253
8684 22013
5722 8337
12281 2104
28245 37269
29416 3910
36503 18390
36356 8946
33584 7282
26742 30510
6770 30054
1722 27409
5874 11220
23195 22517
36322 14409
6100 19344
39121 39560
39194 10276
21262 41812
25247 40078
809 11137
19127 37888
25415 36226
5551 15054
36670 5668
15909 26981
37484 34195
34152 32062
11114 14185
24952 38770
11109 31031
9100 30328
17624 18296
19735 951
17591 28057
32318 16165
4147 16242
10959 21450
28487 28459
18086 37976
27598 14576
19645 9763
31735 333
5042 27380
23667 2899
16496 2626
16161 30845
40963 33045
32493 2204
38916 34808
40415 31410
12816 6423
30007 29652
7011 32460
8880 15763
19967 5446
444 36602
25933 815
21773 26649
40645 14288
24897 23489
21597 19385
28851 15668
21938 5947
38955 1044
8922 31444
19690 19978
39533 30100
13164 37381
31393 38251
11642 1600
26100 29809
20916 30394
19101 9085
41478 26566
32179 12121
37741 24276
15888 41079
21358 30429
24646 41511
18370 90
25752 41112
23922 4634
7464 25224
36953 21818
13095 34795
38813 2144
35759 19438
11792 27912
1764 17681
30253 40141
13740 35550
28735 37699
19093 13576
4533 5306
26814 40663
9122 22001
41507 3593
19847 33734
15862 23855
16560 3380
10102 7273
24707 25098
4848 23960
29431 30498
39187 40576
31408 2679
38158 23959
26268 24015
35021 36621
33202 4392
27414 36750
35629 13417
2410 21950
23563 15640
35187 35366
41824 7443
5570 31359
7168 38019
16269 13750
23266 14775
10902 21002
40153 23116
2904 17522
36912 33002
26190 27718
21732 18163
28211 3570
6944 4153
692 24433
16957 22625
14550 29650
33468 31866
34000 32864
36569 34517
38045 8042
37699 30813
14486 34859
29215 34922
24519 19154
25634 29621
30348 40695
38574 24127
9880 4301
22608 12344
1610 30008
31639 5722
6852 5255
19362 25604
27262 11719
5627 18899
7607 5043
9285 7168
22829 10799
20441 18085
22484 7342
29841 9697
13558 32528
31650 9864
22827 13387
31206 34124
6398 41110
28716 1488
29652 19214
20901 27299
4403 35484
19679 8653
2929 31058
7543 22722
1481 27534
10772 29089
15986 1408
33817 19105
11433 12391
36170 4126
10495 1445
21692 15226
36691 34054
27943 37926
30282 22466
15195 21385
26546 31861
41272 38887
12089 34745
12216 35945
41975 29181
28321 30016
25925 19929
1914 37176
40247 8648
12932 20087
29464 11255
38811 17040
28152 14863
25483 31736
292 24373
14077 18884
13487 3102
18242 9722
4101 29880
6669 10903
35186 40543
12253 10538
23973 35083
21364 18694
12916 11946
29987 11493
7469 10059
17194 15592
32079 7663
34585 2697
41885 20751
20540 37653
39124 8289
25470 28895
40063 17067
25726 24227
38470 12092
7487 13446
22802 36864
23068 2274
40460 20772
11307 9696
19494 24440
40271 29389
38678 35381
5555 10656
8779 34973
20525 19764
7725 7962
15636 1634
7665 26514
11997 32730
9265 30019
33478 20986
25459 10228
27410 282
39088 35793
9036 33254
25147 21711
27725 19370
12174 31059
41649 37600
35218 9640
11354 37044
36367 28974
10936 22197
18930 7361
9195 31391
12262 2627
20617 9138
29557 36108
40594 7660
23530 20191
629 1626
31760 26322
8948 40470
12788 14442
25163 29228
36804 23423
32439 6061
29089 21389
32028 3607
10962 39856
5418 12790
37054 38236
2023 34501
14453 14559
19143 18215
2143 12827
18013 1478
14736 5479
35233 35286
18919 29194
11024 5727
29972 33541
37071 25849
32461 12744
36027 32144
33477 20825
7420 39530
37534 39655
7485 33526
17557 23663
35594 26055
24043 28026
35524 24225
2727 25305
28926 24434
35806 799
14323 18655
6712 22605
16223 23027
19511 29202
2113 36768
17224 5741
22845 14136
5701 29113
28775 27238
7694 29000
15529 18916
13755 10735
38531 27777
22979 27145
39995 9147
41470 38482
28061 39187
10878 5642
40381 9414
9125 13618
13542 19873
13563 31105
3891 34427
37361 21982
22992 4333
34884 38711
18422 24627
39116 434
35309 26835
11035 41865
21211 17913
19179 27166
18962 11462
37535 36426
17521 30286
33713 37219
6241 8974
8886 13059
26975 12191
3886 25020
18175 18971
8316 36299
8697 32152
16363 2768
9585 19792
21109 38353
16224 19918
25737 32382
32078 36654
9318 30373
37843 14715
41446 1759
17611 161
41145 10095
27147 17215
24588 19672
29622 41980
4950 41718
41526 30969
6102 8139
26402 27339
33792 11756
18234 32237
24188 16040
29799 1865
31985 7823
21450 18168
38140 32313
163 4373
6105 39249
30045 23709
41605 38081
23477 31490
4151 37066
35025 28579
26065 16903
14276 41157
28158 31198
13884 7838
32422 24459
17599 33589
21160 37701
18586 1150
22136 17010
35869 10673
37876 38120
8559 3835
37103 9578
31808 20951
22528 30215
3173 8880
3011 23422
6526 10703
41038 3467
30120 17870
1068 23670
8143 27494
28921 41698
29919 23330
45 3193
28037 18997
13260 19115
8646 34709
19784 41874
10419 5035
17959 33677
6118 12702
23622 41159
16410 12010
5402 6194
24370 39241
10848 10954
3394 35633
25975 21143
41000 20724
20022 19732
15345 17791
5977 23759
6238 6281
72 35024
13987 38014
31249 23045
5108 846
38908 8976
14824 33959
34043 18443
29168 24446
609 31779
529 27001
22517 22303
7904 10685
27677 6713
8663 14279
31307 10129
4642 32990
15005 14491
25105 12349
5855 36613
6713 40202
6764 34450
20536 34872
19612 36118
8987 7469
25083 27352
8726 30179
9363 5007
4484 7640
34768 8601
36916 1139
556 31426
39998 22821
10756 23762
28843 9111
23016 28963
13963 39168
41162 22417
9921 11286
26982 19968
40376 1885
28993 7773
14238 14573
5682 8436
6585 9330
9176 14849
8072 20148
38639 8215
25168 8534
28141 5152
20612 27841
9164 7322
16239 5095
18152 1233
5522 31737
36268 2787
39388 12869
39323 7066
39820 2150
18673 33652
1758 38875
19769 3885
13465 30742
33932 7794
39776 16582
25674 2837
19369 4342
3577 19769
15686 674
32433 6325
25290 8113
7389 39440
15800 13462
32741 38510
41818 13109
38924 12110
4654 23039
34622 1918
791 5950
23665 9540
20741 18179
8650 37995
25352 22796
37250 23082
27582 10523
23948 32810
35807 40171
11323 15849
30869 33090
4784 37371
1094 4479
38494 6495
4426 37889
904 917
17183 34658
14139 14222
2611 12554
3963 18472
26082 11258
18776 35202
41195 284
32837 6468
26364 14026
41979 33043
35236 31111
40374 24017
10007 38626
18185 12133
5479 28814
20311 7034
33509 11853
13317 23254
10183 24879
35153 27794
21414 14043
25607 33702
38433 14913
41570 26712
4333 7396
20328 20597
28672 8102
15640 30534
3795 7230
16023 34061
28475 8908
7602 32494
29713 18893
40128 2662
39901 5391
3607 21504
11512 32356
7828 7584
831 25218
8993 18587
744 29947
10737 39348
32533 20448
22722 29096
34276 14803
33897 36302
16991 26692
10943 19045
24371 28047
8319 12373
17614 31174
7737 24081
1924 11751
21956 838
28137 6893
17825 25977
34332 28709
4186 34254
17233 5571
37792 7814
41126 9396
5051 25875
32516 26256
29832 38703
33475 6667
23602 11058
3634 4241
32743 23837
37152 13048
10937 22193
24097 13125
10310 26496
16720 8046
6744 15262
37612 27834
7559 32710
14969 18253
33347 38137
2887 38906
806 17890
16027 26230
3014 23338
30918 31184
23854 31755
9836 33517
11729 18278
2318 9659
36233 29795
27484 7081
14714 8008
21090 32070
27280 32590
20968 15128
17778 41181
5105 8822
37457 1948
24433 3464
7826 4472
32902 32646
3452 1754
11754 11738
14627 25077
33802 39623
3010 21428
26276 10010
4518 19842
30481 40762
18502 6314
20362 5015
5662 32257
36248 30542
29934 19239
523 32631
24178 32130
13152 33083
19110 17149
36950 35425
19918 35824
40811 1159
15898 2071
30404 28208
24136 7808
38778 25142
32333 29499
12808 20615
35820 29004
16065 30125
9868 2359
418 2154
26873 11592
1567 36482
35491 19861
22704 10758
41678 32210
96 28226
24660 8814
6813 20478
13448 25499
34722 31946
15609 7169
32246 37281
3926 36293
9331 35350
18339 37501
6097 30791
2878 31190
15170 36848
34063 10244
27071 3653
24412 25650
30046 17262
5565 32421
38062 24760
6264 23119
33124 18641
8750 21004
41761 1845
25845 38697
4905 2957
37213 8402
28508 24014
8567 22864
15518 38271
19116 1763
17105 40971
20645 22365
21382 24942
20845 6380
29672 28060
17823 22620
15310 23421
4895 26997
13285 23021
8921 3700
38320 16006
7142 16228
10185 20454
6925 38833
10773 5567
29463 4293
30544 19983
20581 22125
26642 11127
7913 1292
35123 21373
23481 30207
13608 27688
20206 37228
30366 33736
17368 27602
7859 17474
5926 1338
10330 30783
19938 38535
39539 1458
2644 20744
21483 24756
9721 37379
5978 25579
16268 21131
23314 37522
25969 6405
33651 32006
3209 6558
19585 13495
17051 22018
11395 32554
2037 32950
29636 22253
36435 10921
36053 40294
16375 19630
6208 23812
30281 28574
9162 13223
7960 32569
784 41645
4042 4937
14568 35117
12985 14030
24396 18833
41308 17378
5508 3116
38164 19486
38412 37587
16963 26348
4915 14804
1429 40932
4226 6027
12960 37893
29061 6209
8441 38789
6028 22076
21729 17916
2799 4409
30212 37122
3319 34804
11010 27991
37611 13746
28388 5025
25887 33073
32515 19655
1933 28372
27962 35387
11326 20536
23197 13113
14072 27153
12266 26366
18022 16467
18341 40958
29230 33776
9741 29703
2271 35886
40579 11836
40435 1220
16108 41147
32696 33832
27001 12226
36090 32716
31394 13957
3997 30625
5749 17560
18336 41808
25102 34913
34460 40267
16329 28425
41338 37102
35630 41076
1280 3925
25068 34228
23535 13150
31437 23874
35686 30310
31764 9683
22547 15754
32925 9862
21077 19679
25453 28534
17724 26887
11785 20884
1709 4223
20898 41546
39133 13341
14354 27030
1921 17494
18412 18812
3840 10525
30913 16807
34697 39403
23425 15476
38273 26599
15255 9828
10462 12578
6563 1816
16244 16095
15805 20352
17468 30420
34976 31811
3665 36689
14380 28583
23253 27658
11385 2426
11541 13238
15503 10444
38832 17873
20841 8942
23514 1910
38769 16935
1849 18205
23048 36092
37202 11534
36937 31841
9313 1305
36904 3626
32259 5501
35529 39427
20255 19529
11506 4167
32142 26674
2488 23819
5916 5919
15246 26011
39431 9212
14340 15470
1307 7336
31326 32785
40248 7907
13204 34208
8552 38039
22332 16503
11631 32536
21207 5915
3904 15603
1437 8014
9681 20540
38445 38295
9284 25556
7270 15463
34492 27714
23914 9456
4754 7001
24484 11479
25926 14032
38406 17993
6622 28802
22057 26764
21143 16667
8943 38633
28631 3666
41895 32137
31930 24557
20794 7404
11417 35766
36830 27773
40221 16145
23385 18202
14631 9497
38598 23790
11492 31145
24798 20197
20108 1382
19302 39703
11647 2282
118 3584
37542 15708
25664 16580
37191 36224
11933 25212
20855 20269
40068 41875
14477 23781
41920 7999
37064 35056
6823 15492
32518 28994
9218 25459
21704 516
5100 25755
22729 16747
20940 19720
11003 15432
41694 19492
5815 13788
22004 10501
29271 28761
747 41377
13742 20787
4443 26627
22970 2221
16821 17960
7081 5250
84 32224
3156 30874
25293 27064
28720 21806
27503 27681
27134 6580
32315 17103
24820 33184
23019 4350
35785 23060
24599 27583
6648 39461
31424 35896
37884 21416
14784 29705
29576 3415
4831 12042
2190 41298
19328 29059
1316 8919
20888 202
17114 26258
6864 41177
22401 20025
11149 20561
24607 37737
10546 5390
4916 7264
35852 10344
22148 16359
38931 8526
40216 38930
31637 26891
2032 20933
28268 29589
10814 31351
39802 8750
28456 17084
10296 11370
3510 38865
6637 21469
21699 18468
13471 13020
12451 27165
26823 24092
36315 11921
35398 25789
17385 24729
18450 37382
19491 14712
15568 1359
6286 1506
3253 36604
25750 40109
37472 14989
36023 5832
32175 30306
10066 12994
3573 17157
23648 11060
251 3263
28024 26283
5743 40502
19304 28109
40966 17050
39336 9782
31479 5837
13086 24113
6357 11150
1687 7691
11196 926
41825 34462
19125 28519
5370 29735
7570 32385
20209 7767
26049 13314
30864 12488
32054 17446
5973 18872
35660 32386
25397 25040
12117 8533
24316 28267
24999 13541
24210 39328
12228 14128
2925 18545
17256 12411
30479 27416
17263 11821
14828 26774
17601 9565
36979 1886
4040 19019
9905 17158
6338 15433
22531 40481
35485 29556
27132 16274
38649 38202
14911 30027
36281 5619
25370 677
27436 30729
35096 8730
31119 21185
15444 13908
31213 25133
19586 27741
5175 39138
25874 16793
2276 4788
32906 6245
37436 36504
33871 3851
37453 3416
40651 21815
9664 15391
7883 30864
29429 23220
11330 39740
10956 39206
13887 352
12631 16624
8270 33066
2797 40610
27747 24966
5136 19826
28534 25867
13233 24308
9692 8667
38998 36672
16901 2696
20956 38043
4392 17059
5704 11133
25435 33014
36462 32299
26042 22229
36180 30677
21374 8646
18102 5876
34059 20796
30026 34762
811 28373
40833 9293
34247 17066
27499 2895
7375 8381
9807 32717
9713 18416
37133 23632
38187 28187
6923 18542
36877 17251
6619 40170
18750 17286
22536 20514
26929 28559
17311 10813
25104 20680
31824 32197
37489 9914
39909 36417
31002 41724
11286 28836
18050 3488
26410 12382
9428 15065
40518 12003
39889 2351
26328 30819
2542 17055
21725 10719
15570 30615
3231 28602
31144 7604
17602 32435
24409 2674
1326 28936
22143 23365
19862 36757
20379 31799
18373 30000
32219 32309
6437 7373
14940 9703
8808 8104
19693 22912
21029 6133
17657 13352
27314 18620
5852 11840
12317 11030
28949 17878
13854 36913
26685 38383
31750 13920
33850 38244
3684 271
33769 34473
4301 37408
20390 11834
33214 27291
26437 5036
8890 16133
34360 32645
37269 6181
11387 21539
12633 1702
13155 18631
16351 7995
2168 25833
29914 24482
3314 38689
23618 6952
13049 21204
17956 10078
30424 1893
33104 5313
26015 30162
41643 31448
8119 29757
2003 41180
24410 17651
32034 38942
38932 381
29236 21590
11639 40788
38462 29695
22922 21294
22561 37301
10717 8476
16952 13853
18683 3191
1799 18544
3254 21180
10677 3640
37504 4635
14046 35859
14507 39472
14753 24995
13549 6066
17635 26140
26838 16723
33639 11667
1315 15734
584 26144
31071 5846
11351 1345
39397 13647
555 10679
14665 25461
16541 26372
39869 18674
20019 7904
18048 19566
27775 32169
24673 28336
22854 20323
14301 39552
30586 8605
19802 23531
34121 6299
40869 24082
26028 13099
38305 32088
6706 29193
482 25434
33523 31224
24526 17596
36796 36901
38914 39344
39915 27727
18526 5913
19561 27692
31572 24133
4184 40231
22039 12214
18120 28450
41983 41333
21309 27920
18146 6092
17115 2651
19582 33643
12345 22397
9826 30378
33902 14696
15749 10163
3721 32462
39324 34556
26483 41259
9171 34386
1669 5504
19373 19052
17002 30686
27432 28663
26516 5190
25446 31301
2315 9740
38210 8375
37490 19688
12447 16296
22490 28032
14573 19365
35038 37260
41833 3128
31178 36110
23495 5016
19674 2956
36586 33648
11871 7054
19254 33467
6397 27848
30854 27068
8385 6193
36637 30452
11998 37256
21997 16606
5853 23296
14566 16703
14637 38376
20126 5359
27557 32994
21714 1067
24359 7467
17077 30336
38376 11768
19271 11942
30394 25753
7719 2967
30838 5459
3518 27280
41576 19507
38246 20575
38032 38484
4668 29488
12750 40883
32800 17372
7853 22370
25014 12268
34724 13833
27074 12130
3544 5127
9882 39588
9003 16995
13127 28430
22458 35021
26817 1175
37317 384
29988 25883
9387 7647
20735 872
11820 31269
5297 30158
31955 26549
21800 39446
41356 31898
11589 19845
41583 40534
3802 40419
309 23641
17926 25887
13723 19835
11050 5744
37768 8198
10384 910
32085 12505
5770 7335
8481 1042
28424 1758
41517 13713
28142 31531
28117 15846
31287 28560
25122 41030
306 35297
2473 12512
34982 5643
13069 19721
24452 30372
923 9711
21117 27649
34802 1430
12490 7633
1175 10886
271 9990
41071 30900
16307 1287
14829 29460
22568 38354
20454 15901
8450 13195
6732 19323
25137 37319
32987 25673
38580 3338
20062 21880
10946 517
4279 6729
19543 41315
19060 27243
29880 32487
34098 37924
39084 39049
34349 36327
22141 19057
28421 26194
8769 31858
22462 33644
32125 31976
23544 15199
12349 34624
10806 1247
1254 27657
14970 37776
14702 20700
8599 36259
13841 4163
38647 17554
33072 27338
11075 31021
24025 7664
2449 32427
24589 40810
41965 22726
16764 29382
35045 28589
40838 1364
3185 18876
3144 12597
7086 30753
1294 28713
3162 15212
7589 33269
29119 14399
24921 38513
35867 39460
16564 30702
31091 8596
10036 19228
13468 25584
41309 27320
610 23610
19734 30955
27583 10619
6618 40754
34099 13580
17694 18512
40816 5649
39691 31647
8990 8461
27449 11357
6876 13074
33528 39699
40482 32256
7716 6613
18528 27262
7472 32357
6965 19901
32620 15383
13019 13726
13091 36493
17236 3084
34285 1189
13217 23514
23457 17093
26854 23400
19357 11451
10511 32996
2583 2096
35923 4173
32530 22134
13612 28222
31501 7470
21667 40473
15369 14857
180 7910
836 36831
5833 14687
7238 31875
37628 22304
32382 23282
9775 3059
5904 36506
33536 17531
4919 9908
6639 39603
16771 6826
15150 3305
19401 28694
17310 29959
3283 7270
6542 6940
11450 40015
2586 39955
19043 6677
23608 36863
20494 2751
27919 33247
7596 6909
6226 10948
3008 41283
9070 7738
21540 13461
23431 23701
28687 10292
40751 19145
17584 33155
6092 6508
24421 10112
22461 23838
11985 21929
7461 9030
26231 8060
29920 13232
17815 28778
25279 27247
31343 432
27640 16078
10931 31043
7410 22369
8685 18793
3844 33098
10447 11224
6797 5586
27265 17434
38716 24408
31633 27199
37287 23636
11880 41252
40064 16086
24888 34712
23502 27638
40066 14955
1889 9044
8563 28104
31660 27094
31990 26825
7402 30065
26954 23710
28881 1951
3013 29005
17146 9542
20594 652
34395 33905
37029 4561
14680 5557
22171 22172
34020 20632
34283 26323
40517 10770
6242 28448
28368 4029
16291 25774
31584 2431
22660 9893
25224 37655
9743 3789
36592 41394
