3649 1035
820 3602
9013 6252
8025 621
7315 14452
4573 10280
3359 13723
17871 4963
2849 13532
13826 6682
1042 13448
977 16444
3071 15454
7165 2041
7624 4525
16560 16997
870 6795
6516 10652
17857 15676
13747 17219
7224 12348
14720 10282
9116 5675
213 15063
5232 17470
13849 11218
11150 17901
9106 11610
5095 8663
7056 15866
11030 6301
3350 8078
3040 9143
12450 9782
3170 7369
11764 9753
11271 9471
8668 6793
1424 16024
15055 10389
17572 15723
4091 11430
12404 8961
2583 9431
9607 3994
11851 17800
6301 12442
2280 12929
1502 11310
7468 4800
9483 9518
2615 1379
7629 9426
3310 2590
12456 11350
9109 14496
14858 8404
11955 15699
5330 7012
12131 6622
11642 17649
6866 8885
8749 8901
2340 4499
5608 3580
17503 7841
8022 7945
5355 1664
15148 17402
12434 7395
8846 7630
7197 1721
10627 3284
1833 13544
7506 10824
1052 15480
10337 3295
13146 4505
8774 170
2169 5176
6914 13334
10312 15588
6968 15646
16359 6536
12965 9413
15036 10525
4682 9353
8680 1939
4576 2932
8082 7610
17662 17536
8610 1223
14039 5737
13088 13694
11862 5761
7187 1191
4533 13009
16697 16233
16172 6106
2979 9486
1544 1228
3593 304
5009 9778
5243 3517
13834 10979
2082 9325
12609 14889
12505 17803
15338 17181
17339 16185
8239 4398
377 16523
3754 15337
17596 8941
8744 6319
11147 3692
3656 10836
9618 5325
14247 15038
5183 8431
14868 6102
107 462
8631 11047
16404 9668
5855 6330
16636 5751
3487 13288
9780 14015
6518 16885
12253 10746
5294 2843
17675 13135
17379 3126
19 6055
10622 4608
16011 10604
639 8129
3666 224
11895 8546
10077 12569
7847 7718
1899 14639
7893 8749
2581 10802
2807 9895
15925 375
2268 8571
17456 11782
4121 7744
4208 2036
15575 3874
5411 15251
8686 10054
17291 5234
13866 13285
6941 16467
17672 10191
6592 3848
10215 12044
13075 7237
12237 7181
14356 4377
16960 15670
14795 5020
3966 14909
8124 12243
7363 13627
2099 17998
11079 15429
690 17614
7541 7157
7217 8109
236 2683
2327 17220
1930 14640
7502 17308
2209 11855
1030 2560
10828 3677
2322 2024
16848 17946
7799 16564
9126 6625
15907 17586
7021 4911
17670 5392
4336 10752
15489 17051
7963 14479
15499 3809
13339 6731
6240 16018
3091 2980
3177 16724
14125 14598
11610 1824
13880 14859
13471 4324
15304 16819
1776 13613
3225 14969
1987 1892
13194 15152
11119 10099
3581 714
8148 12975
6279 8339
6233 99
17574 7141
14701 2394
4594 1485
13825 13884
6013 11290
9128 2090
15160 17733
8186 1975
2471 2262
14521 15469
3209 1040
1658 9408
17714 13398
484 5898
3057 4438
7746 13775
5450 12271
13318 12534
15914 14698
15774 12370
7005 12310
13142 2630
1922 17672
5395 4358
12419 11396
71 3888
12794 5849
8691 17605
14910 12880
9348 17330
13862 4173
15948 7298
5073 114
6223 745
9723 9777
7134 15172
1917 17841
17767 13898
1998 17431
10277 12429
1874 7526
1644 8111
15624 15094
16478 11343
17404 5084
5159 9033
1864 6177
16641 3698
2626 1056
6090 13738
2246 513
2227 7887
7708 6753
13231 2205
3929 3307
8068 1101
1303 14629
2687 1596
13738 8020
17131 1450
10367 13182
8545 14384
6694 7679
10296 17687
7822 7120
8704 1850
12970 4592
4289 16512
9831 9479
14983 7674
10361 10450
2378 10508
306 7763
15018 9889
3277 4695
2401 17081
17618 7244
6985 13552
16577 9847
4341 9017
11437 1998
2255 5739
8005 13999
12109 16241
9339 1537
5170 11286
14359 12490
17801 17186
9913 10445
17333 13643
257 13378
9811 4890
3395 9827
4401 12336
8667 6026
3783 17627
3508 15517
5094 7897
8925 7385
9233 9855
6902 4731
11236 15173
6672 1889
8651 13523
16562 13649
16009 17367
8229 4394
1665 12728
3025 7958
9067 8356
1445 6663
117 10823
10930 2591
4287 14739
8584 12160
5295 3030
14479 17552
14015 6242
317 1689
2466 8797
4885 12360
17878 1296
1181 2385
12099 6166
4853 7112
14084 15709
4177 6845
1371 10911
10102 9935
11949 503
1308 6941
11725 6227
6884 3845
8177 15694
3369 7950
11590 6702
13317 12997
5065 7843
7758 10539
5325 9276
5802 12474
13511 15279
813 17487
5878 11773
10886 10107
13492 11785
8132 16804
8743 16295
5217 15271
3543 3232
12536 15385
1269 10494
15424 6657
7289 12148
6540 10254
15084 13564
11458 1499
10001 7251
7458 4782
7305 532
776 13684
6329 9673
13057 4995
10757 6429
9130 10810
2275 7538
9147 12447
11507 8053
16693 16362
13097 11062
17571 8433
10852 16012
905 16076
3780 15101
8560 5513
5852 11541
8699 5547
1254 4587
3553 17910
14240 16002
11328 6031
10279 17765
14300 1925
16759 17169
3790 1109
12623 2436
6229 1590
8347 210
1455 13514
14289 4506
56 7584
17037 2228
17644 4949
6457 300
11935 7168
14133 16572
2293 14943
10820 12230
10287 1981
4084 15834
9841 15987
16618 516
10135 217
13383 17440
10689 13479
13186 389
9689 549
4171 17348
6287 9003
13778 17556
12424 9395
5703 562
9862 16457
13307 14110
17955 5875
14 3507
9958 3157
9402 17184
6888 4880
14087 6290
10560 17251
15237 8272
14477 11615
14489 8760
7003 13006
16751 12225
15506 13305
5561 15041
2779 7970
9300 7401
16891 9830
10984 2642
3061 1039
7697 3064
10172 13281
7362 12428
6526 15598
4829 1839
801 310
1515 5616
8024 2710
15570 16380
2387 14219
14924 10856
13581 3125
6372 17307
12583 1395
16200 7529
13096 6928
7995 15582
4836 8884
182 1526
3493 2437
13932 9188
7171 17795
5764 1079
16973 5878
15223 10306
1646 514
8166 6789
3977 4725
14958 13052
4370 2522
15226 9807
17405 5324
10398 7880
14503 12752
16541 17714
13984 10871
17953 12578
14612 4586
5216 2570
15555 16410
14748 11334
8494 1760
8102 3201
9087 14323
17082 7607
15880 2491
7840 11161
8999 13000
14414 10695
2539 971
9363 8957
7684 14764
8904 16077
11006 7476
10477 11660
17700 12302
2641 14151
4535 6087
4943 12455
7578 2809
12552 9679
5008 8076
7011 2409
2105 2689
13595 8781
13357 5054
10843 12452
17781 5056
15268 12768
13625 10377
2041 11820
6778 3492
13768 2999
12763 171
641 10102
12465 14574
15630 11794
194 8840
11527 3350
9785 4342
12780 2861
13731 6141
17637 14123
17896 14708
7227 16792
15999 13371
7191 3385
8944 861
14282 2937
952 11598
12743 3050
11015 10631
13249 12624
5409 405
15316 9564
4183 13560
884 12708
12912 2776
889 7955
2751 17076
14045 5557
4447 12476
15129 5555
5955 4550
1648 8812
8525 9868
12423 8796
10727 16159
6936 2074
14900 5480
10711 14244
11060 9043
9118 13799
13814 9823
8267 15868
2684 2521
15412 11834
636 8248
17676 8081
1707 16247
11468 6408
7348 15004
2249 3506
1320 4440
1017 9984
8103 222
6533 12967
668 10887
4994 12449
7817 10799
4137 14426
15518 10969
3749 14111
7143 4461
15239 9845
8397 6582
12088 15697
5499 10296
5367 5821
10193 13050
842 10458
10223 9551
12299 16090
12998 7944
6499 10679
2491 12323
7958 9185
3340 12876
9883 11961
3967 3732
1346 6548
11378 17880
17457 5896
14038 882
12143 15127
2260 6870
16580 14368
11182 9547
415 2267
13765 13407
16063 4561
3459 9924
14206 7931
11869 8280
15065 5051
5014 13866
14271 12354
5772 2424
17097 14716
8851 15704
17635 13134
15844 17511
15233 16601
14273 13707
8795 17815
10562 1205
8045 17594
2840 2785
9140 3584
14772 8135
7991 11633
15228 5451
11024 1452
941 13095
16198 10866
10651 14106
5959 3472
15977 346
6951 8479
11627 7275
8466 16734
11153 17000
9164 7243
9053 14608
333 12260
16929 12817
6261 15174
2806 16400
7909 4940
16010 11304
7875 805
15601 15820
16084 3426
14686 9681
566 13631
3050 2814
9642 3804
7262 4643
13252 11415
7973 10221
10034 11242
12093 14921
15508 6779
17398 15825
11265 11414
13943 15603
10840 3199
11529 14358
14869 14826
8878 10451
10048 2202
8238 9840
7555 1465
3954 3772
6311 741
10340 5386
3918 7993
17560 16909
6067 5717
6277 5248
7091 10846
15867 13972
9061 15141
17192 7598
9274 13273
3295 6045
6361 6108
9708 14161
7455 12963
11826 957
5880 6466
9905 14732
464 14076
4148 12742
8989 146
1492 7039
1787 6744
9573 9121
4138 2051
16086 3335
3362 17593
402 6127
9318 11987
15382 10682
15687 6458
14434 14994
11165 3735
6042 8597
1684 16040
8274 17293
15655 10270
3739 12735
2142 12863
13131 3744
16114 11401
2428 11534
1757 5654
4972 9747
4889 2778
9957 4390
2792 10263
8133 3863
3882 7818
13638 10007
7396 3833
17124 5999
14763 12233
14508 4633
9744 16739
14052 12730
10007 13705
1974 4518
3252 12574
6809 13863
6915 15948
8672 17609
2661 5677
5147 5468
7860 16045
5696 9465
2460 4598
5130 6131
88 10309
13387 14779
15399 1757
9544 11765
1070 315
7586 15880
9441 4474
9265 6394
14878 12582
2333 16563
7649 16220
8669 16113
6483 13620
13931 14545
3761 16014
17845 5481
7367 2709
4883 1012
8705 7227
4661 9572
1955 1072
5437 9007
10080 7368
9458 17617
14391 9460
4075 5512
15359 14986
9965 16231
13190 3710
8921 3743
16400 8779
17695 17797
16181 12022
14345 17762
2636 1364
1307 14463
14157 17903
8205 7162
848 13932
2993 3356
680 8112
8832 9756
1319 1057
5741 14737
15418 8612
17006 11423
14491 2851
9115 14388
5948 3847
14284 7765
16113 6878
2990 11490
15402 14031
11402 5439
13381 4563
10922 6771
10521 6782
3428 1946
5270 11496
10808 17442
13489 9211
16236 17655
9445 5518
13123 10606
1203 9590
14904 9481
2886 8761
10307 16857
8271 3121
10594 4443
3799 13488
13245 1943
16863 9088
38 4158
17780 4349
15139 8182
13542 4793
1777 10555
6147 12869
16989 16039
11855 4659
16335 8806
14485 13574
1692 12294
6671 14811
8751 2475
17997 3051
4294 13201
9439 16896
14357 9117
15884 12094
3979 14900
946 15993
7842 10725
5190 82
10183 3053
449 15023
13370 11739
3055 2076
3718 17513
15121 13033
3850 7138
5046 14079
16331 6942
9564 16211
16675 8800
8960 10580
13615 9293
15811 11068
15474 17935
7987 4280
14968 15904
4740 11264
12570 1587
6246 1506
16655 3263
4474 15060
2288 534
13597 4072
11138 5177
16638 14461
8755 14960
85 23
9269 14019
9784 6630
16045 4323
4870 9892
14633 5210
17649 8980
15871 3059
11310 11811
10894 8205
17808 2701
12361 12185
14921 5424
10545 1697
6182 12988
7826 10011
12550 7673
7654 14066
13461 2989
1431 3119
10427 36
12493 6994
12652 15625
4985 2554
16231 7412
1214 17022
16460 14584
10879 305
3289 265
14428 11259
3268 3952
17235 13839
14973 4332
503 15654
4724 2321
13435 7503
5059 12553
2452 2928
15385 3357
8685 3382
11094 10268
13025 12045
2632 9806
10767 4494
17486 12542
12453 4363
10377 4682
15990 2242
17729 17384
1177 278
2243 5378
7693 14422
9417 11508
2962 6982
14221 4961
3226 13491
3294 14497
14539 7119
5452 2841
9813 3293
949 4588
1508 4036
10630 12584
1839 11520
9614 14071
11747 4582
12283 8120
14113 9076
4771 2761
8002 8132
17406 9337
13503 879
5901 9885
5571 6733
5737 16966
2588 16697
7892 6182
16308 12837
4690 9685
7609 1789
15111 16217
8323 12645
15060 3695
8367 7900
308 16371
15246 2327
9426 17311
17911 396
5177 11833
2421 10371
14475 4325
11324 12676
9803 13791
13904 11974
8196 17904
14970 5662
9900 15435
6528 2392
12606 547
15834 2213
3495 452
7773 8592
12497 7070
11763 1306
9696 1982
9675 13041
719 9388
8995 16419
266 13880
1608 17583
16277 17618
9379 5004
11545 9093
7177 2740
6231 10156
8213 16755
4482 6659
3184 5092
1292 17577
10124 10707
14445 12804
1094 2167
11956 10164
4307 14336
2954 7820
9671 1898
10706 8012
13616 2826
5756 14238
6580 3801
4331 14857
11989 1804
17395 10135
16443 5756
8931 3914
5392 416
8421 4497
15790 372
9672 5369
11100 16267
3774 11361
15347 17138
2468 16949
4613 8496
7393 5472
13023 12186
11986 4160
2960 8807
12930 3869
457 962
8666 10978
17583 14069
4050 8913
14903 17166
12078 2093
8591 8617
12486 2526
12173 16258
3551 14916
7662 16738
15450 11801
821 1817
10749 16372
7254 5469
2072 12049
15214 5155
9903 8360
13380 3372
3824 3780
4581 7485
1486 16674
1220 85
9974 1444
16143 403
3806 8014
3185 1507
7694 15459
17615 11927
4446 12550
12736 4918
14865 5865
12158 1159
17702 13742
13734 7357
5064 10545
3245 8136
16035 13640
13374 10484
9167 8889
1073 2553
12142 12217
7120 3913
14529 16451
14572 1726
7737 5877
11885 7314
3256 16901
12037 1505
17842 13138
11754 2259
1985 15241
13047 9251
9041 10181
6220 2831
4003 14967
14901 262
3004 12089
700 6576
10929 9555
7982 9959
4127 7949
6725 15202
6789 12068
7077 16167
7635 6404
93 8033
9086 4934
4742 209
4260 13437
8214 784
5718 7635
3603 17746
845 11352
4319 48
487 12330
11739 10077
7797 3407
10610 6724
518 17361
5710 7805
8696 13757
1718 16123
4154 1963
13795 4666
17239 9170
3725 3049
2083 1439
15606 7585
14690 17032
11864 13536
16818 12206
3574 2783
14812 3132
16510 16562
7260 4375
1421 12923
17087 2453
9884 14254
15010 4284
1021 7759
1994 9558
15696 8553
13161 10323
13969 12877
3538 10691
16066 10423
14535 14836
2409 8912
2648 7655
10555 2448
4861 6643
2153 3571
4136 5093
9012 3463
17969 5387
10656 15272
12482 10291
17386 13321
9664 3957
16566 17562
14097 11741
3250 6804
3750 14809
7046 10103
14093 15183
14797 8684
7488 3930
13560 2963
11107 5165
14861 9969
13066 1322
13632 7046
3116 10742
10242 4861
13985 8134
10241 11657
8353 12985
12266 16826
5002 1605
15541 9793
2200 8526
2798 5698
14152 1019
3165 13252
12211 14818
4264 8188
1966 3104
10802 3340
4006 4581
13462 3980
11587 392
13859 2021
1686 7284
10239 6493
11523 13127
16627 12198
6972 2754
5071 8482
15801 2458
7349 715
3547 2113
11473 6480
12045 14531
3765 4221
9129 3014
7411 10865
14062 4015
861 1400
8764 15106
5912 1660
8955 5505
10125 14194
11136 12944
11503 967
201 13981
5945 5663
4695 11599
13133 7036
2281 6133
4649 9011
1005 9171
3007 14615
17383 4871
7050 1136
12328 8054
13758 9671
14866 16348
11171 13501
5158 1999
12126 2875
10212 9168
2784 12551
1724 17230
5099 8165
1631 640
2674 11768
8917 15719
14520 17843
13895 15882
15915 11274
13572 16463
8952 12727
7064 8862
16789 5893
3730 855
11311 10449
14088 7177
3634 961
9282 9206
15946 1920
17267 15457
10107 17349
1489 11713
7226 7628
12952 5231
1796 3282
252 8122
6699 7903
9877 8734
6922 17488
4497 1833
8373 7190
9485 11627
10752 5693
3932 5771
254 7752
16299 10421
14112 11757
5758 925
4234 11524
12459 4657
17452 6169
16393 16130
11606 10128
2362 5753
13012 16071
1387 1244
14295 2958
615 1841
15066 7623
2552 7170
10259 654
14067 15663
13253 6602
13687 4276
9487 11166
3775 5816
13273 1952
684 719
10643 4841
5632 4642
15077 3635
11858 17246
2888 11957
14311 2377
3469 12242
14277 3311
13122 11029
17170 10572
2578 4472
12969 5162
10168 14316
11126 15965
7261 10397
10914 5709
5510 11693
2503 7316
16728 5746
3737 12399
17387 9651
16711 5824
6354 59
11449 12832
11505 1062
4840 5967
7743 10428
4799 7239
8388 3412
6465 16259
5686 4609
5010 10852
2470 2550
5805 7799
16192 11365
15203 10470
14710 5502
10591 2908
10360 11002
4947 14636
14411 374
2238 8691
15366 6871
9923 8177
9001 2222
1841 11485
11533 8411
16625 3541
2432 42
15131 1578
14809 12647
1233 14360
1865 13752
12083 13567
9407 16158
2515 12410
2959 11510
16616 17893
12599 12300
15163 3324
1345 15712
14737 7392
6169 5330
10536 14788
15586 2416
16429 1095
4944 9664
2028 658
3392 10444
11254 8557
2764 3432
16534 2432
5655 11201
1283 5575
8119 12304
14399 5273
17173 17926
17130 11074
5202 15819
11925 1016
12218 14134
9270 5407
12695 14228
13395 5148
11088 1755
1716 3319
10966 10850
2160 6736
10804 6226
3097 13412
12667 17699
9311 8693
8258 9225
4928 9746
10924 7784
2671 3143
4635 1627
11463 12875
10166 16088
12844 5033
4226 1787
2777 11824
10145 126
12344 14012
10764 2872
4188 9652
17249 15740
3063 6543
13875 3179
16663 844
11857 5598
598 9563
11882 2685
10121 15518
5907 3785
7019 10105
11198 13025
15935 15432
6292 16027
7424 2987
4508 17830
5078 12699
2529 6059
9693 12158
3315 12500
17688 12105
17254 6114
1237 1463
11036 8628
4295 14410
12345 15240
5055 8632
5317 7414
5926 8801
5425 2020
14342 4953
1432 3169
13464 11266
11938 17743
7784 13566
14556 7456
9337 12685
14711 17124
7668 13718
17499 17548
7838 15560
10141 7722
15369 15607
6358 2588
12054 12937
14438 1138
9234 16453
12514 16936
16480 4832
17284 3942
13719 14715
5311 5665
6544 5478
4536 6944
8193 6316
1710 4135
15748 1399
12164 13874
16906 2568
4086 14267
9341 6617
2749 4846
5254 8451
8939 10478
14724 2196
16822 2852
14336 12718
3006 13021
7276 10687
14783 9051
11456 17030
874 15013
13596 406
1746 13750
12992 3688
16450 13581
12254 4904
7726 4857
12654 3462
2675 3310
12286 9375
7358 11268
924 13465
10443 8656
3247 12552
10987 15912
4786 15501
4509 5643
1256 9025
9401 13205
15482 4714
4548 13164
15372 1271
14700 12970
173 10863
2597 7785
623 1616
8387 15572
7067 12205
4900 663
17984 11072
17295 9931
13870 10190
3644 9187
7787 16110
9869 3219
3993 7470
1565 4404
7814 14520
13757 10515
14979 8829
2059 13657
3633 2926
16379 6159
17566 14475
539 6927
16888 13343
7928 15875
4705 16925
9545 12253
14066 1842
52 2151
11562 10195
7883 16607
13651 13219
6138 4445
17154 17180
11817 949
2218 5694
17238 6317
17829 6578
16634 8176
667 1084
12795 14957
15406 1657
1427 11809
12678 6525
12233 8978
8312 12071
533 15212
11702 16552
2214 13008
11299 4060
7902 1002
3397 7928
10896 16017
4372 14618
1453 5820
17892 15552
5738 11461
15225 11281
15681 5359
5973 8476
4419 2962
2068 9342
14998 900
1212 12667
9616 5339
6606 7023
1436 7254
6537 7377
1374 6775
10342 8818
10161 13419
16889 16820
13050 292
17795 15536
15513 4336
8301 5676
1200 7333
6263 8271
9376 10010
11698 9024
1567 13888
10877 12337
8953 11427
4079 8258
12060 7151
14319 15293
13108 9901
14410 17061
12670 13014
11110 3353
6122 241
16260 16762
16303 12263
12038 9263
17016 9781
8740 3543
2708 15786
13911 2092
2587 11020
14111 9060
5914 10655
17875 9073
9627 8558
10526 9791
2624 6173
10746 4913
9688 16951
10044 7875
13963 1861
5461 13242
14546 10473
11520 835
14652 16298
1388 9687
11553 8501
14253 13716
8997 13258
1880 12723
2459 1158
13311 6224
11905 11245
16813 7287
4679 17519
1141 15589
2204 11748
7734 16624
12004 9837
11867 5571
12546 5936
1062 9627
5028 15427
14744 4193
12156 10999
12191 2927
14548 7283
2520 11642
4512 7319
17350 10063
12025 13779
13043 10857
10302 12180
9133 8539
8180 9636
850 15197
6097 3860
16353 15419
16966 1759
12681 2334
3859 15474
8578 6375
8530 3927
14624 12507
7032 17362
9358 13537
16096 1772
6560 4941
4019 4502
4448 6564
2427 11229
14813 13409
5658 4694
14586 10368
2877 5910
10473 2649
11385 15978
2128 10900
17766 5795
9515 1901
9829 155
5162 14813
5705 8963
11846 6862
16671 5525
6586 5192
4551 16043
16189 2885
862 4241
12089 14212
4253 14059
2826 15644
2155 12561
15685 153
17226 1237
13417 17491
2417 6535
4107 12226
10389 10559
2431 17401
14745 6245
15265 588
16953 136
11290 8154
4206 7415
5963 11284
4229 10227
14177 4225
1816 3366
4069 16494
16978 10031
5015 5473
9966 2140
5396 9772
5308 9530
10573 14940
7389 17049
11339 17175
17004 11071
9308 14211
2585 4385
8212 11231
6433 16063
8994 11772
4102 6175
17482 5403
3062 627
16469 7351
5526 4300
5053 6921
5610 16536
11064 5538
1350 12013
930 1225
2662 12295
1490 8382
8673 17523
6908 1593
993 1572
16320 647
9492 1581
15826 3795
9747 14560
14862 12461
2392 4050
1964 17934
5180 8282
14405 15546
13620 5018
15868 6734
15219 9867
6686 13792
11148 3309
4708 17050
10243 8847
10464 4495
11318 13725
4285 3438
16875 16764
3480 3858
10457 9264
7922 3736
15286 3483
4015 16310
8765 6510
14733 6546
4617 8618
3173 17143
1659 6609
9510 11729
12588 13427
13702 5256
8136 1292
5234 17962
10730 16265
10248 6806
6221 15751
5222 10834
16328 7685
16867 90
15297 418
16344 2917
10111 3619
16298 16191
760 4888
2951 2952
12886 16768
16563 2460
7889 3320
11564 8386
1595 7575
1657 9701
9220 8655
16217 15214
15421 1642
9364 3271
17587 5725
268 1293
3523 9522
14121 11804
4389 10247
13214 13960
11992 3798
1483 3113
13127 1504
1677 317
6379 4535
11880 5588
9457 10770
2410 11716
12660 14344
16524 8792
14758 3046
9166 12211
3894 5993
4217 3731
3169 13133
12908 13116
12229 8908
11112 12640
11981 15672
4728 13820
6523 5466
16683 3705
13153 4343
16387 1922
1485 5224
1276 3399
4491 13633
15524 15817
17018 5940
14975 12444
4881 11751
16893 945
10747 4282
10438 15830
12877 15995
9806 3701
11023 13477
16624 14441
16703 8573
17444 10297
16052 17198
9824 7340
15562 11086
546 17010
12071 17142
10855 14184
3592 8146
13650 15792
10082 11330
15552 12612
8701 4872
7457 382
1683 5143
15744 16567
5588 15378
17179 16248
4843 5420
7937 2454
