20953 20620
3649 874
820 19560
24300 15552
9013 8701
8025 21483
7315 25655
4573 25434
24133 18956
3359 18928
22175 7457
24271 23639
29235 1683
17871 19121
2849 15744
19350 5588
13826 17179
1042 20612
977 23632
3071 20308
7165 25383
7624 27564
16560 12459
19727 4843
870 26925
18391 22307
6516 7937
23463 1035
21296 18762
22982 22955
17857 3602
13747 6252
7224 621
14720 14452
19310 10280
9116 13723
26524 4963
28486 13532
213 22627
24865 6682
26406 13448
5232 16444
22877 25395
13849 20037
11150 15454
9106 28601
5095 27800
7056 24112
25019 23836
11030 2041
3350 23127
3040 4525
12450 16997
3170 6795
11764 18380
27771 10652
11271 21700
19783 15676
8668 17219
26448 12348
1424 10282
23912 5675
15055 15063
17572 29889
4091 17470
12404 11218
2583 17901
18090 11610
9607 22147
27178 25297
20600 28432
20268 23624
29015 21080
28237 26335
11851 22719
18919 8663
6301 19991
23088 15866
2280 6301
1502 8078
21669 9143
7468 18288
25332 9782
9483 7369
2615 9753
28028 25270
7629 9471
28393 23099
3310 6793
12456 22618
9109 23102
14858 16024
20831 10389
27333 15723
11955 11430
5330 18367
12131 26064
11642 23648
6866 8961
21961 9431
8749 3994
22998 18792
22399 22172
21235 17800
2340 12442
19961 29353
20807 12929
5608 26817
17503 11310
23893 25332
8022 26366
5355 4800
15148 9518
12434 1379
8846 9426
20972 23401
22550 2590
18251 11350
7197 14496
22434 21495
10627 8404
27619 24489
25177 15699
25428 7012
1833 6622
7506 27131
26929 17649
1052 8885
26380 18417
10337 22813
13146 8901
8774 4499
2169 3580
6914 20175
29922 24278
18586 19230
28717 7841
23525 7945
10312 1664
6968 21950
21478 29662
16359 17402
12965 7395
28990 20905
29968 7630
21065 1721
15036 3284
4682 13544
8680 10824
4576 23507
8082 15480
24412 3295
18395 22322
17662 25257
8610 4505
24479 170
19156 18034
14039 5176
29420 13334
19122 21394
13088 28858
11862 28784
7187 15588
4533 15646
16697 21317
16172 6536
2979 24770
24766 9413
1544 10525
28217 9353
3593 21165
5009 1939
20561 29752
5243 25190
25955 2932
22299 21375
13834 18814
19544 7610
2082 17536
12609 24206
12505 23696
19527 27864
15338 1223
17339 29925
8239 5737
18129 13694
28207 28910
377 27447
22292 5761
23617 1191
3754 27401
22339 13009
28993 25820
17596 16233
24605 6106
8744 24544
25186 28584
21004 9486
11147 28730
3656 1228
9618 304
14247 9778
5183 18611
14868 19752
107 3517
23662 10979
28700 9325
23583 14889
8631 21015
16404 17803
24968 17181
5855 16185
16636 29140
29905 4398
3487 27888
28526 16523
20490 15337
9780 8941
27580 6319
20938 26504
19955 3692
6518 10836
12253 5325
24986 23958
5294 15038
17675 21244
25515 8431
17379 23548
19 6102
19627 462
10622 24138
16011 11047
639 25912
3666 9668
11895 18606
28794 22099
27253 24815
26437 6330
10077 5751
7847 20020
1899 28055
7893 20930
28771 29395
18592 13288
2581 27099
2807 14015
23984 16885
15925 10746
26740 2843
2268 13135
24924 21931
17456 3126
25095 6055
4121 4608
4208 10604
21619 8129
15575 224
18016 8546
5411 12569
8686 7718
17291 14639
28588 24700
19877 8749
13866 10802
6941 9895
17672 19087
24749 23688
23919 18773
22606 375
6592 8571
23362 21420
10215 11782
13075 22701
22010 7744
12237 2036
14356 21883
29479 3874
16960 15251
14795 10054
3966 5234
8124 13285
7363 22482
2099 16467
11079 29332
690 29092
19278 23055
18151 25227
7541 10191
19283 22620
7217 3848
236 12044
2327 20141
23195 7237
20680 7181
1930 4377
7502 15670
2209 5020
29669 14909
1030 24502
28169 19849
10828 12243
2322 13627
16848 23002
7799 17998
9126 29911
21922 15429
15907 24817
7021 17614
17670 26280
4336 21762
23703 27054
28914 7157
18712 24965
18882 8109
15489 22294
7963 24732
25711 19524
15499 28611
26461 25801
13339 2683
6240 17220
3091 14640
3177 17308
21594 23062
14125 11855
11610 2560
13880 18487
13471 3677
15304 2024
28307 27158
23891 17946
1776 29586
22065 16564
21413 6625
21175 18767
3225 17586
1987 4911
13194 5392
23863 10752
11119 28000
26234 17051
28236 14479
3581 3809
8148 22292
6279 6731
6233 23492
17574 19109
14701 16018
4594 2980
13825 29455
6013 16724
9128 14598
15160 26500
8186 1824
28656 14859
2471 4324
14521 16819
26478 13613
28225 14969
28049 18479
18034 1892
3209 18311
1658 15152
21370 22046
17714 26442
27395 10099
484 23701
3057 714
24693 12975
27811 8339
7746 26754
5450 99
13318 24439
15914 7141
15774 18951
7005 2394
28333 1485
13142 13884
29572 11290
1922 22951
5395 2090
12419 17733
71 1975
12794 29302
8691 2262
25693 15469
25728 1040
14910 9408
9348 13398
13862 5898
22826 25198
23938 4438
25670 25095
18212 21022
21689 23898
23541 13775
15948 12271
5073 29208
6223 12534
9723 14698
7134 28496
1917 29713
18979 12370
24109 12310
17767 2630
1998 22372
24510 21686
10277 28658
1874 17672
1644 4358
19143 21416
15624 28190
16478 11396
27942 3888
17404 5849
5159 17605
1864 12880
16641 17330
2626 4173
27897 23851
6090 7298
2246 27356
19499 114
2227 24779
22126 745
28241 9777
7708 15172
13231 22070
3929 23564
29173 17841
18668 13898
8068 17431
18971 12429
19482 26980
1303 7526
20296 8111
2687 15094
13738 11343
21541 5084
19126 9033
18522 6177
17131 28679
10367 23758
8545 25084
6694 3698
21946 1056
23469 26525
10296 21634
7822 13738
8704 20150
12970 25103
4289 28959
21152 29133
9831 513
14983 7887
10361 6753
24638 2205
2378 3307
306 19463
15018 1101
20355 14629
18449 19589
3277 22021
2401 23046
17618 28581
6985 1596
16577 8020
4341 24267
11437 1450
28865 13182
2255 14384
28812 7679
8005 17687
12109 7120
9339 24720
5170 28303
14359 25431
27321 1850
17801 4592
23054 16512
9913 9479
20044 7674
21430 26732
17333 23971
257 18878
21885 10450
26775 18923
18174 19593
9811 25315
21738 22038
3395 10508
28775 7763
4401 9889
8667 28714
3783 4695
29155 17081
3508 7244
24328 13552
5094 9847
8925 9017
9233 1998
19820 18243
6902 19388
23515 28827
11236 24092
6672 29871
22528 5739
20783 20513
27949 22242
8651 13999
16562 18215
16009 16241
8229 1537
29667 11286
29759 21081
27726 21999
1665 12490
3025 25750
20785 17186
27177 10445
9067 22817
1445 13643
117 13378
10930 4890
25269 9827
4287 12336
20877 6026
8584 24721
5295 17627
24289 15517
14479 7897
18078 27832
23124 7385
14015 9855
18380 28100
317 23186
2466 4731
28938 26404
22644 15173
29620 29975
4885 1889
17878 18429
1181 13523
27349 13649
12099 18262
19088 17367
18106 4394
4853 12728
14084 7958
4177 8356
1371 6663
10102 10823
11949 21192
29458 2591
26088 14739
28204 27759
1308 12160
29456 3030
11725 17552
6884 23744
22350 27178
8177 6242
21855 1689
3369 8797
11590 12360
25563 22075
18347 19824
28972 19757
28663 1296
13317 28627
20338 2385
24559 6166
5065 26367
7758 24960
28332 19254
5325 23735
26211 22003
26568 18313
5802 7112
28883 15709
13511 6845
813 28491
5878 29722
24136 10911
10886 9935
25638 29786
13492 503
26288 6941
21952 6227
28314 24297
24087 3845
26567 24474
8132 24718
8743 15694
5217 29965
25801 7950
22980 22795
3543 19806
12536 6702
28580 12997
1269 29987
28135 7843
15424 18091
7289 10539
6540 25413
26758 9276
15084 12474
11458 15279
10001 17487
26888 21258
26062 11773
28552 10107
7458 11785
7305 16804
776 28928
21628 16295
6329 15271
13057 3232
10757 26307
9130 23673
28324 15385
2275 24958
25341 27517
9147 10494
11507 29961
21021 6657
16693 12148
13097 10254
22267 13564
27646 1499
17571 18433
10852 28315
905 7251
3780 24290
28739 4782
8560 532
5852 18131
19025 19138
8699 18978
1254 23594
3553 13684
19549 9673
14240 4995
11328 6429
23873 10810
25770 7538
10279 12447
14300 18671
19865 27308
16759 8053
3790 16362
12623 18044
29475 21451
18894 22442
6229 11062
8347 8433
1455 25014
23226 26922
14289 16012
56 23710
17037 21028
26428 24236
17644 16076
22507 15101
23575 5513
24313 24012
24152 26050
21976 11541
6457 5547
11935 4587
14133 23604
2293 17910
21766 16002
10820 6031
20420 29143
10287 17765
27788 21031
4084 1925
23585 17169
29493 1109
9841 27495
16618 27745
10135 2436
21853 26805
13383 21897
10689 1590
13186 25046
22847 210
9689 13514
18167 4506
4171 27609
6287 20667
13778 7584
21789 2228
12424 23173
22195 4949
24515 300
29584 7168
5703 16572
20170 14943
18649 12230
9862 1981
13307 20246
17955 20898
27320 21849
14 20203
9958 29910
9402 15834
6888 21604
14087 15987
25748 516
19005 217
19880 17440
21454 18077
10560 13479
15237 389
14477 549
14489 17348
22139 23665
7003 9003
16751 17556
15506 9395
26010 562
29530 16457
26085 26646
24116 22868
5561 22087
21590 14110
2779 26417
9300 29812
16891 5875
21754 3507
20741 3157
20292 17184
10984 4880
3061 6290
26819 20309
24614 17251
7697 8272
22047 26713
10172 11615
7362 8760
26430 26049
6526 13006
4829 12225
801 13305
1515 15041
8024 18514
15570 7970
20031 22848
27845 7401
25182 9830
2387 22415
14924 27134
13581 27783
29037 2642
20637 21422
18864 28123
6372 21296
23539 24891
22819 1039
12583 3064
16200 13281
13096 12428
7995 18111
4836 15598
21498 1839
22533 20865
182 310
29251 23031
24608 5616
28195 2710
25233 16380
3493 27700
25508 14219
13932 21133
7171 25703
5764 10856
26350 18542
22804 28114
16973 3125
15223 29321
1646 17307
18266 1395
8166 7529
27799 6928
3977 29533
14958 28447
4370 22685
26261 29084
15226 18573
21876 15582
17405 8884
18315 1526
19512 2437
10398 22428
29211 9188
14503 29469
20076 17795
26707 18466
23570 21565
29230 1079
16541 5878
13984 27867
27217 10306
29716 514
17953 6789
14612 19236
29400 4725
5216 24650
24369 26893
28230 23355
15555 26900
14748 13052
8494 2522
24635 9807
8102 5324
27521 18480
20895 7880
9087 18570
25483 27350
17082 27835
15880 12752
20538 22186
7840 29378
8999 17714
14414 10871
2539 12578
23382 24760
9363 24240
7684 4586
8904 25904
11006 22588
10477 23730
29263 2570
17700 16410
2641 24428
4535 11334
4943 1760
7578 3201
12552 14323
22740 7607
5008 27482
23148 2491
7011 11161
2105 19831
13595 25199
13357 20116
10843 19517
17781 13000
15268 25348
13625 10695
2041 971
6778 20779
27293 8957
13768 25676
12763 14764
29650 16077
25225 7476
19140 11660
22791 18122
641 12302
28074 14151
28858 6087
25088 22273
18865 19198
12465 21649
15630 12455
194 2809
11527 25303
9785 20271
24690 9679
12780 26151
27966 8076
29218 23368
27386 2409
13731 2689
17637 8781
24495 5054
24073 12452
17896 23321
19768 25687
7227 20772
15999 5056
7191 24238
8944 12768
14282 10377
952 11820
12743 3492
11015 2999
21918 171
22255 10102
26154 14574
13249 11794
23730 24948
5409 8840
27542 3350
15316 4342
4183 2861
20391 6141
884 14123
29719 14708
12912 18252
19396 18178
18494 16792
21726 13371
889 3385
2751 861
21062 2937
14045 11598
4447 18161
28405 3050
15129 19561
5955 19597
1648 25705
8525 10631
12423 12624
10727 405
6936 9564
14900 13560
10711 12708
11060 25532
24944 2776
28825 23752
9118 29529
24642 18335
27261 7955
13814 18742
8267 17076
27359 5557
2684 22457
15412 12476
636 5555
24545 4550
17676 8812
1707 9868
11468 8796
7348 16159
21304 2074
2249 5480
25600 14244
21357 9043
1320 13799
24715 9823
1017 15868
8103 25647
6533 2521
27500 11834
668 8248
20360 8081
4994 23623
7817 20482
4137 16247
15518 19458
21937 20208
3749 6408
18481 15004
7143 3506
15239 4440
22921 9984
8397 222
25130 12967
12088 10887
5499 27578
19854 20323
19899 12449
24509 26348
23540 28253
25487 10799
26847 14426
5367 10969
10193 14111
18963 26722
842 26986
10223 28165
18868 21334
22196 19478
29755 4461
12299 9845
12998 19767
23430 22784
6499 6582
2491 15697
19402 10296
22631 5821
20554 13050
7958 10458
3340 9551
22846 24081
25313 22773
9883 20739
27863 16090
22422 18871
19675 25624
26396 7944
3967 10679
26091 12323
18545 9185
25646 26755
1346 25752
11378 12876
17457 11961
14038 3732
21677 18477
12143 6548
2260 19407
16580 17880
21219 5896
11182 22339
415 25154
27839 18026
13765 882
26947 23830
16063 15127
3459 23212
14206 6870
11869 14368
20827 26139
29216 9547
27156 27240
15065 22703
23178 2267
5014 26836
14271 27781
5772 26073
24046 26053
17097 13407
21315 22053
8851 4561
20183 20754
26484 9924
17635 7931
25384 8280
15844 21584
15233 5051
14273 23437
27058 13866
23955 25857
19415 12354
8795 2424
10562 14716
27909 19594
8045 15704
27222 19079
2840 13134
9140 17511
28890 16601
14772 28497
7991 22666
24592 13707
15228 17815
18673 1205
20000 25911
21896 22992
11024 29344
941 26618
16198 17594
27885 19459
10651 20912
5959 29964
15977 2785
6951 3584
11627 8135
26144 21549
8466 21781
11153 11633
9164 5451
28847 21201
19535 20077
22977 1452
28840 18456
9053 21137
18213 22200
333 21193
16929 13095
6261 24664
2806 10866
7909 26091
23596 14106
16010 3472
18193 346
24844 8479
7875 7275
22630 16734
15601 24473
21165 17000
23326 18285
16084 19023
14686 22534
25983 18850
566 7243
3050 14608
9642 12260
7262 12817
13252 15174
22669 25309
7973 22268
10034 19287
21757 22625
19057 16400
12093 4940
15508 11304
18137 805
17398 15820
11265 3426
13943 9681
24443 13631
18036 2814
10840 3804
11529 27241
23032 23926
14869 4643
8878 11415
10048 10221
8238 11242
7555 14921
3954 25699
23636 6779
6311 15825
10340 11414
3918 15603
24343 3199
17560 14358
24976 23659
22616 22832
6067 14826
6277 10451
7091 2202
24203 9840
15867 1465
9061 26549
23744 23291
19320 3772
24911 741
17192 27826
19556 21233
9274 22189
3295 26217
27284 5386
6361 24265
9708 7993
7455 16909
11826 5717
5880 18085
9905 5248
464 10846
23201 18346
4148 13972
8989 15141
1492 7598
1787 26141
18133 13273
9573 20636
22853 6045
4138 6108
20902 20988
28458 21539
24668 14161
16086 12963
3362 957
28598 24163
402 20124
18811 28938
9318 6466
15382 14732
15687 19406
14434 14076
11165 12742
6042 146
1684 23093
8274 7039
15655 6744
3739 9121
26940 24653
2142 23061
13131 26501
16114 26084
2428 2051
18908 18919
20626 3335
22494 26199
1757 28574
4972 17593
4889 6127
26580 11987
18444 10682
9957 6458
2792 14994
8133 3735
3882 8597
18287 21978
25050 28267
13638 16040
19868 17293
19534 20943
25911 10270
20265 19562
7396 12735
25418 20032
17124 12863
14763 19235
29770 3744
14508 11401
9744 11534
28186 27706
19285 20230
14052 5654
10007 26665
18633 22073
20350 23134
1974 26235
19977 9747
24252 20136
3252 19339
24994 2778
6809 22024
20497 4390
6915 10263
8672 3863
21641 7818
2661 10007
5147 3833
7860 5999
5696 12233
18088 22723
2460 4633
5130 16739
88 12730
13387 13705
22590 19544
19459 4518
15399 18836
9544 12574
1070 13863
7586 15948
9441 20825
23166 17609
9265 21144
23036 5677
28168 18184
14878 5468
2333 16045
22525 9465
7649 4598
8669 6131
25816 10309
25928 27591
20482 14779
19327 20297
21666 1757
26343 28362
6483 11765
13931 315
3761 15880
17845 4474
7367 6394
21222 12582
4883 18402
29767 16563
8705 21400
27088 16220
4661 22437
1955 16113
5437 13620
25973 23270
10080 27522
24542 14545
27009 16014
18652 5481
9458 2709
14391 18527
4075 1012
15359 26080
22567 24939
9965 7227
22929 9572
13190 1072
8921 9007
16400 7368
17695 17617
16181 9460
14345 5512
2636 25584
19597 14986
1307 18536
29145 24331
14157 25098
24070 16231
8205 18014
848 3710
2993 3743
22096 8779
27393 25399
28198 17797
18849 26978
19239 12022
680 17762
25060 26956
22030 24799
26917 1364
8832 24904
18883 23560
1319 14463
25006 17903
24782 7162
5741 13932
15418 3356
17006 24117
21349 27200
14491 24621
9115 8112
5948 9756
19181 28666
14284 1057
20801 14737
26682 8612
16113 11423
2990 26763
15402 2851
11402 14388
13381 28354
10922 3847
10521 25416
21959 26604
3428 7765
28107 6878
5270 26566
10808 24171
13489 19266
22731 22582
16236 11490
9445 28215
21712 23290
13123 19998
26659 20735
24921 14031
18026 5439
1203 20191
14904 4563
2886 25718
10307 6771
8271 26658
10594 6782
3799 26393
25315 1946
13245 18681
28342 11496
16863 17442
27032 9211
38 19558
21551 17655
28488 5518
17780 10606
15139 23071
13542 9590
1777 9481
6147 18768
16989 8761
11855 28116
20403 16857
24788 29497
16335 22260
20494 26712
14485 3121
24904 4443
1692 24580
6671 25746
8751 13488
17997 1943
4294 9088
9439 28412
14357 21493
28864 4158
22881 22985
15884 28380
3979 4349
946 8182
20645 4793
19952 23311
26192 10555
7842 27148
23259 24952
5190 27642
10183 22159
18050 12869
449 16039
18097 4659
13370 18922
3055 20723
27572 8806
29915 20573
3718 13574
15121 12294
3850 14811
21225 2475
27268 20763
5046 26038
16331 28840
23482 25195
9564 3051
16675 13201
23115 16896
8960 24570
13615 9117
27353 22765
15811 28748
15474 12094
7987 14900
14968 15993
18064 10725
4740 19070
12570 82
6246 28473
19641 25367
16655 27760
24455 24010
28814 3053
4474 23952
28313 15023
2288 20803
25320 21763
25887 22849
27998 11739
13597 27857
11138 2076
25812 17513
16638 13033
8755 7138
85 14079
9269 27029
23792 6942
9784 16211
27443 8800
19233 10580
19003 27144
21625 9293
16045 11068
28353 17935
4870 18938
14633 4280
17649 18552
15871 27933
11310 15904
10894 25832
18086 11264
24998 29300
17808 22366
12361 24978
14921 1587
10545 1506
28496 3263
6182 20519
22856 27418
7826 15060
18737 534
12550 4072
7654 28104
28050 5177
25414 14461
13461 14960
1431 23
10427 14019
24403 6630
23109 22564
29932 29800
26589 4323
12493 28907
12652 21300
21748 9892
25966 5210
26895 28654
21366 28725
4985 8980
16231 3059
1214 21450
16460 11811
19340 8205
10879 2701
28499 12185
3289 21775
28646 29616
27691 21264
14428 5424
3268 1697
17235 12988
29834 20500
14973 10011
503 23790
23674 22920
4724 24748
13435 7673
28539 14066
21456 21479
5059 2989
2452 23059
15385 3119
25610 36
8685 6994
11094 15625
20423 2554
22699 19454
13025 7412
21294 17022
2632 22282
27911 14584
10767 305
27930 265
22098 22794
28159 11259
17486 26776
12453 3952
10377 28192
20539 13839
23551 22743
29080 4332
24885 15654
15990 2321
28587 7503
17729 12553
1177 2928
20233 23946
2243 26410
7693 3357
20682 3382
22427 10268
9417 12045
24471 28869
2962 9806
14221 4494
3226 12542
24916 25345
20767 26653
23066 24680
28593 28656
3294 4363
14539 21024
5452 4682
22742 2242
9813 17384
29604 18458
949 278
1508 19999
10630 5378
26089 14422
1839 11508
9614 6982
11747 20581
12283 24520
14113 4961
4771 13491
8002 20188
17406 22498
13503 14497
22342 28180
25970 7119
5901 2841
5571 29380
5737 3293
2588 4588
19972 24657
28536 4036
20307 19320
22385 23921
7892 12584
16308 11520
29912 14071
19109 25923
4690 4582
7609 8120
15111 9076
20903 21123
8323 2761
15060 8132
8367 18134
21852 19694
308 19662
26367 19910
15246 9337
29531 25526
9426 22626
22204 879
17911 27784
5177 27757
2421 21575
14475 28700
11324 9885
19254 6733
9803 16966
20937 19888
13904 16697
22621 6182
8196 24506
14970 12837
27699 9685
9900 21174
6528 1789
12606 25684
27963 29423
15834 26011
3495 16217
7773 12645
12497 3695
18741 7900
11763 16371
18836 20909
9696 19462
22914 2327
9675 17311
719 29122
27199 396
21569 11833
8995 10371
266 4325
28347 12676
22473 28208
25504 27492
24402 18625
1608 13791
29840 11974
19871 17904
24418 22379
16277 5662
27291 24994
29628 15435
29588 25244
9379 2392
25420 547
26178 19247
19893 2213
26278 452
11545 8592
7177 7070
20861 1306
6231 1982
20346 25864
8213 13041
22209 9388
24759 20598
23624 23352
25149 16419
21601 25137
22311 13880
27471 22997
4482 20990
20587 17583
3184 17618
29603 20187
21180 5004
1292 9093
10124 2740
25842 10156
14445 16755
1094 6659
18992 26479
11956 5092
23998 17577
4307 10707
2954 12804
29807 19217
9671 20785
10706 25010
24494 27346
13616 21294
5756 22317
6580 21075
4331 2167
25773 10164
28720 22895
11989 14336
17395 23920
16443 27738
29934 7820
8931 1898
27213 8012
5392 2826
8421 14238
29952 3801
27024 14857
15790 20064
9672 19951
24464 1804
28522 10135
11100 21827
26354 24304
3774 21564
15347 24270
2468 5756
4613 3914
24713 416
7393 23197
22162 4497
23732 22987
22099 372
13023 5369
27714 16267
26365 11361
18263 17138
11986 16949
2960 25657
25910 26952
12930 23619
457 8496
8666 5472
17583 12186
4050 4160
14903 24569
12078 25596
22048 28622
24544 8807
22032 24017
8591 29047
19155 3869
12486 25279
26949 29488
20924 962
12173 10978
3551 26448
22114 14069
7662 8913
15450 17166
821 2093
20302 8617
28975 23342
18397 18896
10749 20563
29992 2526
19992 16258
7254 14916
21223 16738
2072 11801
20821 1817
26997 16372
15214 28160
29799 18576
22973 5469
9903 12049
21275 5155
13380 8360
3824 25341
4581 3372
1486 29304
1220 18806
9974 22090
16143 23685
3806 3780
3185 7485
7694 24274
29074 16674
17615 85
4446 1444
12736 28138
14865 28277
12158 403
21971 8014
24352 1507
22823 15459
17702 11927
13734 12550
19246 4918
24323 5865
23810 28099
5064 1159
29014 18117
21461 26317
3245 29949
27319 23398
16035 24271
20174 21487
13374 13742
9167 7357
1073 10545
22620 8136
12142 13640
7120 23603
14529 10484
14572 8889
7737 27067
28032 2553
11885 18729
3256 12217
22469 3913
12037 16451
17842 22064
29547 29555
21130 1726
11754 5877
1985 7314
13047 26357
9041 16901
6220 1505
4003 13138
27789 2259
27008 28738
14901 15241
3004 28379
21718 9251
21028 25347
20955 27684
19568 10181
700 2831
25782 18124
10929 14967
7982 262
4127 12089
25788 6576
18501 9555
6725 18475
27192 25707
25073 9959
18161 24235
6789 20406
19215 7949
7077 15202
26643 12068
7635 19389
25375 16167
25843 25317
29509 25425
19530 6404
93 24002
9086 29506
28129 24920
4742 26083
4260 8033
8214 4934
26166 209
5718 13437
3603 784
21662 7635
28392 17746
845 11352
4319 20839
487 27512
11739 22724
25836 28745
7797 48
19296 24869
10610 12330
518 27821
5710 24186
8696 10077
1718 3407
4154 6724
24305 17361
13795 7805
17239 13757
3725 16123
24434 1963
2083 4666
15606 23320
14690 9170
25495 3049
11864 1439
16818 7585
19454 29403
3574 17032
14812 13536
16510 22966
7260 29347
20156 12206
1421 24508
23831 2783
25665 19031
29778 3132
28410 16562
21591 4375
17087 20881
9884 26869
15010 12923
21081 2453
1021 19396
1994 18607
15696 14254
27765 21707
13161 4284
13969 7759
22483 9558
3538 8553
16066 27883
23344 10323
29810 26242
14535 12877
2409 22962
29468 27260
2648 24097
10555 10691
19933 10423
4861 14836
2153 8912
4136 7655
9012 2448
20458 6643
20745 25557
19182 25237
17969 19160
23336 3571
10656 5093
12482 3463
19576 5387
17386 15272
9664 10291
16566 13321
19839 3957
14097 17562
3250 11741
25989 25243
22996 6804
3750 14809
27945 10103
21330 15183
28761 8684
25198 27935
18067 3930
23621 2963
28361 5165
7046 26464
14093 22481
14797 9969
29101 27080
7488 23092
13560 22836
11107 19770
27113 1322
14861 7046
13066 27392
13632 28069
23908 10742
3116 4861
10242 23304
13985 8134
10241 11657
21795 12985
8353 16826
12266 1605
5002 22190
22506 9793
15541 8526
2200 26873
27256 5698
2798 1019
14152 13252
3165 28004
24399 14818
24209 18218
12211 24514
26601 18027
4264 8188
18232 3104
1966 3340
19218 26343
18403 26012
18406 4581
10802 3980
21955 392
4006 2021
13462 27210
11587 25591
28627 7284
21802 6493
24586 26991
13859 13127
28446 12198
23628 22489
1686 20654
10239 21126
11523 2754
18938 19082
16627 19206
6972 8482
5071 26633
21520 2458
15801 715
7349 2113
27764 6480
3547 29573
11473 21168
27702 14531
18228 26520
12045 4221
3765 3014
24990 29658
9129 27764
18813 27177
7411 26506
26452 10865
14062 4015
27695 1400
18382 15106
25148 1660
20373 5505
20106 14194
22118 23739
21060 12944
18244 967
861 22388
19956 13981
21556 5663
27180 11599
22724 7036
8764 29764
5912 6133
8955 9011
23027 9171
24983 14615
10125 28949
11136 4871
11503 1136
201 20290
5945 20218
28504 8054
4695 21211
18558 9671
21540 16348
13133 13501
2281 28927
4649 18045
24281 1999
20748 2875
1005 9168
3007 12551
24449 21059
17383 28989
7050 26123
12328 17230
13758 8165
14866 20669
11171 26286
5158 26046
12126 640
10212 25622
23646 23376
25456 11768
18599 15719
19538 17843
2784 25607
28946 15882
1724 11274
5099 29907
24722 16463
20246 12727
1631 8862
22085 5893
2674 855
8917 10449
14520 19567
21691 7177
13895 961
15915 26565
13572 25512
8952 9206
7064 1920
24738 26498
16789 15457
3730 17349
11311 11713
14088 25128
3634 19137
9282 7628
22224 5231
22233 3282
19436 8122
15946 21525
17267 7903
21861 8734
10107 17488
1489 26749
7226 25928
12952 24152
19639 1833
1796 25037
252 7190
6699 18865
9877 27739
6922 26129
25145 11627
4497 27500
25041 27697
8373 5693
9485 5771
10752 7752
3932 19416
254 10421
16299 26418
14112 24187
5758 22860
4234 11757
12459 29950
17452 19385
23058 925
16393 23051
18309 22956
27308 11524
21891 18601
26418 18469
11606 4657
2362 18452
13012 6169
28239 27417
24316 26556
1387 28890
14295 16130
615 10128
15066 5753
2552 16071
28250 1244
10259 2958
18867 1841
14067 7623
18790 19716
13253 7170
23249 654
20977 15663
13687 6602
9487 26426
3775 4276
13273 11166
684 23493
10643 5816
5632 26294
26258 27666
20255 28450
15077 1952
27264 719
22598 4841
11858 19223
2888 4642
14311 25375
27673 3635
3469 17246
14277 28203
19297 11957
13122 2377
17170 12242
2578 23087
12969 21697
10168 19203
24439 3311
11126 11029
7261 10572
10914 4472
25531 5162
5510 23998
2503 14316
16728 25948
20750 20948
3737 15965
17387 21273
16711 10397
6354 5709
29686 18415
25436 22727
11449 29151
11505 20111
23835 25789
26836 11693
21150 7316
26708 21809
4840 19299
7743 26689
4799 5746
8388 12399
6465 24052
5686 22561
19740 9651
5010 5824
24876 23883
21480 59
2470 23004
5805 18771
25325 12832
20577 27878
16192 25259
15203 18596
18473 1062
24900 5967
18989 19740
14710 10428
22320 26503
28903 20034
18498 7239
21070 20960
20818 18532
20465 3412
10591 16259
28320 4609
20553 10852
10360 24424
4947 2550
14411 7799
2238 11365
15366 10470
20690 5502
9923 20847
26095 29011
9001 2908
19380 23232
1841 21956
11533 29054
16625 11002
2432 14636
15131 374
14809 8691
1233 6871
1865 8177
12083 22714
27254 2222
9407 11485
2515 8411
21125 25790
28027 3541
2959 23607
20153 42
19467 1578
16616 12647
12599 14360
15163 24006
19017 13752
18164 28985
25947 13567
24213 16158
29357 28894
1345 12410
14737 11510
29788 17893
26537 12300
18733 3324
21360 27159
6169 15712
10536 25846
19825 28314
15586 18942
16429 21331
4944 24847
2028 22517
3392 7392
26574 5330
29463 14788
27440 2416
11254 26189
23407 27714
2764 1095
16534 9664
21173 658
5655 10444
1283 8557
8119 3432
23188 2432
14399 11201
17173 5575
17130 29096
19983 12304
5202 5273
11925 23986
12218 17926
9270 29430
12695 11074
13395 19466
25378 20108
11088 29270
22247 15819
19592 23086
1716 1016
25862 14134
20673 21419
21211 5407
10966 19901
2160 29156
10804 14228
3097 5148
18284 1755
22230 3319
12667 10850
9311 6736
8258 6226
23716 13412
27905 22846
21515 18158
29700 23660
19750 17699
28616 8693
4928 21647
10924 9225
2671 9746
19096 7784
21746 3143
4635 1627
11463 12875
10166 18736
22888 18012
21697 27521
12844 16088
4226 5033
23228 1787
2777 11824
10145 126
12344 14012
21086 2872
25942 9652
10764 26998
26647 21694
4188 20483
23031 19668
27164 15740
22460 6543
29900 3179
17249 844
3063 5598
21169 20913
21970 9563
13875 2685
16663 15518
11857 27649
598 3785
11882 10105
10121 25719
5907 13025
7019 15432
11198 16027
25106 29324
15935 21661
6292 2987
7424 21033
4508 17830
5078 12699
2529 6059
9693 12158
27671 29016
25826 12500
3315 12105
25261 6114
17688 1463
27366 8628
24204 14410
28957 15240
17254 8632
1237 7414
11036 27430
28718 8801
25111 18490
20252 2020
4295 4953
19571 22822
12345 21872
5055 3169
5317 21894
5926 11266
27242 26483
22704 17743
25268 13566
20472 24788
26511 19325
29579 7456
5425 18141
23632 27552
14342 12685
1432 26818
13464 17124
11938 13718
22164 17548
23580 22514
7784 28407
14556 15560
20008 28891
9337 7722
24655 15607
24529 2588
25684 12937
14711 29583
7668 27982
17499 23407
7838 1138
10141 16453
26497 18718
25703 29507
15369 16936
29622 26230
27365 18727
6358 22202
12054 20326
22227 4832
18692 3942
14438 24812
25213 14715
9234 5665
25498 5478
12514 6944
16480 26492
17284 6316
13719 4135
5311 1399
26768 13874
6544 2568
26256 22385
19814 14267
4536 6617
28607 26954
8193 20553
1710 4846
21011 27333
15748 19499
28644 8451
12164 10478
18172 29846
23312 23826
27719 29956
16906 26456
27892 2196
4086 2852
9341 12718
2749 18231
5254 13021
8939 18090
14724 10687
29666 28070
16822 9051
27232 17030
14336 15013
3006 406
29836 25774
7276 22952
26762 20417
14783 25615
28988 13750
11456 3688
874 13581
13596 4904
1746 4857
12992 18567
16450 19094
12254 24851
7726 3462
12654 18439
2675 25545
12286 3310
7358 25748
924 9375
10443 28426
3247 28841
27499 11268
23420 28767
21298 13465
10987 8656
25932 12552
4786 21457
4509 15912
1256 18745
9401 19955
27190 15501
15482 5643
22809 9025
27234 13205
4548 4714
24866 20259
23120 19945
15372 22309
14700 22730
20164 13164
173 1271
29684 12970
2597 29150
623 28802
8387 10863
7067 7785
27361 1616
4900 24437
17984 15572
17295 29394
13870 12205
3644 663
25434 11072
7787 26785
9869 26007
3993 9931
1565 10190
7814 9187
13757 27619
26015 16110
20409 3219
14979 7470
2059 4404
3633 24371
27417 14520
29660 25364
16379 27061
19554 10515
17566 8829
539 23882
20708 13657
16888 21154
18844 2926
7928 6159
23546 14475
4705 6927
9545 29932
14066 27000
52 13343
20147 24280
11562 15875
7883 24888
18700 16925
13651 28417
6138 12253
21771 26904
21897 1842
17154 25936
11817 2151
2218 10195
17238 23252
17829 16607
16634 13219
18159 4445
667 25576
12795 27896
28618 17180
15406 28814
1427 18635
20830 949
12678 5694
12233 6317
8312 28678
24489 27294
533 6578
11702 27427
25839 8176
2214 1084
11299 14957
7902 1657
24018 11809
21532 23090
3397 6525
25281 8978
19068 12071
24091 26985
24795 15212
10896 16552
4372 13008
1453 20822
17892 4060
26658 22321
21064 1002
5738 7928
27211 16017
22436 14618
15225 5820
22787 28524
15681 19231
20701 18067
5973 11461
26592 11281
4419 5359
2068 27449
23464 29311
25435 8476
14998 24542
1212 27226
9616 22573
6606 2962
1436 9342
25924 900
6537 12667
29026 5339
1374 27979
10342 18752
10161 25554
16889 7023
13050 28086
26720 7254
17795 21214
15513 7377
8301 22207
1200 6775
24684 8818
21198 21352
6263 13419
9376 16820
11698 28333
28251 25569
25587 25152
1567 22355
28371 292
21488 15536
10877 29869
8953 4336
4079 5676
26193 19699
12060 26243
14319 7333
29147 8271
13108 19935
24357 26382
14410 10010
29316 23356
12670 23245
11110 21062
6122 9024
16260 13888
22678 12337
16303 27905
12038 11427
26126 8258
17016 7151
8740 15293
26253 9901
2708 22191
23826 17061
13911 27012
2587 20435
14111 13014
19742 19153
5914 3353
17875 241
9627 16762
10526 21705
2624 27633
10746 27505
21658 12263
9688 18398
10044 21213
19747 19457
23517 19958
13963 9263
5461 9781
22603 22427
14546 3543
11520 15786
14652 2092
1388 11020
23817 9060
28510 20992
29872 10655
11553 28230
20148 9073
14253 8558
8997 21500
25936 23302
1880 29242
2459 21348
21994 9791
20891 6173
13311 4913
11905 16951
16813 7875
26251 29481
24573 1861
22263 28093
4679 26292
27810 26544
19909 13242
22220 21645
25603 10473
1141 22308
2204 23636
7734 835
25511 21477
21141 16298
12004 9687
11867 8501
12546 29718
18588 13716
1062 13258
19828 12723
5028 24142
22252 1158
14744 19105
12156 23203
12191 26740
14548 6224
25005 11245
2520 23808
18807 7287
4512 22490
17350 17519
12025 20917
13043 25720
10302 15589
21285 29706
9133 22016
8180 11748
850 16624
24107 9837
6097 27703
16353 5571
16966 27547
12681 28721
29935 18293
18405 5936
3859 9627
8578 15427
25395 4193
8530 24279
23070 23763
14624 26488
7032 18319
20050 25000
9358 29905
22741 29478
16096 10999
6560 21445
4019 2927
4448 7283
27946 11642
2427 7319
14813 24387
5658 28556
29448 10063
23376 13779
14586 25825
2877 29061
26559 10857
22346 12180
27707 8539
10473 19188
21884 9636
11385 15197
23251 27893
2128 3860
18023 15419
17766 1759
9515 28390
29208 20788
9829 19123
27898 19016
5162 20338
23325 2334
22945 15474
20897 29145
5705 6375
26008 3927
11846 28427
16671 22306
6586 12507
4551 17362
25899 13537
16189 1772
862 28536
18155 27992
18753 4941
12089 4502
26335 6564
18077 11229
4253 13409
20053 18659
2826 29257
2155 29709
23493 4694
23556 10368
15685 28259
17226 23452
25204 5910
13417 25525
26980 2649
18839 15978
2417 10900
4107 20678
10389 5795
21049 20792
2431 1901
14745 155
15265 14813
22286 8963
16953 6862
11290 24943
4206 5525
28769 18884
27167 25051
25568 5192
18066 16043
20965 25730
19261 25021
5963 25551
25159 2885
4229 4241
14177 14212
29843 20759
28450 14059
1816 15644
27244 12561
4069 153
16978 1237
5015 17491
9966 6535
5396 23943
5308 12226
10573 29230
23244 10559
7389 24801
11339 27304
17004 17401
29325 6245
9308 588
27720 22176
2585 136
8212 20536
6433 24039
20810 8154
8994 7415
4102 22726
20481 11284
20134 10227
17482 4225
3062 3366
16469 16494
5526 19290
19393 10031
19027 5473
5053 2140
5610 26996
21586 9772
20463 9530
23614 14940
29557 23850
19830 17049
11064 19542
27609 17175
18469 11071
1350 14211
27042 29098
28305 22505
930 4385
2662 11231
1490 29537
21020 16063
25265 11772
18900 6175
8673 5403
21337 26608
6908 627
25132 7351
18748 23828
20939 4300
993 6921
16320 24055
29131 19324
20551 16536
9492 5538
21035 12013
15826 25957
26369 1225
26456 12295
22446 28723
9747 20983
14862 8382
2392 25273
22565 17523
1964 20419
5180 1593
14405 1572
13620 21692
15868 21417
15219 27398
6686 647
11148 1581
4708 22602
10243 3795
10464 14560
24059 12461
28206 4050
11318 17934
4285 8282
24926 15546
16875 22999
3480 5018
10457 6734
7922 22781
15286 22471
4015 20655
8765 9867
14733 13792
4617 21682
3173 3309
1659 21709
9510 17050
12588 8847
28317 20408
20165 19846
13702 4495
8136 13725
28355 27219
29567 29447
5234 3438
26657 16764
10730 23553
18930 20241
23630 3858
10248 9264
6221 3736
5222 25716
16328 3483
16867 16310
15297 6510
16344 19956
28806 6546
10111 25493
16298 8618
760 27247
2951 17143
12886 6609
16563 11729
7889 13427
19116 5256
11564 1292
1595 17962
1657 16265
9220 29831
16217 6806
19580 22552
28913 15751
21439 10834
22038 7685
15421 90
9364 418
17587 22009
268 2917
27761 29717
3523 3619
14121 27369
4389 21923
28917 16191
23839 4888
25031 2952
13214 25544
11992 16768
1483 2460
13127 23711
1677 3320
18687 29648
18410 8386
6379 21114
11880 7575
9457 9701
2410 8655
12660 15214
16524 1642
14758 3271
25048 26647
18018 5725
9166 28644
27044 1293
22296 27927
20023 9522
3894 11804
4217 26267
3169 22177
12908 10247
12229 13960
26048 24201
11112 3798
18280 3113
11981 27894
24739 24845
4728 29174
6523 1504
16683 317
13153 27919
16387 4535
1485 21737
1276 21208
4491 10770
23383 11716
26345 29312
15524 14344
17018 20376
14975 8792
4881 28786
19866 24022
29267 3046
16893 12211
10747 26705
20090 5993
10438 3731
12877 13133
20202 13116
24227 8908
27611 27385
9806 12640
19456 22607
11023 27875
16624 15672
27142 26212
16703 13820
17444 21262
16052 29037
23224 26114
18446 5466
9824 3705
15562 4343
26731 23804
546 1922
12071 27668
10855 5224
22080 3399
3592 13633
13650 29860
19127 19358
10082 15817
26109 26289
29451 18644
23768 22230
28577 5940
22546 12444
