41906 17815
7297 25279
1640 45214
48599 31343
18025 27640
16050 42523
14629 10931
9145 7410
48266 8685
6718 45625
44349 47607
48541 3844
35742 10447
5698 6797
38699 27265
27652 38716
2083 31633
1953 37287
6141 44460
14329 28716
15248 11880
33119 40064
39454 24888
1740 51064
36782 23502
13032 40066
46926 1889
42591 44858
45963 47663
35714 8563
27494 31660
14447 31990
29440 7402
38619 26954
18232 28881
426 3013
49730 4151
10464 17146
45754 42925
27697 20594
22299 811
18211 46175
10190 44429
14111 34395
50037 50301
22060 48735
6699 37792
6079 47434
24899 37029
6339 14680
23527 43899
22542 22171
39566 34020
17336 34283
2848 45105
47824 45914
30109 40517
35143 6242
8181 28368
24808 43367
5165 47622
36179 16291
19214 31584
41199 22660
40536 43497
23701 44322
37838 42036
12602 25224
46175 9743
4559 36592
3004 40168
43337 3577
14936 764
50664 42166
18966 10285
5230 33133
15257 30756
6620 32496
24912 10840
18218 4907
29715 49246
41661 32221
23910 21014
10660 15788
24261 21686
23284 18230
13731 3300
43921 33223
17497 14596
45995 36078
44797 42161
42470 24815
4680 26430
39921 15401
41614 5167
11216 30088
35006 29111
47785 37555
16044 29367
10709 5769
30295 32667
24868 29300
17692 20714
41944 7780
45100 32596
36501 48840
14393 42820
44867 1165
21253 6727
50353 26440
50856 27024
3666 2349
15011 36513
2104 35986
20674 12
26291 5957
17547 51891
4338 39598
13827 40572
37171 41782
47050 19963
20623 33315
13935 36854
42955 13557
32718 42900
25929 44006
42130 29899
30072 22339
9364 23813
17360 3557
9151 14610
16163 29784
48824 21757
36790 36711
35323 50294
17220 40617
48957 39319
38312 31008
28078 46967
38243 43069
26176 23809
23724 46919
14374 29658
9066 7473
33393 6386
32344 49763
5958 43183
49531 14533
3088 144
7186 22372
10017 23275
41121 41528
10485 19136
51910 35894
44597 34209
27667 24504
39087 46013
4164 6968
25217 3001
25010 10759
39053 32272
30675 9205
34677 46980
16477 48662
36257 47289
753 26819
44584 7010
47234 16666
7508 40033
44677 12840
35191 12291
49210 7914
17487 25749
50371 14129
42007 29953
22294 51212
7311 12490
19235 46976
28493 22147
10366 7063
29736 49621
213 27163
47324 3048
47165 41501
17262 44050
32807 38589
49936 8076
11709 50604
33272 29525
6974 29976
40980 43153
19559 38622
41875 33044
33271 8824
39910 32692
13036 285
24505 34758
49972 48249
10588 3184
35349 36257
51029 28365
34758 38347
38 31650
39253 51189
21244 11614
32022 45339
1277 37917
7332 11381
23789 47874
20154 8414
15693 6787
3797 25390
15786 43092
37183 39358
5162 39726
5614 21093
47967 33038
31850 25210
4536 27438
49847 39912
34912 45385
50190 49963
8242 16269
8415 17931
43238 26075
31149 22470
36032 19279
10822 29678
17371 8741
34582 9056
39754 27050
27731 39488
13881 45877
35344 49049
49498 33574
47837 19590
45212 45974
13183 35902
46724 20573
20429 46654
26149 48289
44020 36280
24473 41457
28712 14244
33920 13166
29589 13744
7931 40906
16247 46818
14726 19044
4197 44998
22157 22630
1379 44065
38556 8695
36302 46557
15081 42605
38565 11654
14433 33024
472 35553
4653 45503
46390 41739
41360 21128
3859 46554
15004 7564
4418 49859
2059 23085
21655 36850
4644 31482
33696 38195
15598 37398
18251 43723
43843 46539
31813 27360
14041 44188
35340 49013
8672 34990
47406 18739
37424 27682
37763 837
30977 34258
15926 6978
51421 1657
30997 24961
26678 9525
12479 3478
6182 43926
6353 3710
43188 13101
28250 17497
23220 49165
27760 51481
26942 10548
30607 18784
47781 44787
3551 16421
44130 9597
42825 4066
42349 45259
6450 51404
3973 19343
26387 13370
47725 49388
22237 35467
7162 2118
16296 23507
12557 29662
12466 6717
35147 40378
29401 44272
9187 48464
27649 36824
12026 14701
18255 48655
30319 42410
16372 36784
4941 25487
29042 15572
36067 33484
6417 51401
3316 45622
42739 18851
35428 45413
968 43549
6113 3079
49386 25008
15492 25399
10900 27301
26635 51650
31827 44902
31547 20491
14009 36185
26283 3526
3843 850
10790 48738
24837 16472
142 13310
25587 40670
17381 51179
51385 29037
51455 14782
29820 41536
18695 46179
27723 46501
45652 42444
47875 24101
51339 49487
36423 38561
43377 35823
47082 48396
31895 39544
10145 12876
12446 50866
19446 47508
14268 12682
3833 19280
37958 29414
48218 11628
35534 44739
3995 4881
49020 12254
20553 11390
3747 48175
3287 33676
38285 7822
31247 24721
32955 2664
34808 28083
10318 18292
3728 36478
33282 17318
5251 8525
12179 10547
4491 38273
38997 16713
4454 370
44251 21664
15415 30562
26462 46511
7857 10146
37335 2618
16136 10074
37941 21144
38963 39118
2605 3333
40592 50703
5373 40985
27475 40345
43082 43378
38252 19737
37043 32149
34262 51768
20734 37531
17090 36056
13387 23468
43892 4777
46937 51383
20591 46379
15643 20832
17408 34433
25939 14416
8578 12051
42304 34119
19661 4469
29965 51529
20721 33105
49275 10445
4755 27259
611 35592
30035 35196
40709 26439
36897 6026
6553 22899
4802 14497
35235 13983
13970 43473
33154 21751
8681 21697
22873 23646
4509 19240
16010 14317
24218 49327
18677 40520
10339 34767
28717 31121
35601 36788
46108 49292
19826 42553
40087 577
42859 7519
34665 43840
513 22676
43770 29208
36347 15752
19621 42092
43476 40220
6789 40707
8801 15980
17333 2614
7565 44732
7015 21033
48656 24994
10188 7431
17849 25289
18466 16816
39639 35405
13804 47447
47030 18536
22472 1620
13343 33874
45056 50496
41566 24574
17301 33706
33123 33341
32017 29201
16458 31904
3330 2874
6049 19428
41569 42699
18133 12617
2890 20993
233 33679
21860 5397
50537 6289
8574 10971
41754 50681
17168 35257
10590 34945
48578 481
28957 41087
36155 4291
46247 13814
28029 43932
36760 41256
634 50698
4932 13971
45287 44919
9769 27801
35756 6811
2362 13473
24197 35243
38176 46055
36211 48587
9706 50804
28167 28524
8353 42374
2742 4727
20203 48949
23898 44961
2615 10077
23450 1557
13768 30096
44700 46981
16354 21740
43709 2483
6737 5736
23179 4801
51126 11665
36693 16510
26633 36575
40676 4617
49118 37681
10129 14919
15515 16951
10650 26715
11604 25431
27021 29565
1625 41302
11755 26506
48272 28379
21771 20736
51275 1107
26983 25527
43904 44126
48173 7754
16264 35051
17486 387
10434 42037
51602 47205
45959 40525
7085 4145
25071 49543
2538 48887
30848 38379
14578 2983
13080 45934
30167 4758
22916 23443
20001 32954
14916 6956
14610 18995
1551 51570
43256 44950
12657 19750
26114 39752
21513 5670
18259 18450
4550 50154
50681 28684
18293 24997
23013 25895
42041 43302
33385 2020
26194 31064
44533 10245
35142 34962
21703 14410
1809 8938
7560 48940
17119 25625
11703 35765
38050 19332
17398 41553
2508 9443
7105 19534
39097 44387
28480 47798
22655 42464
47746 24454
51540 731
20558 36276
28600 36378
39729 9266
33517 8077
7579 2738
25245 330
37788 37534
12458 39103
16694 25827
2909 35203
46451 35883
28578 5579
111 19969
34074 13767
35288 49041
45014 48591
47149 47576
48625 22535
48303 13877
43951 27044
12913 42332
23870 33591
28266 9336
4586 10549
43532 12059
21640 14470
40840 40429
20573 16564
8168 12736
47170 7512
19682 11886
33235 43974
20270 37179
43706 3565
26765 49221
21377 35970
26372 30230
45693 42250
19377 36023
36334 4794
8342 19049
12573 44020
27555 4415
43577 16430
24848 6436
44389 12938
49030 47553
11406 38050
40339 31929
37297 21683
19724 23406
26613 8403
35910 43995
27 42958
19915 15371
18804 6557
13775 18687
28174 40601
51496 4575
38010 20827
39759 31842
42907 29534
21119 21519
30474 40393
28953 43216
28978 20033
44278 45447
14006 38285
33501 9988
31011 37065
48232 37150
11121 23888
43179 20732
5558 28070
18599 11052
33781 317
43507 20527
41481 16134
40584 51490
21967 14518
6121 46675
49227 48485
15393 41998
44093 28582
20344 18133
14723 23560
13051 8802
9657 44537
1601 48037
3029 21730
16047 31455
31139 30334
40061 29187
50364 23511
4773 50776
29847 20020
27161 31915
41273 36155
37728 7133
12743 11520
47078 42307
45637 39756
25165 5373
32400 18391
26192 9176
15990 35299
9672 12874
42996 17252
45065 48074
364 41067
49216 5012
50466 47673
6986 4942
51015 1221
27863 33239
14342 41395
11527 2045
45608 38135
33945 37939
30445 26551
3292 50411
36531 38669
16332 13944
7954 2403
29915 36150
8739 17080
30451 35617
43751 35369
34809 30940
36630 42855
39024 9741
20795 23975
49497 25723
29005 14635
40151 38641
47139 48053
33082 19071
27967 8775
35906 30455
29224 32842
10431 33451
48737 5935
31109 26004
29496 23847
16987 32911
49269 695
16204 43430
41790 15656
18174 40242
50189 44838
50966 10869
34164 49625
31759 33695
41075 9200
15680 29244
17997 10435
28828 11741
5078 37117
46763 37082
18726 9582
15368 48230
17808 47973
22011 31687
20953 23515
35400 2649
5281 14341
9069 49904
9885 31959
15156 15188
25103 4120
45479 17325
10015 24212
46296 15337
14022 2806
4210 43817
27189 13552
26713 33941
21685 51870
35561 23675
30535 25435
27249 30781
4081 29796
13556 3044
27535 2616
25525 42502
50450 21239
38279 6765
45582 46121
1281 34169
50175 41522
37729 17924
24929 48622
31260 17257
387 37922
23053 35675
19570 37367
49380 11394
25559 24685
27461 42840
35273 24807
48990 23941
48145 38515
35792 42818
39535 5102
14454 33861
31997 16488
14381 24664
17888 14608
28563 33841
31828 26598
1903 23128
25485 22613
22029 31907
43836 51948
44509 31596
26498 433
47460 32889
10817 9108
30631 28830
8365 10854
40781 15073
35005 5053
1768 33721
25823 42171
38791 18404
36988 13862
43451 9847
1777 12250
5502 10313
42124 23739
28090 39455
8894 47010
30258 7755
11910 43327
3296 15096
17050 27173
24845 21642
21454 47203
13872 7428
29800 31557
21421 44252
22119 31380
49888 31394
24847 13809
18236 38719
49284 10568
27628 42419
16533 26929
5368 1472
30823 15970
1271 2828
49089 8382
35352 37585
3414 38821
22936 10560
14695 8830
42608 41258
4497 33597
51199 2569
42714 37505
2639 9625
49430 3665
2034 10902
16206 16926
13066 11799
1336 33859
40720 26572
9987 39280
15634 36937
8273 41788
31036 47157
43874 47709
7497 43369
36961 18577
14285 5620
30477 14195
45841 29439
16794 39750
50260 30895
24176 31567
10997 11179
39708 14377
39797 26921
49017 39377
47079 9353
7507 38185
50974 50299
10733 11920
20385 40843
37925 43231
1683 33477
20445 17336
37736 10992
44391 47461
24597 44931
25996 22458
46860 29719
12998 39095
4981 38706
38804 4512
45261 15062
41107 24787
15916 25262
6679 8665
45692 7116
50626 1086
19765 13262
44844 34257
39349 33054
7934 44851
37089 27512
51291 9802
2692 39683
22755 6312
34914 31187
28075 40289
43354 39310
24286 2559
4520 51372
33159 34828
42438 32987
22363 49309
830 7702
27529 6108
32126 31605
6917 43214
28412 8542
23737 39550
41654 35343
30130 79
46355 50782
10027 44471
28541 42549
11544 28279
48091 34213
34194 27570
42629 24274
17701 2847
40365 45721
35270 34723
50767 28113
31687 15040
30466 31597
28546 51745
47909 50376
38829 24985
17590 22972
21123 38604
16089 48588
5680 49909
18280 45660
29544 37757
15982 6404
49184 27885
30456 16681
37346 31270
39999 50192
43791 15238
24838 5494
22047 18565
1881 39210
32395 35634
21301 26782
11918 16896
31953 12388
13902 359
23254 46475
16932 48736
22305 51736
18328 467
39070 37879
45953 34246
18106 7723
36425 34064
666 472
33858 24578
12522 42897
5611 13463
15818 45074
47191 20703
26636 26795
32020 23742
36385 6986
49688 10144
15750 27924
45260 42702
31202 38363
42330 16623
46652 17125
32167 35135
29372 27759
51966 37007
1131 23963
6099 40101
19284 18060
14523 44605
26503 26048
45337 49478
15946 13350
20068 27082
43514 36183
38113 51367
24185 36541
31016 31620
36273 11713
34795 24263
22529 36641
27886 36367
48886 31704
36071 16632
21679 20097
23057 37857
46063 22568
29737 50738
17755 46236
20095 26092
16476 48221
15109 9049
7908 43207
47271 7805
12622 49009
20680 15059
7836 29269
48686 51322
35119 45831
49951 10604
45231 6572
12134 14055
12553 26252
14181 51517
48406 22180
31733 36083
18121 40241
47487 45683
38640 44864
49821 46321
34383 3412
39112 10535
18547 25501
6589 41673
12722 347
19415 5970
14909 30912
23651 39338
11760 28533
19810 5777
928 4200
46401 17242
8296 14534
17978 24304
2983 5246
3574 39914
36265 2475
19146 47481
45706 25188
8276 26257
41804 40237
49335 43004
32171 34145
6724 18775
804 46636
37622 39156
18635 3766
30763 50700
31374 11487
28867 41963
22329 32399
12083 28769
3368 702
16547 13220
31309 43050
7477 33958
4283 18744
26261 12763
32228 2203
4856 51378
37816 39290
41252 33460
44988 33805
3514 45774
9944 15183
9778 40318
36887 11108
19913 44173
5583 2364
16266 23576
7763 15680
36574 42928
50099 19
27275 10319
39736 5692
39068 18084
51822 51097
40529 26178
14791 23143
50836 43887
34248 25897
29525 38410
29015 13128
19488 33931
38570 1008
28104 48296
20014 46113
37266 4497
40700 5910
3948 36019
39953 18645
48503 47589
6504 36643
49987 38204
13618 22813
40994 22773
13830 18122
17344 14831
43282 39739
5321 12749
10293 29804
15720 26474
11392 37678
36176 305
4920 17112
10259 11472
176 26682
26773 33177
45179 36611
38917 4744
30797 32976
19088 19285
2140 22281
15171 7669
18882 33639
46332 16889
18529 35253
46071 51996
29756 37677
4665 16394
45049 45495
15298 29018
17338 24713
51632 36908
51856 31696
40964 50461
38653 15944
43332 49642
12965 22261
27862 50830
7522 30072
35689 44669
14734 30194
42444 38459
9765 1793
17409 31587
9322 7620
3909 16897
10874 4428
51946 25079
20160 51686
49084 14443
37304 44363
18915 45953
28781 15069
8150 20692
30717 27029
45134 23141
19929 33850
45858 35105
26379 638
17842 45929
32799 17259
35389 16270
32362 18828
28689 6096
5272 26145
39193 44152
2613 49073
28314 22413
48139 4983
21124 36344
39565 11698
16409 31232
1696 20570
5986 23170
15003 14324
44191 37599
37697 17635
38478 11979
1360 48901
50120 44769
44059 12463
17663 32703
37765 48308
2637 13086
50012 15392
49563 48198
11482 15864
30835 17394
34011 15022
42698 13289
28982 16365
18230 40541
11895 23333
38361 10224
28567 51049
41602 6992
32226 7857
5980 5144
30803 44291
22804 43479
26762 32288
21844 40228
21041 435
43918 50086
6856 35487
10540 2770
21615 31608
26978 24327
45461 40677
32472 20672
18889 32267
43424 37652
26245 18005
49841 32166
36052 11985
2405 50087
29808 33498
5772 18368
20613 26076
16542 14556
21187 49164
7598 37793
50630 8405
26489 3549
33725 34455
76 27734
43101 31348
35560 35440
30277 2135
27083 32931
3553 22760
12294 25803
33977 44980
23710 50850
40805 11456
49575 29963
32670 7889
40987 45761
28970 33962
49807 30152
3383 20687
13341 45169
17502 552
35994 775
8587 44179
18877 13812
28713 24867
45761 38077
31767 6603
7958 21328
1892 23698
41290 40160
39904 17020
15683 12266
46517 35951
10380 17227
20366 15542
36100 17656
897 30891
36193 40180
26739 22486
6109 23982
7436 12053
30242 32688
7699 27784
42449 13798
10091 27466
32662 45922
46964 49296
19128 24400
33350 23926
46230 26254
17920 18326
27230 29539
31622 11790
30948 37448
15974 8595
29936 37742
36128 44959
9480 14980
25139 6546
12492 47240
39281 17692
33309 15454
48910 36395
8947 28326
4576 24962
18105 12850
50639 9559
51774 48402
27194 9801
22275 30998
51624 639
33276 11575
17510 27625
169 32742
18537 8813
47583 41331
19567 33883
38466 34996
38006 47223
43250 51468
32090 31892
9739 19664
29265 16448
35297 36841
31742 37214
22619 3127
21787 26110
36171 6487
49996 45256
35615 10705
24721 3935
29842 14121
21089 31231
12364 41279
45712 29482
15651 48798
37474 21933
25099 17025
15307 23657
50827 23614
26921 36724
2861 36536
20853 16890
48805 22554
46218 1300
24985 26986
25303 7946
43496 23010
51931 44538
42731 39688
9969 13039
32462 37805
2427 42590
8274 42542
32919 35288
38679 11439
21758 51139
6578 18653
28856 23273
6535 21306
34469 44119
29946 33453
1006 31949
47347 50774
9448 48269
26869 29291
42912 5139
10117 24974
4904 40218
30769 18778
51219 30393
17369 41400
22188 9493
40846 10983
45398 41982
26050 22112
42588 27645
5264 41372
21533 40129
44195 37463
34972 26528
24905 4676
20753 5185
41078 10617
47102 22520
49769 14957
31979 20545
35457 20767
2353 42796
40466 19095
4485 46559
15386 17530
41364 39675
44853 42248
18834 25917
48941 17777
5924 29157
28441 51182
6452 23801
49832 49015
41534 38465
46131 34141
6587 29511
29077 27132
10903 10966
45483 12052
19626 1514
1898 8195
3015 47696
21259 15377
3678 43387
19227 16492
23493 48751
24566 45921
28226 49135
9541 5248
16004 13801
34811 10939
27005 26021
44683 6751
51939 6263
11801 4181
11141 31011
11474 35943
5176 3528
39944 1728
40614 50524
44770 26019
15784 34340
32616 50135
38218 5456
9380 6812
15217 17201
30222 40508
41806 10177
16645 5526
30119 42916
16734 25549
43703 20275
616 15032
30491 16214
18851 48339
44408 18624
35822 29043
10354 41058
4841 8285
28950 8604
22647 34521
38508 11181
19606 1873
41874 2304
27808 43487
45241 23386
16391 21313
29940 31206
19800 30618
13056 35428
25212 17853
31668 35950
6990 29154
15546 8855
24994 45720
37482 11603
23525 38721
37671 39164
19391 29921
45828 41357
19349 49081
1438 41672
43138 36962
25940 28507
17989 34306
531 41930
44945 41913
51008 34983
48803 20294
3215 22753
39742 31566
48836 35368
32554 14886
18757 5870
50839 28958
15082 20177
39785 23972
23090 27015
14353 17027
41722 10206
12461 19895
40691 692
16426 7
44418 34297
49518 49696
47247 8933
50297 22537
43201 18794
44621 30750
8964 35069
41173 546
6368 32240
41122 49511
42359 31266
2584 19636
20247 599
51683 50193
28890 28210
2187 19197
37983 39126
23912 15153
47996 474
8613 35928
5907 24488
19341 12359
21412 26984
48987 36737
27231 28647
11511 25871
13160 16378
8662 10701
51545 46855
35351 42336
23977 25541
34790 24797
32886 14457
17861 17235
10784 5192
16841 27672
31579 40982
19343 15700
48927 33857
22199 50105
7548 40188
30693 45478
4935 44869
9225 17817
49425 18657
14786 42498
44324 48689
47463 34862
44198 17618
26045 27061
36525 12321
23972 4487
5919 11955
51819 8954
25859 18979
913 7233
17332 41740
35165 29842
8100 40484
29805 29673
24156 17835
44095 45907
49088 40813
44063 32244
17182 12307
38310 1272
24971 9972
41848 3253
24345 35060
7101 1451
44227 12186
15324 6703
30899 18489
1641 17642
40603 46872
36793 28733
21497 47652
39983 538
14508 15258
42445 5912
4143 9876
41642 966
30427 32348
45946 14234
19805 22408
42549 27542
26759 20420
7647 51494
9161 32663
2972 24340
2439 30389
19947 45675
32285 51867
7611 2080
6370 21644
15388 5258
35229 49190
8891 9575
25471 3673
29730 17466
24315 50834
43941 25718
48703 4679
45645 35599
35403 30812
27468 11902
38492 12596
48646 16390
47619 827
10127 7993
27190 50342
42921 46838
6490 16316
32070 25219
40348 50544
26747 29030
18334 16199
2145 48341
45239 2197
24284 13054
14239 30202
29058 48191
29144 50528
15474 6158
23769 34154
6512 43648
44937 13661
24074 30988
35683 25502
42260 44660
23507 20455
3969 21173
26093 10395
18081 41233
12440 47726
8006 2765
29801 48807
6008 36018
43436 34140
13901 8005
42055 16602
41910 31538
39135 41847
1400 19584
3315 13024
51564 23621
21857 3414
15963 43693
8253 14273
51576 7401
37001 15465
13449 41479
50146 28454
36321 21268
13577 988
38430 10969
14153 18095
15270 38319
50750 7842
9671 25940
51685 51718
39059 15932
186 586
18172 2753
9483 38082
8520 51346
35404 45270
16427 31148
11436 45116
7205 39074
43324 10158
1690 50515
8638 5865
974 16301
23478 10335
51773 32763
51671 5991
15594 44955
38592 40544
21219 22179
1035 49779
11420 40969
17392 3936
3435 3918
8308 23300
48610 42243
27589 10088
34478 45963
7449 35151
48868 7039
4166 8247
31212 31972
29379 15249
50989 20758
23727 36593
33636 51680
38907 49591
7147 22762
29623 28752
33020 48051
14520 12647
40312 1400
2842 45171
47661 24758
51330 23473
43182 47475
34174 2588
19768 31805
30019 46310
42162 28673
2042 36637
3987 19315
31391 35569
26321 45682
27937 32119
44965 12438
7076 37140
32131 12231
46688 35627
29070 22785
4817 21213
5295 47999
21110 30697
39866 18044
9722 39236
4305 36342
8271 10509
18024 4514
40916 34809
41490 10160
38363 29451
35938 19378
46672 35495
21312 24060
24963 29759
39151 48
34771 50851
19327 41814
29735 33159
33132 24841
39678 48081
28194 12160
6500 1227
51977 40615
45992 23861
7499 50858
42908 40646
42659 15650
50395 21018
36133 47252
47241 4152
14092 43142
28186 35322
29594 25395
14975 12444
27120 34346
22213 44776
29721 32608
26132 50184
27263 36141
47816 10102
6232 40177
20484 18556
27969 21142
20482 26857
43589 42003
16705 21105
24531 7240
10004 6309
45012 34289
31082 43182
4400 4370
5979 2869
5595 8505
6110 11708
28304 2050
6329 13244
48798 7016
48418 31810
24422 12558
8528 6472
36463 2086
3931 37422
38435 42058
36805 25468
36811 43118
21604 32107
43910 34461
8011 40893
26923 45962
23174 38686
43604 16774
49171 3217
27718 24010
47256 14466
3372 39712
20477 47045
23046 4645
6790 858
37875 13680
33254 42976
13943 32205
10141 5241
43040 30675
31601 41873
14697 3979
7093 23654
22946 36571
36456 48725
24089 27260
7530 24188
49979 46428
18257 3821
37625 40432
14822 17421
28123 34670
36764 2665
50295 48124
40746 4613
40212 19917
44236 5108
42120 14150
36487 34045
1721 6365
39912 6634
43112 47525
45448 15140
17528 34843
11824 25254
17910 12417
46053 12657
49966 34485
20250 16303
22271 37358
23005 11725
401 36597
11889 49100
9389 36579
37115 27210
43080 48897
26266 6915
4561 50220
9298 41853
48561 37786
41496 23460
2010 44204
6014 30063
48898 46043
34766 43598
14099 27989
24655 6823
27515 10933
29731 51935
22341 11823
10316 36043
24252 26317
20424 33076
47291 22120
50911 43093
37198 10367
39075 39317
5568 29034
3448 23090
10197 20654
10317 36051
49443 21277
40491 24362
3262 50082
44170 28220
5347 47571
17833 21198
29040 39873
43381 15776
27789 36907
31829 35759
39786 14020
27144 24581
17903 50182
14128 36061
49476 48797
33578 16652
7460 23594
22622 29649
28175 29328
7268 26024
18563 13
44448 47600
44466 2272
38872 18644
31892 39044
34534 1069
43722 33923
20213 8853
2977 19782
14452 431
25904 19683
39278 14542
3591 14079
504 20638
13398 1423
19754 50563
13844 45202
50290 18086
8994 36285
50081 33507
16746 36460
18970 37400
21504 37462
7864 10140
507 6180
32597 2474
28224 30171
11515 23309
8467 10231
24918 9071
34904 17367
46116 24058
32786 38153
36617 16375
43782 15270
23211 16794
4724 19681
26023 6024
48631 37388
2773 26202
28589 37295
1229 14250
30131 48121
5103 5060
20517 47421
37733 21280
28134 51964
37579 31624
26505 11332
46498 32000
41953 45194
27374 46062
18974 37764
7549 6250
26545 39010
1367 42091
21285 19687
11264 2450
40510 47894
30153 37768
45195 25006
23715 51127
5776 50522
28621 21915
6938 22802
28553 28463
38593 27298
26244 7900
34339 50489
5155 14859
25937 49000
20335 42781
48878 39473
22251 750
14521 41543
21828 50949
51061 41432
11019 25067
5006 3548
33456 19975
41500 34366
7473 2699
34774 20927
33421 35385
12708 37023
50871 9803
22897 21420
23010 32926
47670 45729
42300 14471
9680 10040
15485 3311
6738 44148
9598 47945
16776 25748
12929 29204
11371 49339
39479 39003
10019 37700
49822 33078
49752 5904
42960 14555
4939 28308
11610 18992
50650 51536
41154 25843
32383 9701
30406 8664
49444 22032
36945 5410
49800 31186
37977 37450
29420 48845
44639 3232
36995 35924
42140 26162
41635 17207
40929 5576
21182 26118
41106 32888
20719 28475
9894 50714
28821 45736
4476 8545
30732 49941
28981 8839
41379 31518
19846 36655
18002 12984
38760 31973
3682 25908
23065 42746
33249 37443
4863 12852
20343 36777
30261 40370
29617 48213
2465 34358
3729 16138
24166 15881
18814 4696
5029 17450
42249 50907
5918 28185
40306 21196
38934 44875
33232 37750
25198 5872
30325 7375
38033 44024
36328 27105
51893 27758
48426 23939
2689 22827
29474 12484
37465 21020
42719 22579
12337 38921
21072 42953
39650 1587
31171 50442
32858 19977
9887 11093
4055 22920
29526 40385
6784 28981
22508 40841
46814 9557
5527 28867
33067 2942
42345 15302
11309 13087
2566 44916
16237 24499
46375 49659
28798 47743
34346 5624
34259 7365
39965 48470
10404 3575
23849 15929
24436 40699
18540 9679
25390 18854
26790 901
50756 22497
22176 45469
44493 7293
39184 19997
3432 29496
51723 30880
41346 1491
42422 21750
21932 13698
4320 48498
21607 35259
6194 13886
36567 13357
44459 35811
25334 34293
18622 49176
16515 16952
47431 35967
43029 31656
39499 40832
9855 47837
21848 9264
5342 45553
38191 45794
43491 43796
9269 1206
22926 24682
20332 38208
45776 43485
43394 34525
25688 2850
8451 16742
46455 11163
5553 3940
20289 18614
24687 13153
42172 51721
51883 45648
21528 40499
8376 17779
43917 3479
46061 30472
48417 42911
44920 547
34498 4365
6125 25471
42338 43279
43940 17781
27749 43450
33325 43261
23713 23608
1195 7071
23764 1251
20242 19169
11814 42560
14038 25332
22396 15150
50211 24950
31869 33328
12584 6528
14847 20674
9016 31763
10155 39132
5058 34837
19386 12218
51651 13034
6629 32811
50521 30015
35375 36746
48408 46693
34507 1409
2474 2606
22071 34696
50221 19984
40504 21861
8589 32109
39142 25782
24689 48785
10110 10290
10634 1205
11852 22727
45407 44848
50535 23063
40943 23291
10849 40976
47264 19814
28684 15480
2864 32851
26927 18080
23875 4064
44327 41012
47159 16888
15567 25374
29112 1932
40016 36369
18674 18363
49309 14784
49057 9943
51368 22400
29421 25746
15336 43053
34997 8996
15675 5754
20282 47835
51405 25049
30738 34126
12716 44434
24107 40138
44454 40995
37384 44992
28875 14905
30257 27351
50426 15753
18467 37546
50996 10011
25027 27949
32959 20473
34568 39674
27438 21581
10621 29437
13088 35536
39628 8636
9071 13551
16385 42761
3420 9082
42021 38079
31496 35479
24328 44830
36343 13259
46623 9052
33811 20251
8171 45124
18682 46212
5497 34329
10507 8864
17878 50466
29447 9513
33644 43007
28671 37018
6011 10358
14552 20808
29566 4445
22911 36526
1748 34929
27191 47150
3491 7759
25983 12068
32900 20815
24508 9537
15452 47650
25308 1933
5349 50164
24571 20886
14716 27135
1848 26952
20886 19881
6494 29033
46839 48865
42596 41737
21974 48388
51864 17944
9572 9959
9018 51060
2511 12317
18801 6998
30963 8621
45618 12108
9096 1717
49732 49968
46239 40107
30744 40433
29400 17490
40328 39689
345 37162
5193 40132
1246 15134
16773 39084
14134 15217
9799 45048
35967 1710
34589 23545
27739 5209
7287 45099
50868 51107
15574 31235
19737 8788
7986 32921
3130 39631
15627 30721
27514 46663
40817 42571
29958 24508
4117 12058
7266 25393
32757 32208
39108 31055
35131 9013
1078 10734
41416 12666
33776 14830
37687 2113
15856 26778
47091 984
9410 17686
19089 27070
28131 14586
103 48652
40293 43997
23123 13293
15766 49662
37400 13407
27301 4335
12276 11605
43541 28789
43793 40440
34308 45080
23633 21293
4436 29986
34476 16174
35657 28021
51539 26534
33268 50871
36317 2742
1333 39842
25589 24929
30811 47200
2854 20507
41660 25832
25355 40076
24465 48659
16624 37483
48977 38916
1065 35138
23403 34422
51677 42035
4428 46145
22597 51572
15803 2524
48035 34122
43064 7165
41174 29597
6794 29944
50562 2780
38136 16104
48182 33994
49590 35250
21792 25927
8744 48181
2906 2573
23089 36550
35784 25389
42127 33825
11475 50146
51062 3231
44872 12443
30450 19083
45574 28807
31362 26086
41402 19960
11946 50704
8838 18738
4136 30235
46927 10911
50869 27687
29995 19296
2424 40183
19232 45217
13212 33881
2871 9322
51847 30382
13073 42343
2747 29603
20683 5928
20322 47360
33777 32812
26099 7417
35589 11782
31025 51035
16602 38368
2400 45621
49368 35810
42396 8868
12525 25761
18751 27104
23395 21199
51174 29550
3133 1633
42975 11723
21754 29733
17906 38687
8158 46704
24119 13234
28637 29799
26216 5911
48714 45333
28819 42506
25340 46627
22220 10748
12244 47080
32520 48056
45356 8097
32606 5977
24075 7482
34032 46284
17480 29452
5415 41555
47651 23786
27821 5591
5173 46353
28221 25172
39483 47637
11827 51844
35749 33533
19253 40113
21051 10480
5248 24818
21491 36068
43315 24944
19376 2878
20087 50349
39494 11200
47033 21968
27926 37061
10922 43223
45205 9837
29092 10625
23039 9477
29304 50408
2776 46665
47633 3363
23106 27498
40295 20190
28505 20285
17994 47852
41909 50373
51871 29246
3760 18926
4918 41056
43987 11843
41781 7705
26622 8623
23810 13295
33626 232
49146 40801
44526 50161
2041 16588
9358 801
39818 30058
44440 32613
51205 32680
2281 35619
4407 377
15467 39845
51021 32340
42282 15590
24008 14214
23734 38592
25091 43220
37175 31177
2123 29737
39656 26880
10056 28959
44504 5204
29487 39402
24312 39329
24381 16038
29095 35871
50010 18227
5039 41199
37613 36540
9024 13608
34699 3206
24049 12114
26086 9717
20604 3609
42570 42814
18265 22874
16359 2407
7435 9528
1699 2126
48214 43713
12193 37886
32706 39537
33931 19559
25362 21700
36810 5748
7718 3214
17156 7137
50789 27326
17059 11682
46140 10574
29247 44047
14063 18638
40100 40049
18716 43315
45481 45320
32192 45866
13119 38992
8038 37506
8896 51597
4854 36843
29626 49109
11316 37944
46752 23606
29171 6104
5754 50366
44691 19615
20945 21157
43768 24155
22769 24835
46501 4435
4256 49706
36045 28006
35532 36076
19030 4255
19658 19192
10323 30856
46650 8818
46502 7997
45890 45523
41793 17985
11410 21576
23691 34541
33342 27117
14696 34384
13172 13753
51909 45602
9102 13701
51798 40112
32377 3814
1723 7164
23652 37446
36309 47824
37505 41221
24177 34666
30632 5746
36153 31698
8505 47453
40105 45132
5651 39635
4309 51655
26094 46322
46985 18822
47112 27988
31370 39902
34452 20742
26922 17018
50408 37693
26833 40845
37677 23191
4834 8501
8214 40259
20777 36873
42097 32532
4861 34060
29490 47788
30529 41410
44572 32620
33906 32277
22579 11791
8411 39939
51136 15252
36131 46438
41930 19038
38522 12685
11926 104
50318 7747
8457 1572
28353 30467
32956 40991
3632 7729
8138 48331
33955 13588
10029 40325
19932 27174
10791 2982
10615 21876
21146 22915
46487 36728
14777 41780
22677 13916
34007 741
18616 41984
5169 13186
16424 45221
12865 18457
41620 16674
17987 51787
8204 4446
40962 20171
40268 19680
34963 33207
6123 36045
32937 21229
42008 50269
11052 402
38785 7461
38054 44947
10106 21843
11220 25956
43171 37285
40926 1909
47228 11511
39659 12716
22127 21661
36938 22148
2700 44072
1860 31399
5324 31097
2980 2331
42039 42314
50530 8897
37800 31556
17345 10184
42673 41105
13816 30188
50264 35191
37496 21962
27302 30309
40509 51380
41877 27129
1985 48667
32640 3672
41102 34150
35755 19618
18984 37025
42069 47512
19799 44447
31651 20677
16049 36385
44892 35120
26614 13649
19493 37841
29724 44925
4783 23174
45129 4340
3927 9785
10360 18381
28810 2043
27239 22227
31736 24592
30438 41060
13371 35015
22295 10877
9416 37420
20486 39695
20927 25531
48117 12281
22635 39007
26131 7658
8570 51272
49851 49253
33750 20204
36809 46221
6959 20612
20914 46521
15843 2073
30571 17793
8030 27124
17530 5689
29465 32575
16248 15575
9233 24353
6345 29617
3317 19834
19020 14165
25176 34413
40330 19813
27403 11470
16271 7356
10467 24525
21459 51443
37860 2451
47260 50974
20495 13245
12441 6069
10443 29084
32655 33161
33734 1635
30594 31632
32687 32772
20221 10098
32596 12466
1519 22290
5902 31685
25772 48002
33125 34317
29966 20340
15777 50826
14100 21453
38231 9391
23128 50429
3189 6440
3313 33827
18439 44350
32434 8698
39159 13448
42878 47486
44075 2396
30841 30106
18727 25401
35173 46772
536 34233
7045 7592
28242 270
8778 20381
47678 2886
50061 45027
26428 38948
23983 5707
2966 30598
26253 3024
3353 6757
37374 34117
36820 50213
12757 43188
23759 48861
18914 20479
4819 1474
25320 37851
33047 49709
29515 20457
50096 41868
36036 21030
18332 13144
40845 12619
44591 18781
40046 18131
7787 34884
8433 20916
6337 50646
25815 28909
24458 43983
22223 7711
36559 17869
23961 9786
49478 10322
9455 17934
13046 7502
39484 1000
33366 40826
26306 36676
32774 33690
2970 6710
2551 13539
8981 35556
46766 22959
21827 36004
31048 20873
34035 17764
29950 9278
9761 46161
39732 37624
33785 16045
21494 11225
40179 4669
20876 20407
25753 40191
40403 22200
48453 29075
19611 3325
38911 1901
22045 30851
33248 44270
33405 3307
34888 6943
32103 25140
46448 5644
36892 25685
19648 11730
31123 46182
1091 39068
24141 38847
21709 41253
44159 45229
7184 45834
27299 29219
38254 40391
20164 23307
47535 20477
45092 21780
41240 12986
1747 46721
39120 49703
31103 43967
17402 34963
42965 5148
51309 49529
50867 50098
37911 30520
37856 37211
14913 8638
47278 6090
3366 45784
38242 30689
31487 6375
11175 29858
34357 20342
41224 42233
40616 46545
50765 50233
24917 30501
9685 30838
44613 15185
15873 14667
2070 9419
37524 16912
45910 23820
7203 25696
12504 12017
1242 45850
28904 43594
20559 21649
27446 51694
9925 21284
27064 29707
45253 31950
13363 1984
26895 4284
32888 31152
40074 7399
30908 23033
48224 31369
47672 30228
4082 11194
46254 18499
9050 50328
33993 22847
13589 39613
36759 37663
21303 8349
43400 33289
31351 6746
34438 26588
24696 46811
20563 7012
11350 21357
30125 36448
34940 42563
22435 4649
35801 51933
23219 19800
44294 34915
50594 30211
44614 26268
42160 38702
45437 27096
17326 15636
39982 40690
31732 15971
12601 35911
16156 10422
18285 31613
36575 25154
19563 4330
14737 22330
19505 13648
50540 45486
18941 38730
46197 28256
13585 28532
45236 37173
46203 51599
32048 22427
20778 35687
31445 45491
22860 15477
36733 11344
47295 43425
17922 43884
18861 5105
7988 48456
37584 46656
44344 37631
35599 7493
24884 38809
25857 39065
9600 30338
19036 21324
2757 36379
46802 6400
5180 29178
22700 11546
28992 20188
42990 26595
16807 4562
48978 39208
31397 7127
14024 44926
13243 39087
17769 50551
36833 24833
45625 21458
17801 32395
8997 42271
7159 43265
40350 4030
48556 5934
38459 14262
15682 9105
15890 38062
3327 49479
43899 41690
34803 49616
14790 9616
41809 43312
15260 9780
3441 29687
6567 34817
27087 19104
21647 25558
47013 40343
30960 37876
6590 29306
44643 12824
50513 13479
9010 44664
340 20749
36068 19644
10351 37374
26668 44536
42788 19959
31176 28491
31291 47042
42634 22562
13072 5852
49540 38190
18825 533
21049 40075
18705 33452
3878 26490
50380 8360
5863 4091
42750 24198
37627 35972
15219 3482
35072 56
48411 46096
47391 36703
2445 23544
27387 7190
11521 18495
2382 2044
26018 15417
51640 28293
32466 46021
12211 38677
49087 25839
18971 40975
2456 20849
608 46647
19556 25087
37222 26610
39504 25007
7033 28521
21958 35725
18650 13843
29777 43417
42030 11365
35606 31122
34362 9115
32370 12336
8795 36401
33045 25205
30673 23612
17881 27344
12637 10111
7383 18906
21672 43914
47915 8228
30076 8801
42487 761
16861 4702
47095 42493
12203 1030
924 9437
48275 47274
22093 31897
51824 28622
19335 8899
37211 5549
49630 8993
12660 27254
11502 29887
40040 51704
41860 45574
26575 39612
28030 27899
33770 40846
21492 11784
5685 29780
26270 33386
43861 27796
6252 36180
12110 29495
9216 25213
21208 23286
16257 14795
448 12177
17091 27838
25138 39622
15436 487
29278 32648
49399 47902
17498 15516
21603 46671
19789 32882
38173 17646
47375 26925
37545 35794
750 37772
17142 24050
42840 2193
23564 2482
45402 37235
15487 31672
4072 46196
43765 24156
7748 38029
30501 31558
20107 45253
10468 9312
26570 47854
44963 47927
32934 34499
46109 49191
50453 51045
20381 18313
7695 30471
41859 33879
19336 5128
24088 34299
40281 39982
14474 5797
14361 16072
8754 30963
31339 41332
10040 48608
29818 43499
49004 43826
39698 5118
24486 44832
27253 41530
46003 35337
35995 37987
30857 20480
49634 3459
35227 22515
43523 35064
14314 51022
49930 707
16218 30728
44587 29756
49463 33598
39048 30752
5366 37616
34440 48092
29279 21727
34615 27592
46123 23129
5119 19309
36974 18954
7354 10978
4048 2316
35891 45551
33128 39167
13249 49115
37533 19928
35171 47643
9821 51448
34102 36944
7618 17069
13462 4026
46984 41242
32036 31010
5960 37890
33448 11081
29196 37543
3647 3383
29717 43013
8648 19121
33637 48325
27226 40916
29937 1790
36957 18797
3784 31770
36622 5408
30303 8312
44091 33135
20197 5038
47401 51365
1427 18210
25949 16519
16677 8687
198 40357
14281 18414
37901 18037
4787 16840
2969 931
27768 7311
22580 39573
45901 11444
4179 38783
35466 48429
3949 9905
4524 43199
30938 29272
2080 24234
18815 11495
26796 17122
11796 51284
50396 45926
8876 31780
42043 11850
47795 34563
42329 2169
27549 22469
24541 5532
25067 9508
29396 39030
24740 10103
24619 32503
5260 49333
44744 27063
43372 50487
8716 25112
42831 15595
22792 43298
7775 28848
11697 47580
35210 41785
25760 10964
34659 13819
8346 37864
47701 48128
14595 22615
228 3561
49557 17328
1490 49512
19554 7602
30344 3443
44139 10984
47127 30410
35681 26133
27796 31211
34861 19751
24857 31213
15052 48900
16221 49312
30188 34900
22686 15314
10167 24891
18065 44795
12353 46243
47516 25564
50168 31103
7396 17212
2112 34764
43267 778
27476 18927
40300 25036
50205 44466
1026 20689
15773 34751
13506 44753
4410 2689
6613 6381
38925 34819
2201 41775
29258 23189
39177 28298
44042 40009
46091 42734
3191 17865
16039 21953
48533 17717
2900 17504
26363 6441
28768 16735
15358 42884
35374 25635
49440 30220
50861 50670
3700 44256
9184 49093
33024 15847
18958 44033
15347 38583
47941 12775
37756 34076
20900 22113
37846 44415
39186 45239
44076 11792
21016 20531
15526 35889
19777 694
43268 44093
34161 556
14487 4454
27104 784
19694 6403
18033 34424
36486 6810
38776 29226
48183 23037
11478 14380
41026 47531
44483 18567
27998 16509
36429 12654
32482 2231
3073 1554
22572 40593
42161 3728
43998 38938
24980 43032
51499 14210
34372 39282
20889 41818
45634 7982
27285 46405
26756 7863
9780 5662
19654 39629
24672 8514
12051 24639
49442 43018
35254 50061
31033 42462
15793 37098
14769 12109
19710 7265
46372 45591
9461 12076
30345 16603
3777 19305
36857 30603
27046 43286
27297 4963
36523 41864
34734 29717
8788 18114
25456 50421
16712 27983
13326 45366
21645 43751
42383 50455
5182 50471
29478 21195
24319 16865
6060 10615
35104 51167
12484 4850
3378 18173
17594 50929
24719 4089
44150 25088
39648 25467
39514 21801
2592 3937
4770 16924
12332 17346
49919 11661
47469 28874
44005 4549
36625 32226
14223 13152
31418 39997
13690 25732
21822 11695
19870 42303
1005 32248
13882 7107
12454 9429
48594 35431
7689 50379
48948 28263
49436 14313
31387 42162
15899 6964
45589 28940
39611 46885
13403 16974
25994 6770
15685 2285
36182 4779
21078 4615
50825 37444
18551 47681
24948 16424
30557 50938
34974 29222
42515 1230
23545 32618
23570 9756
33608 42787
32590 41966
30541 57
6463 2480
47345 43556
49915 25591
20987 17462
13313 9936
24295 45879
20508 21616
27128 25647
2997 37660
36866 243
14502 33777
48579 46374
9564 32158
1063 31336
36262 28578
38276 26471
37955 47695
47187 51180
27367 51471
19346 4595
9989 35398
12858 14802
21619 217
15075 25194
24894 45172
37342 31593
16105 7944
32723 37175
36087 35082
42901 23523
44883 21853
22123 44685
16865 19847
50028 26255
32023 3618
47420 41437
48471 42407
32152 5942
30201 23944
11026 35038
48023 22287
23081 5273
11093 30123
9173 49838
47207 50234
35819 19003
32003 42454
12062 13312
35530 36339
42062 2578
3850 25177
34338 12518
2217 19587
4872 45606
3180 25566
50092 41329
419 45144
27027 31884
9011 5562
41334 41471
15168 28704
4455 9172
46346 2340
9898 12655
600 1663
14335 47169
33144 38860
29886 15630
24459 32063
3962 25479
41795 4129
43697 51953
40405 35426
43207 42167
31973 20168
1031 32748
434 34993
34880 29446
26958 1076
777 2428
1097 22236
34696 3674
47330 22133
18006 51628
35111 47253
18789 26576
1124 7746
32914 13873
45735 42851
44174 43734
28219 34284
11749 30040
7014 44439
6313 35165
34367 9762
9759 48566
12579 37969
40618 15269
34502 4721
16543 2417
23229 48200
17520 9280
26012 32041
5179 42850
24449 1250
26610 30882
30081 40526
37028 3002
15939 15905
45695 45961
14802 42519
19660 8555
44830 942
5284 11289
42844 41463
42592 3275
49781 20142
2077 6377
6128 29897
26561 40058
24856 11187
36222 38735
31196 4192
41730 6969
620 7483
46062 32581
11232 38993
5419 40346
32759 14456
28437 4136
42265 13281
21711 27933
37084 22109
6250 48361
34614 26347
2789 21250
15058 7917
13856 44833
45370 37747
37145 35776
31163 9001
17767 21076
3052 51977
4873 13975
44855 50085
18375 2988
36931 38869
43130 11368
2157 21988
20611 4144
1027 17950
38472 9257
9450 49647
49300 27208
46709 11014
26103 45633
5043 24244
19614 36269
10647 10814
36960 28749
15760 15968
37139 38142
25504 2668
44371 6552
35427 51843
21741 40137
25156 24651
49520 50965
48480 10339
9172 1025
51807 31914
45175 5291
47459 417
5140 11759
32820 5842
48855 46317
22667 42714
3520 38911
6402 18595
28646 27278
15214 45450
4982 51921
22322 50631
39661 31196
50398 45375
40231 8317
39034 13511
25999 9378
50696 41932
21390 17757
1942 34282
41558 29519
17913 27003
51351 11440
29528 40013
32153 45330
14952 2466
23319 39078
36244 11797
24604 47003
28302 32761
12173 41104
44545 51288
38396 19740
43298 22797
24909 27446
5617 300
50605 36551
40542 15443
19358 12577
16152 7701
46735 34748
4818 6271
5377 40562
17562 23718
10108 49882
24904 35372
46641 33263
51374 14371
41544 30423
10111 50485
48475 43210
25535 13639
20754 18116
23639 12696
6983 7385
5998 44909
341 31092
29147 32606
23588 11556
49896 10471
17680 43919
6700 2826
8684 3541
5722 42262
12281 23868
28245 18682
29416 13736
36503 28487
36356 16475
33584 21909
26742 40424
6770 49704
1722 29698
5874 2839
23195 6844
36322 48524
6100 3438
39121 35217
39194 11527
51409 51479
21262 1905
25247 31789
809 33745
19127 7607
25415 4644
51064 15421
5551 47278
47504 29152
36670 38844
15909 37996
37484 21363
34152 27464
11114 13026
44913 48962
24952 44359
11109 21345
9100 15078
17624 51051
19735 7218
17591 21374
32318 14928
4147 6427
10959 15540
28487 48350
18086 27040
27598 13105
19645 24611
31735 14462
51293 4819
5042 30867
23667 38345
16496 31747
16161 3562
47245 28565
40963 9499
32493 14167
38916 39940
40415 29819
12816 11670
30007 25385
7011 24477
8880 8940
19967 29999
444 47175
25933 12725
21773 41421
40645 23501
24897 17675
21597 13253
28851 22013
21938 8337
42667 2104
38955 45365
8922 37269
19690 3910
39533 18390
45567 8946
13164 7282
31393 30510
11642 30054
26100 27409
20916 11220
19101 49830
48161 22517
45545 14409
41478 19344
32179 39560
37741 10276
51248 51744
15888 41812
21358 40078
24646 11137
18370 37888
51503 36226
25752 15054
23922 5668
7464 26981
36953 34195
13095 32062
38813 14185
35759 38770
11792 31031
50307 30328
1764 18296
47659 951
30253 47843
46424 28057
13740 48247
28735 16165
19093 16242
45406 21450
4533 28459
26814 37976
44105 14576
9122 9763
41507 333
19847 27380
15862 2899
16560 2626
43167 30845
10102 48070
46874 50372
51713 33045
24707 2204
4848 34808
29431 31410
39187 45656
31408 6423
38158 29652
26268 32460
35021 15763
33202 5446
45332 36602
27414 49354
35629 815
2410 45427
51821 47959
23563 26649
45983 14288
35187 23489
41824 19385
5570 15668
7168 5947
16269 1044
43097 31444
43562 43846
23266 19978
10902 46092
42402 30100
40153 37381
2904 48975
36912 38251
42273 1600
44399 29809
42385 30394
26190 50583
49328 9085
21732 46081
28211 26566
6944 12121
692 51765
16957 24276
14550 41079
33468 30429
48946 46131
34000 41511
36569 90
38045 41112
45067 4634
37699 21818
14486 34795
29215 2144
24519 19438
25634 27912
30348 49342
50617 17681
44536 45748
38574 40141
45249 35550
9880 37699
22608 13576
1610 51623
31639 44871
6852 5306
19362 40663
27262 22001
5627 48219
7607 3593
47852 33734
9285 44215
22829 23855
20441 3380
22484 7273
29841 25098
51398 23960
13558 30498
31650 40576
22827 2679
31206 23959
6398 24015
28716 42479
47317 36621
45664 46195
29652 4392
20901 36750
4403 46488
19679 13417
2929 21950
46582 15640
7543 35366
1481 7443
42466 42536
44378 31359
10772 49302
48529 38019
15986 13750
33817 49360
11433 48826
36170 49866
10495 14775
21692 21002
36691 23116
27943 17522
30282 33002
15195 44580
26546 27718
41272 18163
12089 3570
12216 4153
41975 24433
43078 22625
28321 29650
25925 31866
1914 32864
48326 34517
40247 8042
12932 30813
29464 46520
38811 34859
28152 44454
25483 34922
292 19154
46186 29621
14077 40695
13487 24127
18242 45432
49305 4301
46122 12344
4101 30008
6669 5722
35186 5255
12253 25604
23973 11719
21364 18899
12916 5043
29987 7168
7469 10799
17194 18085
43956 7342
32079 45684
34585 9697
41885 32528
20540 9864
39124 13387
25470 34124
40063 41110
25726 1488
38470 19214
7487 27299
22802 44722
23068 35484
40460 8653
11307 31058
44145 22722
46268 27534
19494 29089
40271 48347
38678 42251
5555 1408
44048 19105
8779 12391
20525 4126
7725 1445
15636 15226
7665 34054
11997 37926
45446 22466
9265 42340
33478 51566
25459 21385
27410 31861
39088 38887
9036 43638
25147 45670
27725 34745
12174 35945
41649 29181
35218 30016
45445 19929
42288 37176
11354 8648
36367 51731
10936 20087
18930 11255
9195 51726
12262 17040
20617 14863
29557 31736
40594 24373
23530 18884
629 50447
31760 3102
8948 9722
12788 29880
25163 10903
36804 40543
42800 10538
32439 46650
44873 35083
46540 18694
29089 11946
32028 11493
10962 46407
5418 45408
37054 43671
2023 10059
49877 15592
14453 7663
19143 2697
2143 20751
18013 37653
14736 8289
35233 28895
18919 17067
11024 24227
51167 12092
29972 13446
37071 36864
48662 46343
50196 2274
32461 43618
36027 20772
33477 9696
7420 24440
37534 29389
7485 35381
17557 10656
50798 34973
35594 19764
24043 7962
35524 1634
49597 26514
2727 32730
49808 30019
47120 20986
28926 10228
35806 282
14323 48399
6712 35793
48234 33254
49241 21711
16223 42418
19511 46233
2113 19370
17224 31059
22845 49425
5701 37600
28775 43706
7694 9640
50832 37044
15529 47746
13755 28974
48341 22197
38531 45164
45164 7361
22979 47949
46580 31391
39995 2627
41470 9138
28061 36108
10878 7660
40381 20191
9125 1626
51436 26322
13542 40470
13563 14442
3891 29228
37361 23423
22992 6061
34884 21389
18422 3607
39116 39856
35309 42030
11035 12790
21211 38236
46141 34501
19179 14559
18962 51203
37535 50273
17521 18215
33713 12827
44519 1478
6241 5479
8886 35286
49159 29194
51492 44373
26975 44012
3886 5727
18175 33541
42985 25849
8316 12744
45969 32144
8697 20825
16363 39530
9585 39655
46622 33526
21109 43698
16224 23663
49904 26055
44318 46922
25737 28026
32078 24225
9318 25305
37843 24434
41446 799
17611 18655
41145 22605
27147 23027
24588 29202
29622 36768
4950 5741
41526 14136
50390 47701
6102 29113
26402 48597
33792 27238
49140 29000
18234 18916
45529 10735
24188 47711
29799 27777
31985 47750
21450 27145
38140 9147
163 38482
50734 39187
48020 5642
6105 9414
47903 13618
30045 19873
41605 31105
43526 34427
45698 21982
23477 4333
4151 38711
35025 49553
26065 24627
14276 434
28158 26835
13884 41865
32422 17913
17599 27166
21160 11462
18586 36426
22136 30286
35869 46547
37876 37219
8559 49496
37103 8974
31808 13059
51663 12191
22528 25020
44732 18971
49956 36299
3173 32152
3011 2768
6526 19792
41038 38353
51373 19918
30120 32382
1068 36654
8143 48488
28921 30373
29919 14715
45 1759
28037 51854
13260 161
45128 10095
8646 17215
42599 19672
19784 41980
10419 41718
17959 30969
6118 8139
42900 42849
23622 43642
16410 27339
5402 11756
24370 32237
43550 45079
42528 42257
10848 16040
3394 1865
25975 7823
41000 50117
20022 18168
47579 32313
45839 4373
49495 39249
15345 48862
42958 23709
5977 38081
46118 31490
6238 37066
72 28579
13987 16903
31249 41157
5108 44952
38908 31198
14824 45499
34043 7838
44564 24459
29168 33589
609 48036
529 37701
45587 1150
22517 17010
7904 10673
27677 38120
45485 3835
8663 9578
31307 20951
4642 30215
15005 45435
25105 8880
5855 23422
47892 10703
6713 3467
6764 17870
20536 23670
19612 27494
8987 41698
25083 23330
50690 3193
49359 18997
8726 19115
42047 34709
44377 41874
9363 5035
4484 33677
34768 12702
36916 50230
556 41159
39998 12010
42600 50115
10756 6194
28843 39241
23016 49325
47346 10954
13963 35633
41162 21143
49039 20724
9921 44891
26982 19732
40376 17791
44995 44922
28993 45742
14238 45112
5682 23759
6585 6281
9176 35024
49313 38014
8072 23045
38639 846
47842 8976
25168 33959
28141 18443
20612 24446
51845 51040
9164 31779
16239 27001
18152 22303
42246 10685
5522 6713
36268 14279
39388 10129
39323 32990
39820 14491
18673 12349
51051 36613
45252 40202
1758 45198
43150 34450
19769 34872
13465 46698
33932 36118
39776 46024
49011 49566
25674 7469
19369 27352
42348 30179
3577 5007
15686 7640
32433 8601
25290 1139
7389 31426
15800 22821
32741 45289
41818 23762
38924 9111
4654 28963
34622 39168
791 50043
23665 22417
20741 11286
8650 46524
25352 19968
37250 1885
27582 48789
23948 7773
35807 14573
44758 8436
11323 45498
30869 9330
50487 45092
4784 14849
1094 20148
38494 8215
4426 8534
904 5152
17183 27841
14139 45274
2611 50006
3963 7322
51727 5095
26082 1233
18776 50771
41195 31737
46703 49633
32837 2787
50274 12869
45994 7066
26364 2150
41979 51974
35236 43240
40374 33652
10007 38875
18185 3885
5479 30742
20311 7794
33509 16582
13317 2837
10183 4342
35153 19769
21414 674
25607 49451
38433 6325
41570 51274
50019 8113
44634 39440
42150 13462
4333 38510
20328 13109
45789 12110
28672 43949
47839 23039
15640 1918
3795 5950
16023 9540
28475 48903
7602 18179
29713 37995
40128 22796
39901 23082
3607 10523
43653 32810
48608 51171
43127 47747
48540 40171
11512 15849
7828 33090
831 37371
46393 4479
8993 6495
45974 37889
744 50020
10737 917
32533 34658
22722 14222
34276 46912
33897 12554
51314 18472
47237 11258
16991 49416
10943 35202
24371 284
8319 47537
49138 6468
51192 14026
17614 33043
48034 46384
7737 31111
50557 24017
1924 45753
21956 38626
28137 12133
17825 28814
34332 44141
4186 7034
17233 11853
46683 23254
37792 24879
41126 27794
5051 14043
32516 33702
29832 14913
33475 26712
23602 7396
3634 49900
32743 20597
37152 8102
10937 30534
24097 7230
10310 34061
16720 8908
6744 32494
37612 49957
44180 46186
47369 18893
7559 47326
14969 2662
48548 5391
33347 21504
2887 32356
806 7584
16027 25218
3014 18587
30918 29947
23854 39348
9836 48246
11729 20448
2318 29096
36233 14803
46795 36302
42973 26692
27484 19045
14714 28047
21090 12373
27280 31174
47205 44508
20968 24081
17778 11751
5105 838
37457 44182
24433 6893
7826 25977
32902 28709
44128 34254
3452 43159
11754 44337
14627 5571
33802 7814
3010 9396
26276 25875
4518 26256
30481 45550
18502 38703
50694 6667
20362 11058
5662 4241
36248 23837
29934 13048
523 22193
24178 13125
13152 26496
19110 8046
36950 15262
51414 27834
19918 47527
48469 32710
40811 18253
15898 50124
30404 46760
24136 50199
38778 38137
32333 38906
50634 17890
50849 51741
12808 42195
48003 26230
35820 23338
49839 31184
16065 43692
9868 31755
418 33517
26873 18278
1567 9659
35491 50332
22704 29795
41678 7081
45447 8008
96 32070
49738 32590
24660 15128
48371 41181
6813 8822
13448 1948
34722 48353
15609 3464
32246 4472
3926 32646
9331 44441
46639 1754
18339 11738
6097 25077
2878 39623
15170 44513
34063 21428
27071 10010
45931 19842
24412 40762
30046 6314
49015 49819
5565 5015
38062 43325
6264 49258
33124 50304
8750 32257
41761 30542
25845 19239
4905 43391
37213 32631
28508 32130
43414 33083
8567 17149
15518 35425
19116 35824
17105 1159
20645 50068
45923 2071
48193 28208
21382 7808
20845 25142
29672 29499
17823 20615
15310 29004
4895 30125
13285 2359
8921 2154
51114 11592
50473 36482
38320 51078
7142 19861
10185 46273
6925 10758
10773 32210
29463 28226
30544 8814
20581 20478
26642 46906
7913 25499
35123 31946
23481 50071
50485 7169
13608 37281
20206 44239
30366 43259
17368 36293
7859 44917
5926 35350
10330 37501
44962 30791
19938 31190
46184 36848
45671 10244
39539 3653
2644 25650
21483 17262
9721 32421
5978 24760
46607 44335
16268 23119
23314 50232
25969 18641
33651 21004
3209 1845
44380 38697
19585 2957
17051 8402
11395 24014
2037 22864
29636 48632
36435 38271
49027 1763
36053 50148
16375 40971
6208 22365
30281 24942
9162 6380
7960 28060
784 22620
4042 23421
51181 26997
14568 23021
12985 3700
24396 43336
44977 16006
41308 16228
42251 42473
5508 20454
38164 38833
38412 5567
16963 45089
4915 4293
1429 19983
4226 22125
12960 11127
42336 1292
29061 21373
8441 30207
6028 43108
21729 27688
2799 37228
30212 33736
3319 27602
11010 17474
37611 1338
28388 45611
47477 30783
25887 38535
32515 1458
1933 20744
44776 24756
27962 37379
11326 25579
23197 21131
14072 37522
12266 6405
18022 32006
18341 6558
29230 45277
9741 44245
2271 13495
40579 22018
40435 32554
16108 32950
42421 50129
32696 43738
27001 22253
36090 10921
31394 40294
3997 19630
5749 23812
18336 28574
25102 13223
42117 32569
34460 41645
16329 51587
41338 4937
35630 35117
1280 14030
25068 18833
51244 17378
23535 3116
31437 19486
35686 37587
51213 26348
31764 14804
22547 40932
32925 48686
21077 6027
25453 47036
17724 37893
11785 6209
1709 38789
20898 22076
39133 17916
14354 4409
1921 37122
51023 34804
18412 27991
3840 13746
30913 5025
34697 42700
23425 33073
50256 19655
38273 28372
15255 43481
10462 35387
6563 20536
16244 13113
43049 27153
15805 26366
17468 16467
34976 40958
51855 33776
48304 29703
3665 50033
50073 35886
14380 11836
23253 1220
11385 41147
11541 46094
15503 33832
38832 12226
20841 32716
48373 13957
45720 43307
23514 48642
38769 30625
1849 17560
46102 41808
45912 34913
23048 40267
37202 50405
36937 28425
9313 37102
36904 47620
32259 41076
35529 3925
20255 34228
11506 13150
32142 23874
2488 30310
5916 9683
15246 15754
39431 9862
14340 48919
1307 44913
31326 50170
40248 19679
13204 28534
8552 26887
22332 20884
46986 4223
11631 41546
21207 13341
3904 27030
1437 17494
9681 18812
38445 10525
46183 16807
9284 45014
50749 39403
7270 15476
34492 26599
23914 9828
4754 12578
24484 1816
46173 16095
25926 20352
38406 30420
6622 31811
22057 36689
21143 28583
8943 27658
28631 42397
51895 2426
41895 13238
31930 10444
42545 17873
20794 8942
11417 1910
36830 16935
45454 51752
40221 18205
51577 43167
23385 36092
14631 11534
43617 42225
38598 47349
11492 31841
24798 51265
20108 1305
48104 3626
45122 5501
19302 39427
11647 19529
47765 4167
118 26674
46007 23819
37542 44019
25664 43086
50518 5919
37191 26011
11933 47464
20855 9212
40068 15470
14477 7336
41920 48135
37064 32785
6823 7907
32518 34208
9218 43531
21704 38039
48847 50798
5100 16503
22729 32536
20940 5915
11003 15603
41694 8014
5815 50672
46463 20540
43911 38295
22004 48316
29271 25556
747 49046
13742 48757
45428 15463
4443 27714
22970 9456
16821 7001
51579 11479
7081 14032
47214 17993
84 28802
3156 26764
25293 16667
28720 38633
48011 3666
27503 32137
27134 24557
32315 45851
24820 7404
23019 35766
35785 27773
24599 44744
6648 16145
31424 18202
51691 51399
37884 9497
42662 23790
49693 31145
45034 46903
14784 20197
29576 1382
4831 42297
2190 39703
19328 2282
1316 48461
20888 43400
17114 3584
6864 45265
22401 51695
11149 44014
24607 15708
10546 16580
47972 36224
4916 25212
35852 20269
22148 41875
38931 45916
40216 23781
31637 7999
46171 35056
2032 15492
28268 28994
42837 25459
10814 516
39802 25755
28456 16747
10296 19720
3510 49589
6637 15432
21699 19492
13471 13788
12451 10501
26823 28761
36315 41377
47320 20787
47840 50250
35398 42234
17385 26627
43293 51729
18450 2221
19491 17960
15568 5250
6286 51083
3253 32224
25750 30874
37472 48297
36023 27064
32175 21806
10066 47015
3573 27681
23648 6580
251 45776
28024 17103
5743 33184
19304 4350
43387 23060
40966 27583
39336 39461
31479 47791
13086 35896
6357 48352
1687 21416
11196 29705
41825 45562
19125 49937
5370 3415
7570 42034
20209 42048
51438 12042
26049 41298
30864 29059
32054 51841
43322 42016
5973 8919
42066 202
35660 26258
25397 41177
12117 20025
24316 20561
24999 37737
24210 5390
12228 7264
2925 10344
17256 16359
30479 46765
17263 50306
14828 42545
17601 50015
36979 8526
4040 38930
9905 44942
49299 26891
45644 51947
43744 20933
6338 29589
43788 31351
22531 8750
35485 17084
27132 11370
49576 45054
38649 38865
14911 21469
36281 18468
25370 13020
27436 27165
35096 24092
45028 11921
31119 25789
15444 24729
31213 37382
19586 14712
5175 1359
25874 1506
46813 36604
2276 42409
32906 40109
37436 14989
33871 5832
37453 30306
44403 12994
40651 17157
9664 45958
7883 11060
49624 3263
29429 26283
11330 40502
10956 28109
13887 17050
12631 9782
8270 5837
2797 24113
27747 11150
5136 7691
28534 926
13233 47094
9692 34462
38998 28519
16901 50683
20956 29735
47652 44146
4392 32385
5704 7767
25435 13314
36462 12488
26042 51258
36180 17446
21374 18872
18102 32386
34059 25040
30026 8533
811 28267
51548 13541
45903 39328
40833 14128
34247 18545
51229 47626
27499 44381
7375 12411
9807 27416
9713 11821
37133 26774
38187 9565
49702 1886
6923 19019
36877 17158
51089 15433
6619 40481
51495 29556
18750 16274
22536 38202
26929 44845
17311 30027
25104 5619
42913 677
31824 30729
37489 8730
39909 21185
31002 45418
11286 13908
18050 46750
26410 25133
9428 46430
40518 27741
39889 48242
44618 39138
45460 16793
26328 4788
2542 6245
21725 36504
45254 3851
15570 3416
3231 21815
48874 15391
31144 30864
17602 23220
24409 39740
1326 43961
22143 39206
19862 46503
20379 49037
18373 352
32219 16624
45626 33066
6437 40610
14940 24966
8808 19826
19693 25867
48741 43992
50727 24308
21029 8667
17657 36672
47763 2696
27314 38043
42308 17059
5852 11133
12317 33014
28949 32299
13854 22229
26685 30677
48559 8646
31750 5876
49775 20796
33850 46548
3684 34762
33769 28373
51872 9293
4301 17066
20390 2895
46503 8381
33214 32717
26437 18416
8890 49010
51152 23632
34360 28187
37269 18542
11387 17251
12633 40170
13155 49910
16351 17286
2168 20514
29914 28559
3314 10813
23618 20680
46179 48292
13049 32197
17956 50049
30424 9914
33104 36417
26015 43085
41643 41724
8119 28836
44642 3488
2003 12382
24410 15065
32034 12003
38932 2351
29236 30819
11639 17055
38462 10719
22922 46266
22561 30615
10717 28602
16952 7604
45145 32435
18683 2674
1799 28936
3254 23365
10677 46467
37504 36757
51107 31799
14046 30000
14507 32309
42427 7373
14753 47171
44414 9703
13549 8104
17635 22912
42703 6133
26838 13352
33639 18620
1315 11840
51138 11030
50304 49148
44709 17878
584 36913
31071 43460
11351 38383
39397 13920
555 38244
14665 271
16541 34473
39869 50257
20019 37408
46711 11834
46490 27291
42123 5036
18048 16133
27775 32645
24673 44362
22854 6181
14301 21539
30586 1702
19802 18631
44381 44651
34121 44607
40869 7995
26028 25833
38305 24482
6706 38689
482 6952
33523 21204
43409 10078
24526 1893
36796 5313
42425 30162
38914 46381
39915 43224
18526 31448
19561 29757
44854 41180
31572 17651
4184 38942
22039 43124
18120 381
41983 21590
21309 43003
18146 40788
17115 29695
43000 21294
46603 47943
42695 48125
19582 37301
12345 8476
9826 13853
33902 3191
50167 42182
15749 18544
3721 21180
39324 3640
26483 48746
43289 4635
44615 35859
9171 39472
1669 24995
42953 6066
19373 26140
17002 16723
27432 11667
26516 15734
25446 50521
48283 26144
2315 5846
38210 1345
46405 13647
37490 10679
12447 25461
22490 51085
47616 26372
14573 18674
44979 42413
35038 49320
41833 42865
51440 7904
31178 19566
44032 32169
23495 28336
19674 48228
43098 20323
36586 44890
11871 39552
19254 8605
6397 23531
30854 43616
8385 6299
48557 24082
47526 13099
36637 32088
49999 29193
11998 25434
44546 31224
21997 17596
42890 36901
5853 39344
14566 27727
14637 5913
48773 49578
20126 27692
27557 24133
51649 40231
21714 12214
24359 28450
17077 41333
38376 27920
19271 6092
30394 2651
7719 33643
30838 22397
3518 30378
41576 44332
38246 14696
38032 42442
4668 44974
12750 46769
32800 10163
7853 32462
44611 34556
25014 41259
34724 42417
27074 34386
3544 5504
9882 19052
9003 30686
13127 28663
22458 5190
26817 31301
37317 9740
29988 8375
9387 19688
20735 16296
46903 28032
11820 19365
51049 37260
5297 3128
31955 36110
21800 5016
41356 2956
11589 33648
41583 7054
3802 33467
309 27848
17926 27068
13723 6193
49886 30452
50695 43310
11050 47207
37768 37256
50102 16606
10384 23296
32085 16703
51460 38376
50042 5359
51102 50375
5770 32994
8481 1067
28424 7467
41517 48531
28142 43358
28117 30336
31287 11768
25122 51523
306 11942
2473 25753
34982 2967
13069 5459
47885 27280
24452 46163
923 19507
21117 20575
49601 38484
34802 47455
12490 49634
1175 43927
44352 29488
271 40883
41071 17372
48078 22370
16307 12268
14829 13833
45451 12130
22568 5127
20454 48958
8450 39588
6732 16995
25137 44133
32987 28430
38580 35021
20062 1175
10946 384
4279 25883
19543 7647
19060 872
29880 42979
47700 31269
34098 30158
39084 26549
34349 43105
22141 48775
28421 39446
45009 47574
8769 31898
22462 19845
32125 40534
23544 40419
49160 23641
12349 45264
10806 44159
1254 45240
14970 44244
14702 25887
47656 19835
8599 5744
13841 8198
48109 910
38647 12505
33072 7335
11075 1042
24025 45616
46604 1758
51913 13713
2449 31531
24589 42509
41965 42582
16764 15846
50545 28560
35045 41030
40838 51775
3185 35297
3144 12512
43383 5643
7086 19721
42833 50445
1294 30372
3162 9711
45204 27649
7589 1430
29119 7633
24921 10886
35867 9990
16564 48417
31091 46046
45998 30900
10036 1287
13468 29460
45561 38354
44941 15901
41309 13195
610 19323
19734 37319
27583 25673
43363 3338
6618 21880
43417 517
34099 6729
17694 41315
40816 46734
39691 27243
8990 32487
27449 48306
6876 37924
33528 39049
47106 47912
40482 36327
7716 19057
18528 26194
7472 31858
51431 33644
6965 47489
32620 44478
13019 31976
13091 15199
50985 46812
17236 34624
34285 1247
13217 27657
23457 37776
46101 20700
26854 36259
19357 4163
10511 17554
2583 42488
35923 27338
32530 31021
13612 7664
45103 32427
31501 40810
21667 42349
15369 22726
180 29382
836 45713
44017 28589
5833 1364
7238 18876
37628 47593
43846 12597
32382 30753
9775 28713
5904 15212
51088 33269
33536 14399
4919 38513
47421 39460
6639 43055
16771 30702
42228 8596
15150 19228
19401 47383
17310 46622
3283 25584
6542 27320
11450 44113
2586 42763
19043 48142
23608 23610
44353 30955
20494 10619
27919 40754
48401 13580
7596 18512
6226 45266
49690 49104
3008 5649
9070 43717
43474 31647
42415 8461
21540 11357
23431 13074
28687 39699
40751 32256
17584 6613
48043 27262
6092 32357
24421 19901
22461 15383
11985 13726
7461 36493
26231 3084
29920 1189
