41906 31343
7297 27640
1640 42523
18025 10931
16050 7410
14629 8685
9145 45625
6718 3844
44349 10447
35742 6797
5698 27265
38699 38716
27652 31633
2083 37287
1953 44460
6141 28716
14329 11880
15248 40064
33119 24888
39454 23502
1740 40066
36782 1889
13032 44858
42591 8563
45963 31660
35714 31990
27494 7402
14447 26954
29440 28881
38619 3013
18232 4151
426 17146
10464 42925
45754 20594
27697 811
22299 44429
18211 34395
10190 37792
14111 37029
22060 14680
6699 43899
6079 22171
24899 34020
6339 34283
23527 45105
22542 45914
39566 40517
17336 6242
2848 28368
30109 43367
35143 16291
8181 31584
24808 22660
5165 43497
36179 44322
19214 42036
41199 25224
40536 9743
23701 36592
37838 40168
12602 3577
4559 764
3004 42166
43337 10285
14936 33133
18966 30756
5230 32496
15257 10840
6620 4907
24912 32221
18218 21014
29715 15788
41661 21686
23910 18230
10660 3300
24261 33223
23284 14596
13731 36078
43921 42161
17497 24815
45995 26430
44797 15401
42470 5167
4680 30088
39921 29111
41614 37555
11216 29367
35006 5769
16044 32667
10709 29300
30295 20714
24868 7780
17692 32596
41944 42820
45100 1165
36501 6727
14393 26440
44867 27024
21253 2349
3666 36513
15011 35986
2104 12
20674 5957
26291 39598
17547 40572
4338 41782
13827 19963
37171 33315
20623 36854
13935 13557
42955 42900
32718 44006
25929 29899
42130 22339
30072 23813
9364 3557
17360 14610
9151 29784
16163 21757
36790 36711
35323 40617
17220 39319
38312 31008
28078 43069
38243 23809
26176 29658
23724 7473
14374 6386
9066 43183
33393 14533
32344 144
5958 22372
3088 23275
7186 41528
10017 19136
41121 35894
10485 34209
44597 24504
27667 6968
39087 3001
4164 10759
25217 32272
25010 9205
39053 26819
30675 7010
34677 16666
16477 40033
36257 12840
753 12291
44584 7914
7508 25749
44677 14129
35191 29953
17487 12490
42007 22147
22294 7063
7311 27163
19235 3048
28493 41501
10366 44050
29736 38589
213 8076
17262 29525
32807 29976
11709 43153
33272 38622
6974 33044
40980 8824
19559 32692
41875 285
33271 34758
39910 3184
13036 36257
24505 28365
10588 38347
35349 31650
34758 11614
38 45339
39253 37917
21244 11381
32022 8414
1277 6787
7332 25390
23789 43092
20154 39358
15693 39726
3797 21093
15786 33038
37183 25210
5162 27438
5614 39912
31850 45385
4536 16269
34912 17931
8242 26075
8415 22470
43238 19279
31149 29678
36032 8741
10822 9056
17371 27050
34582 39488
39754 45877
27731 33574
13881 19590
35344 45974
45212 35902
13183 20573
20429 36280
26149 41457
44020 14244
24473 13166
28712 13744
33920 40906
29589 19044
7931 44998
16247 22630
14726 44065
4197 8695
22157 42605
1379 11654
38556 33024
36302 35553
15081 45503
38565 41739
14433 21128
472 7564
4653 23085
41360 36850
3859 31482
15004 38195
4418 37398
2059 43723
21655 27360
4644 44188
33696 34990
15598 18739
18251 27682
43843 837
31813 34258
14041 6978
35340 1657
8672 24961
37424 9525
37763 3478
30977 43926
15926 3710
30997 13101
26678 17497
12479 10548
6182 18784
6353 44787
43188 16421
28250 9597
23220 4066
27760 45259
26942 19343
30607 13370
3551 35467
44130 2118
42825 23507
42349 29662
6450 6717
3973 40378
26387 44272
22237 36824
7162 14701
16296 42410
12557 36784
12466 25487
35147 15572
29401 33484
9187 45622
27649 18851
12026 45413
18255 43549
30319 3079
16372 25008
4941 25399
29042 27301
36067 44902
6417 20491
3316 36185
42739 3526
35428 850
968 16472
6113 13310
15492 40670
10900 29037
26635 14782
31827 41536
31547 42444
14009 24101
26283 38561
3843 35823
10790 39544
24837 12876
142 12682
25587 19280
17381 29414
29820 11628
18695 44739
27723 4881
45652 12254
36423 11390
43377 33676
31895 7822
10145 24721
12446 2664
19446 28083
14268 18292
3833 36478
37958 17318
35534 8525
3995 10547
20553 38273
3747 16713
3287 370
38285 21664
31247 30562
32955 10146
34808 2618
10318 10074
3728 21144
33282 39118
5251 3333
12179 40985
4491 40345
38997 43378
4454 19737
44251 32149
15415 37531
26462 36056
7857 23468
37335 4777
16136 20832
37941 34433
38963 14416
2605 12051
40592 34119
5373 4469
27475 33105
43082 10445
38252 27259
37043 35592
34262 35196
20734 26439
17090 6026
13387 22899
43892 14497
20591 13983
15643 43473
17408 21751
25939 21697
8578 23646
42304 19240
19661 14317
29965 40520
20721 34767
4755 31121
611 36788
30035 42553
40709 577
36897 7519
6553 43840
4802 22676
35235 29208
13970 15752
33154 42092
8681 40220
22873 40707
4509 15980
16010 2614
24218 44732
18677 21033
10339 24994
28717 7431
35601 25289
19826 16816
40087 35405
42859 18536
34665 1620
513 33874
43770 24574
36347 33706
19621 33341
43476 29201
6789 31904
8801 2874
17333 19428
7565 42699
7015 12617
10188 20993
17849 33679
18466 5397
39639 6289
13804 10971
22472 35257
13343 34945
45056 481
41566 41087
17301 4291
33123 13814
32017 43932
16458 41256
3330 13971
6049 44919
41569 27801
18133 6811
2890 13473
233 35243
21860 28524
8574 42374
41754 4727
17168 44961
10590 10077
28957 1557
36155 30096
28029 21740
36760 2483
634 5736
4932 4801
45287 11665
9769 16510
35756 36575
2362 4617
24197 37681
38176 14919
36211 16951
9706 26715
28167 25431
8353 29565
2742 41302
20203 26506
23898 28379
2615 20736
23450 1107
13768 25527
44700 44126
16354 7754
43709 35051
6737 387
23179 42037
36693 40525
26633 4145
40676 38379
10129 2983
15515 45934
10650 4758
11604 23443
27021 32954
1625 6956
11755 18995
21771 44950
26983 19750
43904 39752
16264 5670
17486 18450
10434 28684
45959 24997
7085 25895
25071 43302
2538 2020
30848 31064
14578 10245
13080 34962
30167 14410
22916 8938
20001 25625
14916 35765
14610 19332
1551 41553
43256 9443
12657 19534
26114 44387
21513 42464
18259 24454
4550 731
18293 36276
23013 36378
42041 9266
33385 8077
26194 2738
44533 330
35142 37534
21703 39103
1809 25827
7560 35203
17119 35883
11703 5579
38050 19969
17398 13767
2508 22535
7105 13877
39097 27044
28480 42332
22655 33591
20558 9336
28600 10549
39729 12059
33517 14470
7579 40429
25245 16564
37788 12736
12458 7512
16694 11886
2909 43974
28578 37179
111 3565
34074 35970
35288 30230
45014 42250
43951 36023
12913 4794
23870 19049
28266 44020
4586 4415
43532 16430
21640 6436
40840 12938
20573 38050
8168 31929
19682 21683
33235 23406
20270 8403
43706 43995
26765 42958
21377 15371
26372 6557
45693 18687
19377 40601
36334 4575
8342 20827
12573 31842
27555 29534
43577 21519
24848 40393
44389 43216
11406 20033
40339 45447
37297 38285
19724 9988
26613 37065
35910 37150
27 23888
19915 20732
18804 28070
13775 11052
28174 317
38010 20527
39759 16134
42907 14518
21119 41998
30474 28582
28953 18133
28978 23560
44278 8802
14006 44537
33501 21730
31011 31455
11121 30334
43179 29187
5558 23511
18599 20020
33781 31915
43507 36155
41481 7133
40584 11520
21967 42307
6121 39756
15393 5373
44093 18391
20344 9176
14723 35299
13051 12874
9657 17252
1601 41067
3029 5012
16047 4942
31139 1221
40061 33239
4773 41395
29847 2045
27161 38135
41273 37939
37728 26551
12743 38669
45637 13944
25165 2403
32400 36150
26192 17080
15990 35617
9672 35369
42996 30940
45065 42855
364 9741
6986 23975
27863 25723
14342 14635
11527 38641
45608 19071
33945 8775
30445 30455
3292 32842
36531 33451
16332 5935
7954 26004
29915 23847
8739 32911
30451 695
43751 43430
34809 15656
36630 40242
39024 44838
20795 10869
29005 33695
40151 9200
33082 29244
27967 10435
35906 11741
29224 37117
10431 37082
31109 9582
29496 31687
16987 23515
16204 2649
41790 14341
18174 31959
34164 15188
31759 4120
41075 17325
15680 24212
17997 15337
28828 2806
5078 43817
18726 13552
15368 33941
17808 23675
22011 25435
20953 30781
35400 29796
5281 3044
9069 2616
9885 42502
15156 21239
25103 6765
45479 34169
10015 41522
14022 17924
4210 17257
27189 37922
26713 35675
21685 37367
35561 11394
30535 24685
27249 42840
4081 24807
13556 23941
27535 38515
25525 42818
38279 5102
45582 33861
1281 16488
37729 24664
24929 14608
31260 33841
387 26598
23053 23128
19570 22613
25559 31907
27461 31596
35273 433
35792 32889
39535 9108
14454 28830
31997 10854
14381 15073
17888 5053
28563 33721
31828 42171
1903 18404
25485 13862
22029 9847
43836 12250
44509 10313
26498 23739
10817 39455
30631 7755
8365 43327
40781 15096
35005 27173
1768 21642
25823 7428
38791 31557
36988 44252
43451 31380
1777 31394
5502 13809
42124 38719
28090 10568
8894 42419
30258 26929
11910 1472
3296 15970
17050 2828
24845 8382
21454 37585
13872 38821
29800 10560
21421 8830
22119 41258
24847 33597
18236 2569
27628 37505
16533 9625
5368 3665
30823 10902
1271 16926
35352 11799
3414 33859
22936 26572
14695 39280
42608 36937
4497 41788
42714 43369
2639 18577
2034 5620
16206 14195
13066 29439
1336 39750
40720 30895
9987 31567
15634 11179
8273 14377
31036 26921
43874 39377
7497 9353
36961 38185
14285 11920
30477 40843
45841 43231
16794 33477
24176 17336
10997 10992
39708 44931
39797 22458
7507 29719
10733 39095
20385 38706
37925 4512
1683 15062
20445 24787
37736 25262
44391 8665
24597 7116
25996 1086
12998 13262
4981 34257
38804 33054
45261 44851
41107 27512
15916 9802
6679 39683
45692 6312
19765 31187
44844 40289
39349 39310
7934 2559
37089 34828
2692 32987
22755 7702
34914 6108
28075 31605
43354 43214
24286 8542
4520 39550
33159 35343
42438 79
22363 44471
830 42549
27529 28279
32126 34213
6917 27570
28412 24274
23737 2847
41654 45721
30130 34723
10027 28113
28541 15040
11544 31597
34194 24985
42629 22972
17701 38604
40365 45660
35270 37757
31687 6404
30466 27885
28546 16681
38829 31270
17590 15238
21123 5494
16089 18565
5680 39210
18280 35634
29544 26782
15982 16896
30456 12388
37346 359
39999 467
43791 37879
24838 34246
22047 7723
1881 34064
32395 472
21301 24578
11918 42897
31953 13463
13902 45074
23254 20703
16932 26795
22305 23742
18328 6986
39070 10144
45953 27924
18106 42702
36425 38363
666 16623
33858 17125
12522 35135
5611 27759
15818 37007
26636 23963
32020 40101
36385 18060
15750 44605
45260 26048
31202 13350
42330 27082
32167 36183
29372 36541
1131 31620
6099 11713
19284 24263
14523 36641
26503 36367
45337 31704
15946 16632
20068 20097
43514 37857
38113 22568
24185 26092
31016 9049
36273 43207
34795 7805
22529 15059
27886 29269
36071 45831
21679 10604
23057 6572
29737 14055
17755 26252
20095 22180
16476 36083
15109 40241
7908 45683
12622 44864
20680 3412
7836 10535
35119 25501
45231 41673
12134 347
12553 5970
14181 30912
31733 39338
18121 28533
38640 5777
34383 4200
39112 17242
18547 14534
6589 24304
12722 5246
19415 39914
14909 2475
23651 25188
11760 26257
19810 40237
928 43004
8296 34145
17978 18775
2983 39156
3574 3766
36265 11487
19146 41963
45706 32399
8276 28769
41804 702
32171 13220
6724 43050
804 33958
37622 18744
18635 12763
30763 2203
31374 39290
28867 33460
22329 33805
12083 45774
3368 15183
16547 40318
31309 11108
7477 44173
4283 2364
26261 23576
32228 15680
4856 42928
37816 19
41252 10319
44988 5692
3514 18084
9944 26178
9778 23143
36887 43887
19913 25897
5583 38410
16266 13128
7763 33931
36574 1008
27275 4497
39736 5910
39068 36019
40529 18645
14791 36643
34248 38204
29525 22813
29015 22773
19488 18122
38570 14831
28104 39739
20014 12749
37266 29804
40700 26474
3948 37678
39953 305
6504 17112
13618 11472
40994 26682
13830 33177
17344 36611
43282 4744
5321 32976
10293 19285
15720 22281
11392 7669
36176 33639
4920 16889
10259 35253
176 37677
26773 16394
45179 45495
38917 29018
30797 24713
19088 36908
2140 31696
15171 15944
18882 22261
18529 30072
29756 44669
4665 30194
45049 38459
15298 1793
17338 31587
40964 7620
38653 16897
43332 4428
12965 25079
27862 14443
7522 44363
35689 45953
14734 15069
42444 20692
9765 27029
17409 23141
9322 33850
3909 35105
10874 638
20160 45929
37304 17259
18915 16270
28781 18828
8150 6096
30717 26145
45134 44152
19929 22413
45858 4983
26379 36344
17842 11698
32799 31232
35389 20570
32362 23170
28689 14324
5272 37599
39193 17635
2613 11979
28314 44769
21124 12463
39565 32703
16409 13086
1696 15392
5986 15864
15003 17394
44191 15022
37697 13289
38478 16365
1360 40541
44059 23333
17663 10224
37765 6992
2637 7857
11482 5144
30835 44291
34011 43479
42698 32288
28982 40228
18230 435
11895 35487
38361 2770
28567 31608
41602 24327
32226 40677
5980 20672
30803 32267
22804 37652
26762 18005
21844 32166
21041 11985
43918 33498
6856 18368
10540 26076
21615 14556
26978 37793
45461 8405
32472 3549
18889 34455
43424 27734
26245 31348
36052 35440
2405 2135
29808 32931
5772 22760
20613 25803
16542 44980
21187 11456
7598 29963
26489 7889
33725 45761
76 33962
43101 30152
35560 20687
30277 45169
27083 552
3553 775
12294 44179
33977 13812
23710 24867
40805 38077
32670 6603
40987 21328
28970 23698
3383 40160
13341 17020
17502 12266
35994 35951
8587 17227
18877 15542
28713 17656
45761 30891
31767 40180
7958 22486
1892 23982
41290 12053
39904 32688
15683 27784
10380 13798
20366 27466
36100 45922
897 24400
36193 23926
26739 26254
6109 18326
7436 29539
30242 11790
7699 37448
42449 8595
10091 37742
32662 44959
19128 14980
33350 6546
17920 17692
27230 15454
31622 36395
30948 28326
15974 24962
29936 12850
36128 9559
9480 9801
25139 30998
12492 639
39281 11575
33309 27625
8947 32742
4576 8813
18105 41331
27194 33883
22275 34996
33276 31892
17510 19664
169 16448
18537 36841
19567 37214
38466 3127
38006 26110
43250 6487
32090 45256
9739 10705
29265 3935
35297 14121
31742 31231
22619 41279
21787 29482
36171 21933
35615 17025
24721 23657
29842 23614
21089 36724
12364 36536
45712 16890
15651 22554
37474 1300
25099 26986
15307 7946
26921 23010
2861 44538
20853 39688
24985 13039
25303 37805
43496 42590
42731 42542
9969 35288
32462 11439
2427 18653
8274 23273
32919 21306
38679 44119
21758 33453
6578 31949
28856 29291
6535 5139
34469 24974
29946 40218
1006 18778
9448 30393
26869 41400
42912 9493
10117 10983
4904 41982
30769 22112
17369 27645
22188 41372
40846 40129
45398 37463
26050 26528
42588 4676
5264 5185
21533 10617
44195 22520
34972 14957
24905 20545
20753 20767
41078 42796
31979 19095
35457 17530
2353 39675
40466 42248
4485 25917
15386 17777
41364 29157
44853 23801
18834 38465
5924 34141
28441 29511
6452 27132
41534 10966
6587 12052
29077 1514
10903 8195
45483 15377
19626 43387
1898 16492
3015 45921
21259 5248
3678 13801
19227 10939
23493 26021
24566 6751
28226 6263
9541 4181
16004 31011
34811 35943
27005 3528
44683 1728
11801 26019
11141 34340
11474 5456
5176 6812
39944 17201
40614 40508
44770 10177
15784 5526
32616 42916
38218 25549
9380 20275
15217 15032
30222 16214
41806 18624
16645 29043
30119 41058
16734 8285
43703 8604
616 34521
30491 11181
18851 1873
44408 2304
35822 43487
10354 23386
4841 21313
28950 31206
22647 30618
38508 35428
19606 17853
41874 35950
27808 29154
45241 8855
16391 45720
29940 11603
19800 38721
13056 39164
25212 29921
31668 41357
6990 41672
15546 36962
24994 28507
37482 34306
23525 41930
37671 41913
19391 34983
45828 20294
19349 22753
1438 31566
43138 35368
25940 14886
17989 5870
531 28958
44945 20177
3215 23972
39742 27015
32554 17027
18757 10206
15082 19895
39785 692
23090 7
14353 34297
41722 8933
12461 22537
40691 18794
16426 30750
44418 35069
43201 546
44621 32240
8964 31266
41173 19636
6368 599
41122 28210
42359 19197
2584 39126
20247 15153
28890 474
2187 35928
37983 24488
23912 12359
8613 26984
5907 36737
19341 28647
21412 25871
27231 16378
11511 10701
13160 42336
8662 25541
35351 24797
23977 14457
34790 17235
32886 5192
17861 27672
10784 40982
16841 15700
31579 33857
19343 40188
22199 45478
7548 44869
30693 17817
4935 18657
9225 42498
14786 34862
44324 17618
44198 27061
26045 12321
36525 4487
23972 11955
5919 8954
25859 18979
913 7233
17332 41740
35165 29842
8100 40484
29805 29673
24156 17835
44095 45907
44063 40813
17182 32244
38310 12307
24971 1272
41848 9972
24345 3253
7101 35060
44227 1451
15324 12186
30899 6703
1641 18489
40603 17642
36793 28733
21497 538
39983 15258
14508 5912
42445 9876
4143 966
41642 32348
30427 14234
45946 22408
19805 27542
42549 20420
26759 32663
7647 24340
9161 30389
2972 45675
2439 2080
19947 21644
32285 5258
7611 9575
6370 3673
15388 17466
35229 25718
8891 4679
25471 35599
29730 30812
24315 11902
43941 12596
45645 16390
35403 827
27468 7993
38492 16316
10127 25219
27190 29030
42921 16199
6490 2197
32070 13054
40348 30202
26747 6158
18334 34154
2145 43648
45239 13661
24284 30988
14239 25502
29058 44660
29144 20455
15474 21173
23769 10395
6512 41233
44937 2765
24074 36018
35683 34140
42260 8005
23507 16602
3969 31538
26093 41847
18081 19584
12440 13024
8006 23621
29801 3414
6008 43693
43436 14273
13901 7401
42055 15465
41910 41479
39135 28454
1400 21268
3315 988
21857 10969
15963 18095
8253 38319
37001 7842
13449 25940
36321 15932
13577 586
38430 2753
14153 38082
15270 45270
9671 31148
39059 45116
186 39074
18172 10158
9483 5865
8520 16301
35404 10335
16427 32763
11436 5991
7205 44955
43324 40544
1690 22179
8638 40969
974 3936
23478 3918
15594 23300
38592 42243
21219 10088
1035 45963
11420 35151
17392 7039
3435 8247
8308 31972
27589 15249
34478 20758
7449 36593
4166 22762
31212 28752
29379 12647
23727 1400
33636 45171
38907 24758
7147 23473
29623 2588
33020 31805
14520 28673
40312 36637
2842 19315
43182 35569
34174 45682
19768 32119
30019 12438
42162 37140
2042 12231
3987 35627
31391 22785
26321 21213
27937 30697
44965 18044
7076 39236
32131 36342
29070 10509
4817 4514
5295 34809
21110 10160
39866 29451
9722 19378
4305 35495
8271 24060
18024 29759
40916 48
41490 41814
38363 33159
35938 24841
21312 12160
24963 1227
39151 40615
34771 23861
19327 40646
29735 15650
33132 21018
39678 4152
28194 43142
6500 35322
45992 25395
7499 12444
42908 34346
42659 44776
36133 32608
14092 36141
28186 10102
29594 40177
14975 18556
27120 21142
22213 26857
29721 42003
26132 21105
27263 7240
6232 6309
20484 34289
27969 43182
20482 4370
43589 2869
16705 8505
24531 11708
10004 2050
45012 13244
31082 7016
4400 31810
5979 12558
5595 6472
6110 2086
28304 37422
6329 42058
24422 25468
8528 43118
36463 32107
3931 34461
38435 40893
36805 45962
36811 38686
21604 16774
43910 3217
8011 24010
26923 14466
23174 39712
43604 4645
27718 858
3372 13680
20477 42976
23046 32205
6790 5241
37875 30675
33254 41873
13943 3979
10141 23654
43040 36571
31601 27260
14697 24188
7093 3821
22946 40432
36456 17421
24089 34670
7530 2665
18257 4613
37625 19917
14822 5108
28123 14150
36764 34045
40746 6365
40212 6634
44236 15140
42120 34843
36487 25254
1721 12417
39912 12657
43112 34485
45448 16303
17528 37358
11824 11725
17910 36597
20250 36579
22271 27210
23005 6915
401 41853
11889 37786
9389 23460
37115 44204
43080 30063
26266 43598
4561 27989
9298 6823
41496 10933
2010 11823
6014 36043
34766 26317
14099 33076
24655 22120
27515 43093
29731 10367
22341 39317
10316 29034
24252 23090
20424 20654
37198 36051
39075 21277
5568 24362
3448 28220
10197 21198
10317 39873
40491 15776
3262 36907
44170 35759
5347 14020
17833 24581
29040 36061
43381 16652
27789 23594
31829 29649
39786 29328
27144 26024
17903 13
14128 2272
33578 18644
7460 39044
22622 1069
28175 33923
7268 8853
18563 19782
44448 431
44466 19683
38872 14542
31892 14079
34534 20638
43722 1423
20213 45202
2977 18086
14452 36285
25904 33507
39278 36460
3591 37400
504 37462
13398 10140
19754 6180
13844 2474
8994 30171
16746 23309
18970 10231
21504 9071
7864 17367
507 24058
32597 38153
28224 16375
11515 15270
8467 16794
24918 19681
34904 6024
32786 37388
36617 26202
43782 37295
23211 14250
4724 5060
26023 21280
2773 31624
28589 11332
1229 32000
30131 45194
5103 37764
20517 6250
37733 39010
28134 42091
37579 19687
26505 2450
41953 37768
27374 25006
18974 21915
7549 22802
26545 28463
1367 27298
21285 7900
11264 14859
40510 42781
30153 39473
45195 750
23715 41543
5776 41432
28621 25067
6938 3548
28553 19975
38593 34366
26244 2699
34339 20927
5155 35385
25937 37023
20335 9803
22251 21420
14521 32926
21828 45729
11019 14471
5006 10040
33456 3311
41500 44148
7473 25748
34774 29204
33421 39003
12708 37700
22897 33078
23010 5904
42300 14555
9680 28308
15485 18992
6738 25843
9598 9701
16776 8664
12929 22032
11371 5410
39479 31186
10019 37450
42960 3232
4939 35924
11610 26162
41154 17207
32383 5576
30406 26118
36945 32888
37977 28475
29420 45736
44639 8545
36995 8839
42140 31518
41635 36655
40929 12984
21182 31973
41106 25908
20719 42746
9894 37443
28821 12852
4476 36777
30732 40370
28981 34358
41379 16138
19846 15881
18002 4696
38760 17450
3682 28185
23065 21196
33249 44875
4863 37750
20343 5872
30261 7375
29617 44024
2465 27105
3729 27758
24166 23939
18814 22827
5029 12484
42249 21020
5918 22579
40306 38921
38934 42953
33232 1587
25198 19977
30325 11093
38033 22920
36328 40385
2689 28981
29474 40841
37465 9557
42719 28867
12337 2942
21072 15302
39650 13087
31171 44916
32858 24499
9887 5624
4055 7365
29526 3575
6784 15929
22508 40699
5527 9679
33067 18854
42345 901
11309 22497
2566 45469
16237 7293
28798 19997
34346 29496
34259 30880
39965 1491
10404 21750
23849 13698
24436 35259
18540 13886
25390 13357
26790 35811
22176 34293
44493 16952
39184 35967
3432 31656
41346 40832
42422 9264
21932 45553
4320 45794
21607 43796
6194 1206
36567 24682
44459 38208
25334 43485
18622 34525
16515 2850
43029 16742
39499 11163
9855 3940
21848 18614
5342 13153
38191 45648
43491 40499
9269 17779
22926 3479
20332 30472
45776 42911
43394 547
25688 4365
8451 25471
5553 43279
20289 17781
24687 43450
42172 43261
21528 23608
8376 7071
43917 1251
44920 19169
34498 42560
6125 25332
42338 15150
43940 24950
27749 33328
33325 6528
23713 20674
1195 31763
23764 39132
20242 34837
11814 12218
14038 13034
22396 32811
31869 30015
12584 36746
14847 1409
9016 2606
10155 34696
5058 19984
19386 21861
6629 32109
35375 25782
34507 10290
2474 1205
22071 22727
40504 44848
8589 23063
39142 23291
24689 40976
10110 19814
10634 15480
11852 32851
45407 18080
40943 4064
10849 41012
28684 16888
2864 25374
26927 1932
23875 36369
44327 18363
15567 14784
29112 9943
40016 22400
18674 25746
29421 43053
15336 8996
34997 5754
15675 25049
20282 34126
30738 44434
12716 40138
24107 40995
44454 44992
37384 14905
28875 27351
30257 15753
18467 37546
25027 10011
32959 27949
34568 20473
27438 39674
10621 21581
13088 29437
39628 35536
9071 8636
16385 13551
3420 42761
42021 9082
31496 38079
24328 35479
36343 44830
33811 13259
8171 9052
18682 20251
5497 45124
10507 34329
17878 8864
29447 9513
33644 43007
28671 37018
6011 10358
14552 20808
29566 4445
22911 36526
1748 34929
27191 7759
3491 12068
25983 20815
32900 9537
24508 1933
15452 20886
25308 27135
5349 26952
24571 19881
14716 29033
1848 41737
20886 17944
6494 9959
42596 12317
21974 6998
9572 8621
9018 12108
2511 1717
18801 40107
30963 40433
45618 17490
9096 39689
30744 37162
29400 40132
40328 15134
345 39084
5193 15217
1246 45048
16773 1710
14134 23545
9799 5209
35967 45099
34589 31235
27739 8788
7287 32921
15574 39631
19737 30721
7986 42571
3130 24508
15627 12058
27514 25393
40817 32208
29958 31055
4117 9013
7266 10734
32757 12666
39108 14830
35131 2113
1078 26778
41416 984
33776 17686
37687 27070
15856 14586
9410 43997
19089 13293
28131 13407
103 4335
40293 11605
23123 28789
15766 40440
37400 45080
27301 21293
12276 29986
43541 16174
43793 28021
34308 26534
23633 2742
4436 39842
34476 24929
35657 20507
33268 25832
36317 40076
1333 37483
25589 38916
30811 35138
2854 34422
41660 42035
25355 2524
24465 34122
16624 7165
1065 29597
23403 29944
4428 2780
22597 16104
15803 33994
43064 35250
41174 25927
6794 2573
38136 36550
21792 25389
8744 33825
2906 3231
23089 12443
35784 19083
42127 28807
11475 26086
44872 19960
30450 18738
45574 30235
31362 10911
41402 27687
11946 19296
8838 40183
4136 45217
29995 33881
2424 9322
19232 30382
13212 42343
2871 29603
13073 5928
2747 32812
20683 7417
20322 11782
33777 38368
26099 45621
35589 35810
31025 8868
16602 25761
2400 27104
42396 21199
12525 29550
18751 1633
23395 11723
3133 29733
42975 38687
21754 13234
17906 29799
8158 5911
24119 45333
28637 42506
26216 10748
28819 8097
25340 5977
22220 7482
12244 29452
32520 41555
45356 23786
32606 5591
24075 25172
34032 33533
17480 40113
5415 10480
27821 24818
5173 36068
28221 24944
39483 2878
11827 11200
35749 21968
19253 37061
21051 43223
5248 9837
21491 10625
43315 9477
19376 3363
20087 27498
39494 20190
27926 20285
10922 29246
45205 18926
29092 41056
23039 11843
29304 7705
2776 8623
23106 13295
40295 232
28505 40801
17994 16588
41909 801
3760 30058
4918 32613
43987 32680
41781 35619
26622 377
23810 39845
33626 32340
44526 15590
2041 14214
9358 38592
39818 43220
44440 31177
2281 29737
4407 26880
15467 28959
42282 5204
24008 39402
23734 39329
25091 16038
37175 35871
2123 18227
39656 41199
10056 36540
44504 13608
29487 3206
24312 12114
24381 9717
29095 3609
5039 42814
37613 22874
9024 2407
34699 9528
24049 2126
26086 43713
20604 37886
42570 39537
18265 19559
16359 21700
7435 5748
1699 3214
12193 7137
32706 27326
33931 11682
25362 10574
36810 44047
7718 18638
17156 40049
17059 43315
29247 45320
14063 45866
40100 38992
18716 37506
45481 36843
32192 37944
13119 23606
8038 6104
8896 19615
4854 21157
29626 24155
11316 24835
29171 4435
5754 28006
44691 36076
20945 4255
43768 19192
22769 30856
4256 8818
36045 7997
35532 45523
19030 17985
19658 21576
10323 34541
45890 27117
41793 34384
11410 13753
23691 45602
33342 13701
14696 40112
13172 3814
9102 7164
32377 37446
1723 41221
23652 34666
36309 5746
37505 31698
24177 45132
30632 39635
36153 18822
8505 27988
40105 39902
5651 20742
4309 17018
26094 37693
31370 40845
34452 23191
26922 8501
26833 40259
37677 36873
4834 32532
8214 34060
20777 41410
42097 32620
4861 32277
29490 11791
30529 39939
44572 15252
33906 19038
22579 12685
8411 104
36131 7747
41930 1572
38522 30467
11926 40991
8457 7729
28353 13588
32956 40325
3632 27174
8138 2982
33955 21876
10029 22915
19932 36728
10791 41780
10615 13916
21146 741
14777 41984
22677 13186
34007 45221
18616 18457
5169 16674
16424 4446
12865 20171
41620 19680
17987 33207
8204 36045
40962 21229
40268 402
34963 7461
6123 44947
32937 21843
42008 25956
11052 37285
38785 1909
38054 11511
10106 12716
11220 21661
43171 22148
40926 44072
39659 31399
22127 31097
36938 2331
2700 42314
1860 8897
5324 31556
2980 10184
42039 41105
37800 30188
17345 35191
42673 21962
13816 30309
37496 27129
27302 3672
40509 34150
41877 19618
1985 37025
32640 44447
41102 20677
35755 36385
18984 35120
42069 13649
19799 37841
31651 44925
16049 23174
44892 4340
26614 9785
19493 18381
29724 2043
4783 22227
45129 24592
3927 41060
10360 35015
28810 10877
27239 37420
31736 39695
30438 25531
13371 12281
22295 39007
9416 7658
20486 20204
20927 20612
22635 2073
26131 17793
8570 27124
33750 5689
36809 32575
6959 15575
20914 24353
15843 29617
30571 19834
8030 14165
17530 34413
29465 19813
16248 11470
9233 7356
6345 24525
3317 2451
19020 13245
25176 6069
40330 29084
27403 33161
16271 1635
10467 31632
21459 32772
37860 10098
20495 12466
12441 22290
10443 31685
32655 34317
33734 20340
30594 21453
32687 9391
20221 6440
32596 33827
1519 44350
5902 8698
25772 13448
33125 2396
29966 30106
15777 25401
14100 34233
38231 7592
23128 270
3189 20381
3313 2886
18439 45027
32434 38948
39159 5707
42878 30598
44075 3024
30841 6757
18727 34117
35173 43188
536 20479
7045 1474
28242 37851
8778 20457
26428 41868
23983 21030
2966 13144
26253 12619
3353 18781
37374 18131
36820 34884
12757 20916
23759 28909
18914 43983
4819 7711
25320 17869
33047 9786
29515 10322
36036 17934
18332 7502
40845 1000
44591 40826
40046 36676
7787 33690
8433 6710
6337 13539
25815 35556
24458 22959
22223 36004
36559 20873
23961 17764
9455 9278
13046 37624
39484 16045
33366 11225
26306 4669
32774 20407
2970 40191
2551 22200
8981 29075
21827 3325
31048 1901
34035 30851
29950 44270
9761 3307
39732 6943
33785 25140
21494 5644
40179 25685
20876 11730
25753 39068
40403 38847
19611 41253
38911 45229
22045 45834
33248 29219
33405 40391
34888 23307
32103 20477
36892 21780
19648 12986
31123 43967
1091 34963
24141 5148
21709 30520
44159 37211
7184 8638
27299 6090
38254 45784
20164 30689
45092 6375
41240 29858
1747 20342
39120 42233
31103 30501
17402 30838
42965 15185
37911 14667
37856 9419
14913 16912
3366 23820
38242 25696
31487 12017
11175 45850
34357 43594
41224 21649
40616 21284
24917 29707
9685 31950
44613 1984
15873 4284
2070 31152
37524 7399
45910 23033
7203 31369
12504 30228
1242 11194
28904 18499
20559 22847
27446 39613
9925 37663
27064 8349
45253 33289
13363 6746
26895 26588
32888 7012
40074 21357
30908 36448
4082 42563
9050 4649
33993 19800
13589 34915
36759 30211
21303 26268
43400 38702
31351 27096
34438 15636
24696 40690
20563 15971
11350 35911
30125 10422
34940 31613
22435 25154
35801 4330
23219 22330
44294 13648
44614 45486
42160 38730
45437 28256
17326 28532
39982 37173
31732 22427
12601 35687
16156 45491
18285 15477
36575 11344
19563 43425
14737 43884
19505 5105
18941 37631
13585 7493
45236 38809
32048 39065
20778 30338
31445 21324
22860 36379
36733 6400
17922 29178
18861 11546
7988 20188
37584 26595
44344 4562
35599 39208
24884 7127
25857 44926
9600 39087
19036 24833
2757 21458
5180 32395
22700 42271
28992 43265
42990 4030
16807 5934
31397 14262
14024 9105
13243 38062
17769 41690
36833 9616
45625 43312
17801 9780
8997 29687
7159 34817
40350 19104
38459 25558
15682 40343
15890 37876
3327 29306
43899 12824
34803 13479
14790 44664
41809 20749
15260 19644
3441 37374
6567 44536
27087 19959
21647 28491
30960 22562
6590 5852
44643 38190
9010 533
340 40075
36068 33452
10351 26490
26668 8360
42788 4091
31176 24198
31291 35972
42634 3482
13072 56
18825 36703
21049 23544
18705 7190
3878 18495
5863 2044
42750 15417
37627 28293
15219 38677
35072 25839
2445 40975
27387 20849
11521 25087
2382 26610
26018 25007
32466 28521
12211 35725
18971 13843
2456 43417
608 11365
19556 31122
37222 9115
39504 12336
7033 36401
21958 25205
18650 23612
29777 27344
42030 10111
35606 18906
34362 43914
32370 8228
8795 8801
33045 761
30673 4702
17881 42493
12637 1030
7383 9437
21672 31897
30076 28622
42487 8899
16861 5549
12203 8993
924 27254
22093 29887
19335 45574
37211 39612
12660 27899
11502 40846
40040 11784
41860 29780
26575 33386
28030 27796
33770 36180
21492 29495
5685 25213
26270 23286
43861 14795
6252 12177
12110 27838
9216 39622
21208 487
16257 32648
448 15516
17091 32882
25138 17646
15436 26925
29278 35794
17498 37772
21603 24050
19789 2193
38173 2482
37545 37235
750 31672
17142 24156
42840 38029
23564 31558
45402 45253
15487 9312
4072 34499
43765 18313
7748 30471
30501 33879
20107 5128
10468 34299
26570 39982
44963 5797
32934 16072
20381 30963
7695 41332
41859 43499
19336 43826
24088 5118
40281 44832
14474 41530
14361 35337
8754 37987
31339 20480
10040 3459
29818 22515
39698 35064
24486 707
27253 30728
35995 29756
30857 33598
35227 30752
43523 37616
14314 21727
16218 27592
44587 23129
39048 19309
5366 18954
34440 10978
29279 2316
34615 45551
5119 39167
36974 19928
7354 36944
4048 17069
35891 4026
33128 41242
13249 31010
37533 37890
35171 11081
9821 37543
34102 3383
7618 43013
13462 19121
32036 40916
5960 1790
33448 18797
29196 31770
3647 5408
29717 8312
8648 33135
33637 5038
27226 18210
29937 16519
36957 8687
3784 40357
36622 18414
30303 18037
44091 16840
20197 931
1427 7311
25949 39573
16677 11444
198 38783
14281 9905
37901 43199
4787 29272
2969 24234
27768 11495
22580 17122
45901 45926
4179 31780
35466 11850
3949 34563
4524 2169
30938 22469
2080 5532
18815 9508
26796 39030
11796 10103
8876 32503
42043 27063
42329 25112
27549 15595
24541 43298
25067 28848
29396 41785
24740 10964
24619 13819
5260 37864
44744 22615
43372 3561
8716 17328
42831 7602
22792 3443
7775 10984
11697 30410
35210 26133
25760 31211
34659 19751
8346 31213
14595 34900
228 15314
1490 24891
19554 44795
30344 25564
44139 31103
35681 17212
27796 34764
34861 778
24857 18927
15052 25036
16221 44466
30188 20689
22686 34751
10167 44753
18065 2689
12353 6381
7396 34819
2112 41775
43267 23189
27476 28298
40300 40009
1026 42734
15773 17865
13506 21953
4410 17717
6613 17504
38925 6441
2201 16735
29258 42884
39177 25635
44042 30220
3191 44256
16039 15847
2900 44033
26363 38583
28768 12775
15358 34076
35374 22113
3700 44415
9184 45239
33024 11792
18958 20531
15347 35889
37756 694
20900 44093
37846 556
39186 4454
44076 784
21016 6403
15526 34424
19777 6810
43268 29226
34161 23037
14487 14380
27104 18567
19694 16509
18033 12654
36486 2231
38776 1554
11478 40593
41026 3728
44483 38938
27998 43032
36429 14210
32482 39282
3073 41818
22572 7982
42161 7863
43998 5662
24980 39629
34372 8514
20889 24639
45634 43018
27285 42462
26756 37098
9780 12109
19654 7265
24672 45591
12051 12076
35254 16603
31033 19305
15793 30603
14769 43286
19710 4963
9461 41864
30345 29717
3777 18114
36857 27983
27046 45366
27297 43751
36523 21195
34734 16865
8788 10615
25456 4850
16712 18173
13326 4089
21645 25088
42383 25467
5182 21801
29478 3937
24319 16924
6060 17346
35104 11661
12484 28874
3378 4549
17594 32226
24719 13152
44150 39997
39648 25732
39514 11695
2592 42303
4770 32248
12332 7107
44005 9429
36625 35431
14223 28263
31418 14313
13690 42162
21822 6964
19870 28940
1005 16974
13882 6770
12454 2285
7689 4779
31387 4615
15899 37444
45589 16424
39611 29222
13403 1230
25994 32618
15685 9756
36182 42787
21078 41966
18551 57
24948 2480
30557 43556
34974 25591
42515 17462
23545 9936
23570 45879
33608 21616
32590 25647
30541 37660
6463 243
20987 33777
13313 32158
24295 31336
20508 28578
27128 26471
2997 4595
36866 35398
14502 14802
9564 217
1063 25194
36262 45172
38276 31593
37955 7944
27367 37175
19346 35082
9989 23523
12858 21853
21619 44685
15075 19847
24894 26255
37342 3618
16105 41437
32723 42407
36087 5942
42901 23944
44883 35038
22123 22287
16865 5273
32023 30123
32152 19003
30201 42454
11026 13312
23081 36339
11093 2578
9173 25177
35819 12518
32003 19587
12062 45606
35530 25566
42062 41329
3850 45144
34338 31884
2217 5562
4872 41471
3180 28704
419 9172
27027 2340
9011 12655
41334 1663
15168 38860
4455 15630
9898 32063
600 25479
14335 4129
33144 35426
29886 42167
24459 20168
3962 32748
41795 34993
43697 29446
40405 1076
43207 2428
31973 22236
1031 3674
434 22133
34880 26576
26958 7746
777 13873
1097 42851
34696 43734
18006 34284
35111 30040
18789 44439
1124 35165
32914 9762
45735 37969
44174 15269
28219 4721
11749 2417
7014 9280
6313 32041
34367 42850
9759 1250
12579 30882
40618 40526
34502 3002
16543 15905
23229 45961
17520 42519
26012 8555
5179 942
24449 11289
26610 41463
30081 3275
37028 20142
15939 6377
45695 29897
14802 40058
19660 11187
44830 38735
5284 4192
42844 6969
42592 7483
2077 32581
6128 38993
26561 40346
24856 14456
36222 4136
31196 13281
41730 27933
620 22109
11232 26347
5419 21250
32759 7917
28437 44833
42265 37747
21711 35776
37084 9001
6250 21076
34614 13975
2789 2988
15058 38869
13856 11368
45370 21988
37145 4144
31163 17950
17767 9257
3052 27208
4873 11014
44855 45633
18375 24244
36931 36269
43130 10814
2157 28749
20611 15968
1027 38142
38472 2668
9450 6552
26103 40137
5043 24651
19614 10339
10647 1025
36960 31914
15760 5291
37139 417
25504 11759
44371 5842
35427 42714
21741 38911
25156 18595
9172 27278
45175 45450
5140 31196
32820 45375
22667 8317
3520 13511
6402 9378
28646 41932
15214 17757
4982 34282
22322 29519
39661 27003
40231 11440
39034 40013
25999 45330
21390 2466
1942 39078
41558 11797
17913 32761
29528 41104
32153 19740
14952 22797
23319 27446
36244 300
24604 36551
28302 15443
12173 12577
44545 7701
38396 34748
43298 6271
24909 40562
5617 23718
40542 35372
19358 33263
16152 14371
4818 30423
5377 43210
17562 13639
10108 18116
24904 12696
41544 7385
10111 44909
25535 31092
20754 32606
23639 11556
6983 10471
5998 43919
341 2826
29147 3541
23588 42262
17680 23868
6700 18682
8684 13736
5722 28487
12281 16475
28245 21909
29416 40424
36503 29698
36356 2839
33584 6844
26742 3438
6770 35217
1722 11527
5874 1905
23195 31789
36322 33745
6100 7607
39121 4644
39194 15421
21262 29152
25247 38844
809 37996
19127 21363
25415 27464
5551 13026
36670 44359
15909 21345
37484 15078
34152 7218
11114 21374
44913 14928
24952 6427
11109 15540
9100 27040
17624 13105
19735 24611
17591 14462
32318 4819
4147 30867
10959 38345
28487 31747
18086 3562
27598 28565
19645 9499
31735 14167
5042 39940
23667 29819
16496 11670
16161 25385
40963 24477
32493 8940
38916 29999
40415 12725
12816 41421
30007 23501
7011 17675
8880 13253
19967 22013
444 8337
25933 2104
21773 45365
40645 37269
24897 3910
21597 18390
28851 8946
21938 7282
42667 30510
38955 30054
8922 27409
19690 11220
39533 22517
45567 14409
13164 19344
31393 39560
11642 10276
26100 41812
20916 40078
19101 11137
45545 37888
41478 36226
32179 15054
37741 5668
15888 26981
21358 34195
24646 32062
18370 14185
25752 38770
23922 31031
7464 30328
36953 18296
13095 951
38813 28057
35759 16165
11792 16242
1764 21450
30253 28459
13740 37976
28735 14576
19093 9763
45406 333
4533 27380
26814 2899
44105 2626
9122 30845
41507 33045
19847 2204
15862 34808
16560 31410
43167 45656
10102 6423
24707 29652
4848 32460
29431 15763
39187 5446
31408 36602
38158 815
26268 45427
35021 26649
33202 14288
45332 23489
27414 19385
35629 15668
2410 5947
23563 1044
45983 31444
35187 43846
41824 19978
5570 30100
7168 37381
16269 38251
43097 1600
43562 29809
23266 30394
10902 9085
42402 26566
40153 12121
2904 24276
36912 41079
42273 30429
44399 41511
42385 90
26190 41112
21732 4634
28211 21818
6944 34795
692 2144
16957 19438
14550 27912
33468 17681
34000 45748
36569 40141
38045 35550
45067 37699
37699 13576
14486 44871
29215 5306
24519 40663
25634 22001
30348 3593
44536 33734
38574 44215
45249 23855
9880 3380
22608 7273
1610 25098
31639 23960
6852 30498
19362 40576
27262 2679
5627 23959
7607 24015
9285 42479
22829 36621
20441 4392
22484 36750
29841 13417
13558 21950
31650 15640
22827 35366
31206 7443
6398 42536
28716 31359
45664 38019
29652 13750
20901 14775
4403 21002
19679 23116
2929 17522
7543 33002
1481 44580
42466 27718
44378 18163
10772 3570
15986 4153
33817 24433
11433 22625
36170 29650
10495 31866
21692 32864
36691 34517
27943 8042
30282 30813
15195 34859
26546 44454
41272 34922
12089 19154
12216 29621
41975 40695
43078 24127
28321 45432
25925 4301
1914 12344
40247 30008
12932 5722
29464 5255
38811 25604
28152 11719
25483 18899
292 5043
14077 7168
13487 10799
18242 18085
4101 7342
6669 45684
35186 9697
12253 32528
23973 9864
21364 13387
12916 34124
29987 41110
7469 1488
17194 19214
43956 27299
32079 44722
34585 35484
41885 8653
20540 31058
39124 22722
25470 27534
40063 29089
25726 42251
38470 1408
7487 19105
22802 12391
23068 4126
40460 1445
11307 15226
44145 34054
19494 37926
40271 22466
38678 42340
5555 21385
44048 31861
8779 38887
20525 43638
7725 45670
15636 34745
7665 35945
11997 29181
45446 30016
9265 19929
33478 37176
25459 8648
27410 20087
39088 11255
9036 17040
25147 14863
27725 31736
12174 24373
41649 18884
35218 3102
45445 9722
42288 29880
11354 10903
36367 40543
10936 10538
18930 35083
9195 18694
12262 11946
20617 11493
29557 45408
40594 43671
23530 10059
629 15592
31760 7663
8948 2697
12788 20751
25163 37653
36804 8289
42800 28895
32439 17067
44873 24227
29089 12092
32028 13446
10962 36864
5418 2274
37054 43618
2023 20772
14453 9696
19143 24440
2143 29389
18013 35381
14736 10656
35233 34973
18919 19764
11024 7962
29972 1634
37071 26514
32461 32730
36027 30019
33477 20986
7420 10228
37534 282
7485 35793
17557 33254
35594 21711
24043 42418
35524 19370
2727 31059
28926 37600
35806 43706
14323 9640
6712 37044
16223 28974
19511 22197
2113 45164
17224 7361
22845 31391
5701 2627
28775 9138
7694 36108
15529 7660
13755 20191
38531 1626
45164 26322
22979 40470
39995 14442
41470 29228
28061 23423
10878 6061
40381 21389
9125 3607
13542 39856
13563 42030
3891 12790
37361 38236
22992 34501
34884 14559
18422 18215
39116 12827
35309 1478
11035 5479
21211 35286
19179 29194
18962 44373
37535 44012
17521 5727
33713 33541
44519 25849
6241 12744
8886 32144
26975 20825
3886 39530
18175 39655
42985 33526
8316 43698
45969 23663
8697 26055
16363 28026
9585 24225
21109 25305
16224 24434
44318 799
25737 18655
32078 22605
9318 23027
37843 29202
41446 36768
17611 5741
41145 14136
27147 29113
24588 27238
29622 29000
4950 18916
41526 10735
6102 27777
26402 27145
33792 9147
18234 38482
45529 39187
24188 5642
29799 9414
31985 13618
21450 19873
38140 31105
163 34427
6105 21982
30045 4333
41605 38711
43526 24627
45698 434
23477 26835
4151 41865
35025 17913
26065 27166
14276 11462
28158 36426
13884 30286
32422 37219
17599 8974
21160 13059
18586 12191
22136 25020
35869 18971
37876 36299
8559 32152
37103 2768
31808 19792
22528 38353
44732 19918
3173 32382
3011 36654
6526 30373
41038 14715
30120 1759
1068 161
8143 10095
28921 17215
29919 19672
45 41980
28037 41718
13260 30969
45128 8139
8646 42849
42599 43642
19784 27339
10419 11756
17959 32237
6118 45079
42900 42257
23622 16040
16410 1865
5402 7823
24370 18168
43550 32313
42528 4373
10848 39249
3394 23709
25975 38081
41000 31490
20022 37066
45839 28579
15345 16903
42958 41157
5977 44952
6238 31198
72 45499
13987 7838
31249 24459
5108 33589
38908 37701
14824 1150
34043 17010
44564 10673
29168 38120
609 3835
529 9578
45587 20951
22517 30215
7904 45435
27677 8880
45485 23422
8663 10703
31307 3467
4642 17870
15005 23670
25105 27494
5855 41698
6713 23330
6764 3193
20536 18997
19612 19115
8987 34709
25083 41874
8726 5035
42047 33677
44377 12702
9363 41159
4484 12010
34768 6194
36916 39241
556 10954
39998 35633
42600 21143
10756 20724
28843 44891
23016 19732
13963 17791
41162 44922
9921 45742
26982 45112
40376 23759
44995 6281
28993 35024
14238 38014
5682 23045
6585 846
9176 8976
8072 33959
38639 18443
25168 24446
28141 31779
20612 27001
9164 22303
16239 10685
18152 6713
42246 14279
5522 10129
36268 32990
39388 14491
39323 12349
39820 36613
18673 40202
45252 45198
1758 34450
43150 34872
19769 36118
13465 7469
33932 27352
39776 30179
25674 5007
19369 7640
42348 8601
3577 1139
15686 31426
32433 22821
25290 45289
7389 23762
15800 9111
32741 28963
41818 39168
38924 22417
4654 11286
34622 19968
791 1885
23665 7773
20741 14573
8650 8436
25352 45498
37250 9330
27582 45092
23948 14849
35807 20148
44758 8215
11323 8534
30869 5152
4784 27841
1094 45274
38494 7322
4426 5095
904 1233
17183 31737
14139 2787
2611 12869
3963 7066
26082 2150
18776 43240
41195 33652
32837 38875
45994 3885
26364 30742
41979 7794
35236 16582
40374 2837
10007 4342
18185 19769
5479 674
20311 6325
33509 8113
13317 39440
10183 13462
35153 38510
21414 13109
25607 12110
38433 43949
41570 23039
44634 1918
42150 5950
4333 9540
20328 18179
45789 37995
28672 22796
15640 23082
3795 10523
16023 32810
28475 40171
7602 15849
29713 33090
40128 37371
39901 4479
3607 6495
43653 37889
43127 917
11512 34658
7828 14222
831 12554
8993 18472
45974 11258
744 35202
10737 284
32533 6468
22722 14026
34276 33043
33897 31111
16991 24017
10943 45753
24371 38626
8319 12133
17614 28814
7737 44141
1924 7034
21956 11853
28137 23254
17825 24879
34332 27794
4186 14043
17233 33702
37792 14913
41126 26712
5051 7396
32516 20597
29832 8102
33475 30534
23602 7230
3634 34061
32743 8908
37152 32494
10937 18893
24097 2662
10310 5391
16720 21504
6744 32356
37612 7584
44180 25218
7559 18587
14969 29947
33347 39348
2887 20448
806 29096
16027 14803
3014 36302
30918 26692
23854 19045
9836 28047
11729 12373
2318 31174
36233 44508
42973 24081
27484 11751
14714 838
21090 44182
27280 6893
20968 25977
17778 28709
5105 34254
37457 43159
24433 44337
7826 5571
32902 7814
44128 9396
3452 25875
11754 26256
14627 45550
33802 38703
3010 6667
26276 11058
4518 4241
30481 23837
18502 13048
20362 22193
5662 13125
36248 26496
29934 8046
523 15262
24178 27834
13152 32710
19110 18253
36950 38137
19918 38906
40811 17890
15898 42195
30404 26230
24136 23338
38778 31184
32333 43692
12808 31755
35820 33517
16065 18278
9868 9659
418 29795
26873 7081
1567 8008
35491 32070
22704 32590
41678 15128
45447 41181
96 8822
24660 1948
6813 3464
13448 4472
34722 32646
15609 44441
32246 1754
3926 11738
9331 25077
18339 39623
6097 44513
2878 21428
15170 10010
34063 19842
27071 40762
45931 6314
24412 5015
30046 43325
5565 32257
38062 30542
6264 19239
33124 43391
8750 32631
41761 32130
25845 33083
4905 17149
37213 35425
28508 35824
43414 1159
8567 2071
15518 28208
19116 7808
17105 25142
20645 29499
45923 20615
21382 29004
20845 30125
29672 2359
17823 2154
15310 11592
4895 36482
13285 19861
8921 10758
38320 32210
7142 28226
10185 8814
6925 20478
10773 25499
29463 31946
30544 7169
20581 37281
26642 44239
7913 43259
35123 36293
23481 44917
13608 35350
20206 37501
30366 30791
17368 31190
7859 36848
5926 10244
10330 3653
44962 25650
19938 17262
45671 32421
39539 24760
2644 44335
21483 23119
9721 18641
5978 21004
16268 1845
23314 38697
25969 2957
33651 8402
3209 24014
44380 22864
19585 38271
17051 1763
11395 40971
2037 22365
29636 24942
36435 6380
36053 28060
16375 22620
6208 23421
30281 26997
9162 23021
7960 3700
784 43336
4042 16006
14568 16228
12985 42473
24396 20454
44977 38833
41308 5567
42251 45089
5508 4293
38164 19983
38412 22125
16963 11127
4915 1292
1429 21373
4226 30207
12960 43108
42336 27688
29061 37228
8441 33736
6028 27602
21729 17474
2799 1338
30212 45611
3319 30783
11010 38535
37611 1458
28388 20744
25887 24756
32515 37379
1933 25579
44776 21131
27962 37522
11326 6405
23197 32006
14072 6558
12266 45277
18022 44245
18341 13495
29230 22018
9741 32554
2271 32950
40579 43738
40435 22253
16108 10921
42421 40294
32696 19630
27001 23812
36090 28574
31394 13223
3997 32569
5749 41645
18336 4937
25102 35117
42117 14030
34460 18833
16329 17378
41338 3116
35630 19486
1280 37587
25068 26348
23535 14804
31437 40932
35686 6027
31764 37893
22547 6209
32925 38789
21077 22076
25453 17916
17724 4409
11785 37122
1709 34804
20898 27991
39133 13746
14354 5025
1921 42700
18412 33073
3840 19655
30913 28372
34697 43481
23425 35387
38273 20536
15255 13113
10462 27153
6563 26366
16244 16467
43049 40958
15805 33776
17468 29703
34976 35886
3665 11836
14380 1220
23253 41147
11385 33832
11541 12226
15503 32716
38832 13957
20841 43307
45720 30625
23514 17560
38769 41808
1849 34913
45912 40267
23048 28425
37202 37102
36937 41076
9313 3925
36904 34228
32259 13150
35529 23874
20255 30310
11506 9683
32142 15754
2488 9862
5916 44913
15246 19679
39431 28534
14340 26887
1307 20884
31326 4223
40248 41546
13204 13341
8552 27030
22332 17494
11631 18812
21207 10525
3904 16807
1437 45014
9681 39403
38445 15476
9284 26599
7270 9828
34492 12578
23914 1816
4754 16095
24484 20352
25926 30420
38406 31811
6622 36689
22057 28583
21143 27658
8943 42397
28631 2426
41895 13238
31930 10444
42545 17873
20794 8942
11417 1910
36830 16935
45454 18205
40221 43167
23385 36092
14631 11534
43617 42225
38598 31841
11492 1305
24798 3626
20108 5501
45122 39427
19302 19529
11647 4167
118 26674
37542 23819
25664 44019
37191 43086
11933 5919
20855 26011
40068 9212
14477 15470
41920 7336
37064 32785
6823 7907
32518 34208
9218 43531
21704 38039
5100 16503
22729 32536
20940 5915
11003 15603
41694 8014
5815 20540
43911 38295
22004 25556
29271 15463
747 27714
13742 9456
45428 7001
4443 11479
22970 14032
16821 17993
7081 28802
84 26764
3156 16667
25293 38633
28720 3666
27503 32137
27134 24557
32315 45851
24820 7404
23019 35766
35785 27773
24599 44744
6648 16145
31424 18202
37884 9497
42662 23790
45034 31145
14784 20197
29576 1382
4831 42297
2190 39703
19328 2282
1316 43400
20888 3584
17114 45265
6864 44014
22401 15708
11149 16580
24607 36224
10546 25212
4916 20269
35852 41875
22148 45916
38931 23781
40216 7999
31637 35056
2032 15492
28268 28994
42837 25459
10814 516
39802 25755
28456 16747
10296 19720
3510 15432
6637 19492
21699 13788
13471 10501
12451 28761
26823 41377
36315 20787
35398 42234
17385 26627
43293 2221
18450 17960
19491 5250
15568 32224
6286 30874
3253 27064
25750 21806
37472 27681
36023 6580
32175 45776
10066 17103
3573 33184
23648 4350
251 23060
28024 27583
5743 39461
19304 35896
43387 21416
40966 29705
39336 45562
31479 3415
13086 42034
6357 42048
1687 12042
11196 41298
41825 29059
19125 42016
5370 8919
7570 202
20209 26258
26049 41177
30864 20025
32054 20561
43322 37737
5973 5390
42066 7264
35660 10344
25397 16359
12117 42545
24316 8526
24999 38930
24210 44942
12228 26891
2925 20933
17256 29589
30479 31351
17263 8750
14828 17084
17601 11370
36979 45054
4040 38865
9905 21469
45644 18468
43744 13020
6338 27165
43788 24092
22531 11921
35485 25789
27132 24729
38649 37382
14911 14712
36281 1359
25370 1506
27436 36604
35096 42409
45028 40109
31119 14989
15444 5832
31213 30306
19586 12994
5175 17157
25874 45958
2276 11060
32906 3263
37436 26283
33871 40502
37453 28109
44403 17050
40651 9782
9664 5837
7883 24113
29429 11150
11330 7691
10956 926
13887 34462
12631 28519
8270 29735
2797 44146
27747 32385
5136 7767
28534 13314
13233 12488
9692 17446
38998 18872
16901 32386
20956 25040
4392 8533
5704 28267
25435 13541
36462 39328
26042 14128
36180 18545
21374 44381
18102 12411
34059 27416
30026 11821
811 26774
45903 9565
40833 1886
34247 19019
27499 17158
7375 15433
9807 40481
9713 29556
37133 16274
38187 38202
6923 44845
36877 30027
6619 5619
18750 677
22536 30729
26929 8730
17311 21185
25104 45418
42913 13908
31824 25133
37489 27741
39909 39138
31002 16793
11286 4788
18050 6245
26410 36504
9428 3851
40518 3416
39889 21815
44618 15391
45460 30864
26328 23220
2542 39740
21725 43961
45254 39206
15570 352
3231 16624
31144 33066
17602 40610
24409 24966
1326 19826
22143 25867
19862 43992
20379 24308
18373 8667
32219 36672
45626 2696
6437 38043
14940 17059
8808 11133
19693 33014
21029 32299
17657 22229
27314 30677
42308 8646
5852 5876
12317 20796
28949 34762
13854 28373
26685 9293
31750 17066
33850 2895
3684 8381
33769 32717
4301 18416
20390 23632
33214 28187
26437 18542
8890 17251
34360 40170
37269 17286
11387 20514
12633 28559
13155 10813
16351 20680
2168 32197
29914 9914
3314 36417
23618 43085
13049 41724
17956 28836
30424 3488
33104 12382
26015 15065
41643 12003
8119 2351
44642 30819
2003 17055
24410 10719
32034 30615
38932 28602
29236 7604
11639 32435
38462 2674
22922 28936
22561 23365
10717 36757
16952 31799
45145 30000
18683 32309
1799 7373
3254 9703
10677 8104
37504 22912
14046 6133
14507 13352
42427 18620
14753 11840
44414 11030
13549 17878
17635 36913
42703 43460
26838 38383
33639 13920
1315 38244
44709 271
584 34473
31071 37408
11351 11834
39397 27291
555 5036
14665 16133
16541 32645
39869 44362
20019 6181
42123 21539
18048 1702
27775 18631
24673 44651
22854 44607
14301 7995
30586 25833
19802 24482
44381 38689
34121 6952
40869 21204
26028 10078
38305 1893
6706 5313
482 30162
33523 43224
43409 31448
24526 29757
36796 41180
42425 17651
38914 38942
39915 43124
18526 381
19561 21590
44854 43003
31572 40788
4184 29695
22039 21294
18120 37301
41983 8476
21309 13853
18146 3191
17115 42182
43000 18544
42695 21180
19582 3640
12345 4635
9826 35859
33902 39472
15749 24995
3721 6066
39324 26140
26483 16723
43289 11667
44615 15734
9171 26144
1669 5846
42953 1345
19373 13647
17002 10679
27432 25461
26516 26372
25446 18674
2315 42413
38210 42865
37490 7904
12447 19566
22490 32169
14573 28336
44979 20323
35038 44890
41833 39552
31178 8605
44032 23531
23495 43616
19674 6299
43098 24082
36586 13099
11871 32088
19254 29193
6397 25434
30854 31224
8385 17596
36637 36901
11998 39344
44546 27727
21997 5913
42890 27692
5853 24133
14566 40231
14637 12214
20126 28450
27557 41333
21714 27920
24359 6092
17077 2651
38376 33643
19271 22397
30394 30378
7719 44332
30838 14696
3518 42442
41576 44974
38246 10163
38032 32462
4668 34556
12750 41259
32800 42417
7853 34386
44611 5504
25014 19052
34724 30686
27074 28663
3544 5190
9882 31301
9003 9740
13127 8375
22458 19688
26817 16296
37317 28032
29988 19365
9387 37260
20735 3128
11820 36110
5297 5016
31955 2956
21800 33648
41356 7054
11589 33467
41583 27848
3802 27068
309 6193
17926 30452
13723 43310
11050 37256
37768 16606
10384 23296
32085 16703
5770 38376
8481 5359
28424 32994
41517 1067
28142 7467
28117 43358
31287 30336
25122 11768
306 11942
2473 25753
34982 2967
13069 5459
24452 27280
923 19507
21117 20575
34802 38484
12490 43927
1175 29488
44352 40883
271 17372
41071 22370
16307 12268
14829 13833
45451 12130
22568 5127
20454 39588
8450 16995
6732 44133
25137 28430
32987 35021
38580 1175
20062 384
10946 25883
4279 7647
19543 872
19060 42979
29880 31269
34098 30158
39084 26549
34349 43105
22141 39446
28421 31898
45009 19845
8769 40534
22462 40419
32125 23641
23544 45264
12349 44159
10806 45240
1254 44244
14970 25887
14702 19835
8599 5744
13841 8198
38647 910
33072 12505
11075 7335
24025 1042
2449 45616
24589 1758
41965 13713
16764 31531
35045 42509
40838 42582
3185 15846
3144 28560
43383 41030
7086 35297
42833 12512
1294 5643
3162 19721
45204 30372
7589 9711
29119 27649
24921 1430
35867 7633
16564 10886
31091 9990
45998 30900
10036 1287
13468 29460
45561 38354
44941 15901
41309 13195
610 19323
19734 37319
27583 25673
43363 3338
6618 21880
43417 517
34099 6729
17694 41315
40816 27243
39691 32487
8990 37924
27449 39049
6876 36327
33528 19057
40482 26194
7716 31858
18528 33644
7472 44478
6965 31976
32620 15199
13019 34624
13091 1247
17236 27657
34285 37776
13217 20700
23457 36259
26854 4163
19357 17554
10511 42488
2583 27338
35923 31021
32530 7664
13612 32427
45103 40810
31501 42349
21667 22726
15369 29382
180 45713
836 28589
44017 1364
5833 18876
7238 12597
37628 30753
43846 28713
32382 15212
9775 33269
5904 14399
33536 38513
4919 39460
6639 43055
16771 30702
42228 8596
15150 19228
19401 25584
17310 27320
3283 44113
6542 42763
11450 23610
2586 30955
19043 10619
23608 40754
44353 13580
20494 18512
27919 45266
7596 5649
6226 43717
3008 31647
9070 8461
43474 11357
42415 13074
21540 39699
23431 32256
28687 6613
40751 27262
17584 32357
6092 19901
24421 15383
22461 13726
11985 36493
7461 3084
26231 1189
29920 23514
17815 17093
25279 23400
45214 44364
