41906 11985
7297 7461
1640 26266
48599 26231
18025 29920
16050 17815
14629 54769
9145 25279
48266 45214
6718 55750
44349 31343
48541 52423
35742 27640
5698 42523
38699 52227
27652 10931
2083 7410
1953 8685
6141 45625
14329 47607
15248 3844
33119 55336
39454 10447
1740 6797
36782 27265
13032 38716
46926 31633
42591 52578
45963 37287
35714 44460
27494 28716
14447 11880
29440 40064
38619 24888
18232 51064
53047 23502
56971 40066
426 1889
49730 56530
52811 44858
10464 57669
45754 54955
27697 47663
22299 8563
18211 31660
10190 31990
14111 7402
50037 26954
22060 28881
6699 3013
6079 4151
24899 17146
6339 42925
23527 20594
55542 811
22542 46175
39566 56908
17336 44429
52896 34395
2848 50301
47824 48735
30109 37792
35143 47434
8181 37029
24808 14680
5165 43899
36179 57223
19214 22171
54356 34020
41199 34283
40536 45105
56473 45914
23701 40517
37838 6242
12602 28368
46175 43367
4559 47622
3004 16291
43337 31584
14936 22660
50664 43497
18966 44322
5230 42036
56055 25224
15257 9743
56786 54987
6620 54162
24912 36592
18218 40168
29715 3577
41661 764
54665 42166
23910 10285
10660 33133
24261 55630
23284 30756
13731 55829
43921 32496
17497 56979
45995 10840
44797 4907
42470 49246
4680 32221
39921 21014
41614 15788
11216 21686
35006 18230
47785 3300
16044 33223
10709 14596
30295 36078
24868 42161
17692 24815
41944 26430
45100 53550
36501 15401
14393 5167
44867 30088
21253 29111
55238 52512
50353 37555
50856 29367
3666 5769
15011 56138
53858 32667
2104 29300
52760 20714
20674 7780
26291 32596
17547 48840
4338 42820
13827 1165
37171 6727
57434 26440
47050 27024
20623 2349
13935 36513
42955 35986
32718 12
25929 54127
42130 5957
30072 51891
9364 39598
17360 40572
9151 41782
16163 19963
48824 33315
36790 36854
35323 13557
17220 42900
48957 44006
38312 29899
28078 22339
38243 23813
26176 54088
23724 3557
14374 53516
9066 14610
33393 55334
32344 29784
5958 21757
49531 36711
3088 50294
56434 40617
7186 39319
10017 31008
41121 46967
10485 43069
51910 23809
44597 46919
27667 29658
39087 7473
4164 6386
25217 49763
25010 43183
39053 14533
30675 144
34677 22372
16477 23275
36257 54388
56413 41528
753 52424
44584 19136
47234 35894
7508 34209
44677 24504
35191 46013
49210 6968
17487 3001
50371 10759
42007 32272
22294 9205
7311 53861
19235 46980
28493 48662
10366 47289
29736 26819
213 7010
47324 16666
57400 40033
47165 12840
17262 12291
32807 7914
49936 55850
11709 25749
33272 14129
6974 29953
57051 54038
40980 51212
19559 12490
55160 46976
41875 22147
33271 7063
39910 49621
13036 27163
57834 3048
24505 41501
49972 54885
10588 44050
35349 38589
51029 8076
34758 50604
38 29525
39253 29976
21244 43153
32022 38622
1277 33044
7332 8824
23789 32692
57588 285
54505 34758
52873 48249
20154 3184
15693 36257
3797 28365
15786 54973
57542 38347
37183 31650
5162 57853
5614 51189
47967 11614
31850 45339
53479 37917
4536 11381
49847 47874
34912 53428
50190 8414
8242 6787
8415 25390
43238 43092
31149 39358
36032 39726
10822 21093
17371 33038
34582 25210
57176 27438
39754 39912
27731 45385
13881 49963
35344 16269
49498 17931
47837 26075
45212 22470
13183 19279
46724 29678
20429 52744
26149 8741
44020 9056
57972 27050
24473 39488
28712 45877
33920 49049
29589 33574
7931 19590
16247 55252
14726 45974
4197 35902
22157 56408
1379 20573
38556 46654
36302 48289
15081 36280
38565 41457
14433 14244
472 13166
4653 13744
46390 40906
41360 46818
3859 19044
15004 44998
4418 22630
2059 44065
56338 8695
21655 46557
4644 42605
33696 11654
15598 33024
18251 35553
43843 45503
31813 41739
14041 21128
35340 46554
8672 7564
47406 49859
37424 23085
37763 36850
30977 31482
15926 38195
51421 37398
30997 43723
52921 46539
26678 27360
12479 44188
6182 49013
6353 55142
43188 34990
28250 18739
23220 57507
27760 55529
26942 27682
30607 52974
56613 837
47781 34258
3551 6978
44130 1657
42825 24961
42349 9525
6450 3478
3973 43926
26387 3710
47725 13101
22237 17497
52468 49165
56471 51481
7162 10548
16296 18784
12557 44787
12466 16421
35147 9597
29401 55010
9187 4066
27649 45259
12026 51404
18255 19343
30319 13370
16372 49388
57311 35467
4941 2118
29042 23507
52955 53349
56450 29662
56097 6717
36067 40378
6417 56888
3316 44272
42739 48464
35428 36824
54790 56679
968 14701
6113 48655
49386 42410
55621 36784
15492 25487
10900 15572
26635 33484
31827 51401
31547 52222
14009 52352
56666 45622
26283 18851
3843 45413
10790 43549
24837 3079
142 25008
25587 25399
17381 27301
51385 51650
51455 44902
29820 20491
18695 36185
27723 3526
45652 850
47875 48738
51339 16472
36423 13310
43377 40670
47082 56941
31895 51179
10145 56391
12446 57025
19446 29037
14268 54394
3833 14782
37958 41536
48218 46179
35534 46501
3995 42444
49020 24101
20553 49487
3747 38561
3287 35823
38285 48396
31247 39544
32955 12876
55884 50866
34808 47508
10318 12682
3728 19280
33282 29414
5251 11628
55794 44739
12179 4881
4491 12254
38997 11390
4454 48175
44251 33676
56481 7822
15415 24721
26462 2664
7857 28083
37335 18292
16136 36478
37941 17318
38963 8525
2605 10547
40592 38273
5373 55445
27475 16713
43082 370
38252 21664
37043 30562
34262 46511
20734 10146
17090 2618
13387 10074
43892 21144
46937 39118
20591 3333
15643 50703
17408 40985
25939 40345
8578 55257
57732 43378
42304 19737
19661 32149
29965 51768
20721 37531
49275 36056
4755 23468
611 4777
30035 51383
40709 46379
36897 20832
6553 34433
4802 14416
35235 12051
13970 34119
33154 4469
57624 51529
8681 33105
22873 10445
4509 27259
16010 35592
24218 35196
18677 26439
10339 6026
28717 22899
54641 14497
35601 13983
46108 43473
19826 21751
40087 21697
52895 23646
42859 19240
34665 14317
513 49327
43770 40520
53550 34767
36347 31121
19621 36788
43476 53982
6789 49292
8801 42553
17333 577
7565 7519
7015 43840
48656 22676
57820 29208
10188 15752
17849 42092
18466 40220
39639 40707
13804 15980
47030 2614
22472 44732
13343 21033
45056 24994
41566 52181
55897 7431
17301 25289
33123 16816
32017 35405
16458 47447
55451 18536
3330 1620
6049 33874
41569 53878
57681 50496
54353 24574
18133 33706
2890 52614
233 33341
21860 29201
50537 31904
8574 2874
41754 19428
17168 42699
10590 12617
48578 20993
28957 33679
36155 5397
46247 6289
28029 10971
36760 50681
634 35257
57772 34945
4932 481
45287 41087
9769 4291
35756 13814
2362 43932
54697 41256
24197 50698
38176 13971
36211 56686
9706 44919
28167 27801
8353 54767
2742 6811
20203 13473
23898 35243
52175 54313
56408 46055
2615 48587
23450 50804
13768 28524
44700 42374
16354 53527
43709 4727
6737 48949
23179 44961
51126 10077
36693 1557
57326 30096
26633 46981
40676 21740
49118 2483
10129 5736
15515 4801
56663 57844
10650 11665
52422 52050
53135 16510
11604 36575
27021 4617
1625 37681
11755 53846
48272 14919
21771 16951
51275 26715
26983 25431
52576 29565
43904 41302
56628 26506
48173 28379
53134 20736
16264 1107
17486 25527
10434 44126
51602 7754
45959 35051
7085 387
25071 42037
57159 47205
2538 40525
56269 4145
30848 49543
14578 48887
13080 38379
53516 2983
30167 45934
22916 55591
20001 4758
53775 23443
52124 32954
57104 6956
14916 18995
14610 51570
1551 44950
43256 19750
12657 39752
26114 5670
21513 18450
18259 50154
56647 28684
4550 24997
50681 25895
18293 53879
23013 43302
42041 2020
33385 31064
26194 10245
44533 34962
55291 14410
35142 8938
21703 48940
1809 25625
7560 52218
17119 52264
11703 55671
38050 35765
17398 19332
2508 41553
7105 9443
39097 19534
28480 44387
22655 52103
47746 56829
51540 47798
20558 42464
28600 24454
39729 731
33517 36276
7579 57329
25245 36378
37788 9266
12458 8077
16694 2738
2909 330
46451 37534
28578 39103
111 25827
34074 35203
52856 35883
35288 5579
45014 19969
47149 13767
48625 49041
48303 48591
43951 47576
12913 22535
23870 13877
28266 27044
4586 42332
43532 55802
21640 33591
40840 9336
20573 10549
57519 12059
55576 14470
8168 40429
47170 54707
19682 16564
33235 12736
20270 7512
43706 11886
26765 43974
21377 52407
26372 37179
45693 55854
19377 3565
36334 55797
8342 49221
12573 35970
27555 30230
43577 42250
24848 36023
44389 4794
49030 19049
11406 44020
40339 4415
37297 16430
19724 6436
26613 12938
35910 47553
54640 38050
27 31929
19915 21683
18804 23406
13775 8403
28174 43995
51496 42958
38010 15371
39759 6557
42907 18687
21119 40601
30474 4575
28953 57593
28978 20827
44278 31842
14006 29534
33501 21519
31011 40393
52019 43216
52169 20033
48232 45447
11121 38285
43179 9988
5558 37065
18599 37150
33781 23888
43507 52934
41481 20732
40584 28070
21967 11052
6121 317
53637 20527
49227 16134
15393 51490
44093 14518
20344 46675
14723 48485
52859 41998
13051 28582
9657 18133
1601 55058
3029 23560
16047 8802
31139 44537
40061 48037
55689 21730
50364 31455
4773 30334
29847 29187
27161 23511
41273 50776
37728 20020
12743 31915
47078 36155
45637 7133
25165 11520
32400 42307
26192 39756
15990 5373
9672 55168
42996 18391
45065 56277
364 57913
49216 9176
56390 35299
50466 12874
6986 17252
51015 48074
27863 41067
14342 5012
11527 47673
52699 4942
45608 1221
33945 55679
30445 33239
3292 41395
36531 2045
16332 53258
55597 38135
7954 37939
29915 26551
8739 50411
52522 38669
30451 13944
43751 2403
34809 36150
36630 17080
39024 35617
20795 35369
49497 30940
29005 42855
40151 57455
53413 9741
47139 23975
33082 25723
27967 14635
54433 57778
35906 38641
29224 48053
10431 56176
48737 19071
56459 8775
31109 30455
29496 32842
16987 33451
49269 5935
16204 26004
55042 23847
41790 32911
18174 695
50189 43430
50966 15656
34164 55574
31759 52858
41075 40242
15680 44838
17997 10869
28828 49625
5078 33695
46763 9200
18726 29244
15368 10435
17808 11741
22011 37117
20953 37082
35400 57296
5281 57161
9069 9582
9885 48230
15156 47973
25103 31687
45479 23515
10015 2649
46296 14341
14022 49904
4210 31959
27189 15188
26713 4120
21685 17325
35561 24212
30535 15337
27249 2806
4081 43817
13556 13552
54585 33941
27535 51870
25525 23675
50450 25435
38279 30781
45582 29796
1281 3044
56147 2616
50175 42502
37729 21239
24929 6765
31260 46121
387 34169
23053 41522
19570 54372
49380 17924
25559 54715
55932 48622
54771 17257
27461 37922
35273 35675
48990 37367
48145 11394
35792 24685
52421 42840
39535 24807
14454 23941
31997 38515
14381 42818
17888 54754
28563 5102
31828 33861
1903 16488
25485 24664
22029 14608
43836 33841
44509 26598
52308 23128
26498 53559
47460 56867
10817 22613
55084 31907
30631 51948
8365 31596
40781 57857
35005 433
1768 32889
25823 9108
38791 28830
36988 10854
43451 15073
1777 5053
5502 33721
42124 42171
28090 18404
8894 13862
56810 9847
30258 12250
11910 10313
3296 23739
17050 39455
24845 47010
21454 53540
13872 7755
29800 43327
21421 15096
22119 27173
49888 53162
24847 21642
18236 47203
49284 7428
54521 31557
27628 44252
16533 31380
54717 31394
5368 13809
30823 38719
1271 10568
49089 42419
35352 54616
3414 26929
22936 1472
14695 15970
42608 2828
4497 8382
51199 37585
42714 38821
2639 10560
49430 8830
2034 41258
16206 33597
13066 2569
55000 37505
1336 9625
40720 3665
9987 10902
15634 16926
8273 11799
31036 33859
43874 26572
7497 39280
36961 36937
14285 41788
30477 57242
45841 47157
16794 47709
50260 43369
24176 53825
10997 18577
39708 5620
39797 14195
49017 29439
47079 39750
7507 30895
50974 56840
53694 31567
10733 11179
20385 14377
57418 54419
37925 26921
1683 39377
20445 9353
37736 52076
44391 38185
24597 53770
25996 50299
46860 11920
12998 40843
4981 43231
38804 33477
45261 17336
57218 10992
41107 47461
15916 44931
6679 22458
45692 29719
50626 39095
19765 38706
55725 4512
44844 15062
39349 24787
52792 25262
7934 8665
52182 7116
37089 1086
51291 13262
2692 34257
22755 56335
34914 33054
28075 44851
43354 27512
24286 54167
4520 9802
33159 39683
42438 6312
22363 57590
830 31187
55678 40289
27529 39310
53893 2559
32126 51372
6917 34828
28412 32987
23737 49309
41654 7702
54311 6108
30130 31605
46355 43214
10027 8542
28541 39550
11544 35343
48091 54233
34194 79
42629 50782
17701 44471
40365 42549
52967 28279
35270 34213
50767 27570
31687 24274
30466 2847
28546 45721
54116 34723
47909 28113
38829 15040
17590 52580
21123 31597
55818 51745
16089 50376
54443 24985
5680 22972
18280 38604
29544 52732
15982 48588
49184 49909
30456 54867
37346 45660
39999 37757
43791 6404
24838 27885
22047 57213
1881 16681
32395 31270
55769 50192
21301 15238
11918 56299
31953 5494
13902 18565
23254 39210
52287 35634
16932 26782
22305 16896
18328 12388
39070 359
45953 46475
18106 48736
36425 51736
666 467
33858 37879
12522 34246
5611 7723
15818 34064
47191 472
26636 24578
32020 42897
36385 13463
49688 45074
15750 52710
45260 20703
31202 26795
42330 23742
46652 6986
32167 10144
29372 27924
51966 42702
1131 38363
6099 16623
19284 17125
14523 56032
26503 35135
45337 27759
15946 37007
20068 23963
43514 40101
38113 18060
24185 44605
31016 26048
36273 49478
34795 13350
22529 27082
27886 36183
48886 51367
36071 36541
21679 31620
23057 11713
46063 24263
29737 36641
17755 36367
20095 31704
16476 16632
15109 20097
7908 37857
47271 22568
12622 50738
20680 46236
7836 26092
48686 48221
35119 9049
49951 56034
45231 56612
12134 43207
12553 7805
14181 49009
48406 15059
31733 29269
18121 51322
47487 45831
38640 10604
49821 6572
34383 14055
39112 57761
18547 26252
6589 51517
54568 22180
12722 52485
19415 36083
14909 40241
23651 45683
11760 44864
19810 46321
928 3412
46401 10535
57893 25501
8296 41673
17978 347
2983 52716
3574 5970
36265 53953
19146 57673
45706 30912
8276 39338
41804 28533
49335 5777
32171 4200
6724 17242
804 14534
37622 24304
18635 5246
30763 39914
31374 2475
28867 47481
22329 25188
12083 26257
3368 40237
16547 43004
56474 34145
31309 18775
7477 46636
53879 39156
4283 3766
26261 50700
32228 53755
4856 11487
37816 41963
41252 32399
44988 28769
3514 702
9944 13220
9778 55743
53160 43050
36887 52686
19913 33958
5583 18744
16266 12763
7763 2203
36574 51378
50099 39290
27275 33460
39736 33805
39068 45774
51822 15183
40529 40318
14791 11108
50836 44173
34248 2364
57160 23576
29525 15680
29015 42928
19488 19
56372 10319
38570 5692
28104 18084
20014 51097
37266 26178
40700 23143
3948 43887
39953 25897
48503 57071
6504 38410
49987 13128
13618 33931
40994 1008
13830 48296
17344 46113
43282 4497
5321 5910
10293 36019
15720 18645
11392 47589
36176 54380
4920 36643
10259 38204
176 22813
26773 22773
56824 53446
45179 18122
38917 14831
30797 39739
19088 12749
2140 29804
15171 26474
18882 37678
46332 305
18529 17112
46071 11472
56336 26682
29756 33177
4665 57676
45049 36611
15298 4744
17338 32976
51632 19285
51856 22281
40964 7669
38653 52622
43332 33639
52685 16889
12965 35253
27862 53291
7522 51996
35689 37677
14734 16394
42444 45495
9765 29018
17409 24713
54175 36908
9322 31696
57897 50461
3909 15944
10874 49642
51946 22261
20160 50830
57586 30072
49084 44669
54018 30194
37304 38459
18915 56494
28781 1793
8150 31587
30717 7620
45134 16897
19929 4428
45858 25079
26379 57819
17842 51686
32799 14443
35389 44363
32362 45953
28689 15069
5272 52440
39193 20692
2613 27029
28314 23141
48139 33850
21124 35105
39565 638
16409 45929
1696 54538
5986 17259
15003 16270
44191 18828
54786 6096
56395 26145
37697 44152
38478 49073
1360 53810
50120 22413
44059 4983
53833 36344
17663 11698
37765 31232
2637 20570
50012 23170
49563 14324
11482 37599
30835 17635
34011 11979
42698 48901
28982 44769
18230 12463
11895 32703
38361 48308
28567 13086
41602 15392
53363 48198
32226 15864
5980 17394
30803 57171
22804 15022
26762 13289
21844 54719
21041 16365
43918 54811
6856 40541
56213 23333
10540 10224
21615 51049
26978 6992
45461 7857
32472 5144
18889 44291
43424 43479
26245 32288
53318 40228
49841 435
36052 50086
2405 56171
29808 35487
5772 2770
20613 55576
16542 31608
21187 24327
7598 40677
50630 20672
26489 32267
33725 37652
54063 18005
76 32166
43101 57999
35560 50087
30277 33498
27083 18368
3553 26076
12294 14556
33977 49164
23710 37793
40805 8405
49575 3549
32670 34455
40987 52381
28970 27734
49807 31348
3383 35440
13341 2135
17502 32931
35994 22760
8587 25803
18877 56388
28713 44980
45761 50850
31767 11456
7958 29963
1892 7889
41290 45761
39904 33962
52384 30152
15683 20687
46517 45169
10380 552
20366 775
36100 44179
897 13812
36193 24867
26739 38077
6109 6603
57724 21328
55143 23698
7436 40160
30242 56482
7699 17020
42449 12266
54536 35951
10091 17227
32662 15542
46964 17656
19128 30891
33350 40180
46230 22486
17920 23982
27230 12053
54705 32688
31622 27784
30948 13798
15974 27466
29936 45922
36128 49296
9480 24400
25139 23926
12492 55990
39281 26254
33309 18326
48910 29539
8947 11790
4576 37448
18105 8595
50639 37742
51774 44959
55995 14980
27194 53359
22275 6546
51624 47240
33276 17692
17510 52697
53776 15454
169 36395
18537 28326
47583 56120
19567 24962
54885 12850
38466 9559
38006 52432
43250 48402
32090 9801
9739 30998
29265 52801
35297 639
31742 11575
22619 27625
21787 32742
36171 8813
49996 55666
35615 41331
24721 33883
29842 34996
21089 47223
12364 56740
45712 51468
15651 31892
37474 19664
25099 16448
15307 36841
56100 56263
50827 37214
26921 3127
2861 26110
20853 6487
48805 45256
57690 10705
46218 3935
53177 14121
24985 53335
25303 57801
43496 31231
51931 54983
53789 41279
42731 57016
9969 29482
32462 48798
2427 21933
8274 17025
32919 23657
38679 23614
21758 36724
6578 36536
55381 53086
28856 16890
6535 22554
34469 1300
29946 26986
1006 7946
47347 23010
9448 44538
26869 39688
42912 13039
10117 37805
4904 56605
30769 42590
51219 42542
17369 35288
22188 11439
40846 51139
45398 18653
26050 23273
42588 21306
5264 44119
55822 33453
21533 31949
55860 50774
44195 48269
56318 29291
34972 5139
24905 24974
20753 40218
41078 18778
47102 30393
49769 41400
31979 9493
35457 10983
2353 41982
40466 52935
4485 22112
15386 27645
41364 41372
44853 40129
18834 37463
56884 26528
48941 55634
5924 4676
28441 5185
6452 10617
49832 22520
41534 14957
46131 20545
6587 20767
29077 42796
10903 19095
45483 46559
19626 17530
1898 39675
3015 42248
21259 25917
52177 17777
3678 29157
19227 51182
23493 23801
24566 49015
28226 38465
9541 34141
16004 29511
34811 27132
27005 10966
57026 12052
44683 55982
51939 1514
11801 8195
11141 47696
11474 15377
5176 43387
39944 16492
57417 48751
40614 45921
44770 49135
15784 5248
32616 13801
38218 10939
9380 26021
15217 6751
30222 6263
41806 4181
16645 31011
30119 35943
16734 3528
43703 1728
616 50524
52733 26019
30491 34340
18851 50135
44408 5456
35822 6812
10354 17201
4841 40508
28950 10177
22647 5526
38508 42916
19606 25549
41874 20275
27808 15032
45241 16214
16391 48339
29940 18624
55398 29043
19800 41058
13056 8285
25212 8604
55925 34521
31668 54954
6990 11181
15546 1873
24994 2304
37482 43487
23525 23386
37671 56386
19391 21313
45828 31206
19349 30618
1438 35428
54398 17853
43138 35950
25940 29154
17989 8855
531 45720
56479 57000
44945 11603
51008 38721
48803 39164
3215 29921
39742 41357
48836 49081
32554 41672
54581 36962
18757 28507
50839 34306
52355 41930
15082 41913
39785 34983
52556 20294
23090 22753
14353 31566
41722 35368
12461 14886
40691 52738
16426 5870
44418 28958
49518 20177
47247 23972
50297 27015
43201 17027
44621 10206
54942 19895
8964 692
41173 7
6368 34297
41122 53437
42359 49696
2584 55572
20247 8933
51683 22537
28890 18794
2187 30750
37983 35069
23912 546
47996 56944
8613 32240
5907 49511
19341 31266
21412 19636
48987 599
27231 50193
11511 28210
13160 52296
8662 19197
51545 39126
35351 15153
23977 52217
34790 474
32886 35928
17861 24488
54426 12359
10784 26984
16841 36737
54047 28647
31579 25871
52855 16378
19343 10701
48927 46855
22199 56709
52707 42336
7548 25541
30693 54292
4935 24797
9225 14457
49425 17235
14786 5192
44324 27672
47463 40982
44198 15700
26045 33857
55427 50105
52730 52427
36525 40188
23972 52926
5919 45478
51819 44869
25859 17817
913 18657
17332 42498
35165 48689
8100 34862
29805 53007
24156 17618
44095 27061
49088 12321
44063 55934
17182 4487
38310 11955
24971 8954
53898 18979
41848 7233
24345 41740
7101 29842
44227 40484
15324 29673
30899 17835
1641 45907
40603 40813
36793 32244
21497 12307
39983 57896
14508 1272
42445 9972
4143 3253
41642 35060
53993 1451
30427 12186
45946 6703
19805 18489
42549 17642
26759 56476
7647 46872
9161 28733
2972 47652
2439 538
19947 15258
32285 5912
7611 9876
6370 966
15388 32348
35229 14234
8891 22408
25471 27542
29730 20420
24315 51494
43941 52394
48703 32663
45645 24340
35403 30389
27468 45675
38492 51867
48646 2080
47619 21644
10127 5258
27190 55283
42921 49190
6490 9575
54637 3673
32070 17466
40348 50834
26747 25718
18334 4679
2145 35599
45239 30812
24284 11902
14239 12596
29058 55152
29144 16390
15474 53560
56063 57626
23769 54281
6512 827
44937 7993
24074 50342
35683 46838
42260 16316
23507 25219
3969 50544
26093 29030
18081 16199
12440 48341
8006 2197
55577 13054
54015 30202
29801 48191
6008 50528
43436 6158
13901 34154
42055 43648
41910 13661
39135 30988
1400 25502
3315 44660
51564 20455
21857 21173
15963 10395
8253 41233
51576 47726
37001 2765
13449 48807
57086 36018
54383 34140
50146 8005
36321 16602
13577 31538
38430 41847
14153 19584
53285 13024
15270 23621
56524 3414
50750 43693
9671 14273
51685 7401
39059 15465
186 41479
18172 28454
9483 21268
8520 988
35404 10969
16427 52062
52332 18095
11436 38319
7205 7842
43324 25940
1690 51718
8638 15932
974 586
23478 2753
51773 38082
51671 51346
15594 45270
38592 31148
21219 45116
1035 39074
11420 10158
17392 56286
3435 50515
8308 5865
48610 16301
27589 10335
34478 32763
7449 5991
48868 44955
4166 40544
31212 22179
29379 49779
50989 40969
23727 3936
33636 3918
38907 23300
7147 42243
29623 10088
33020 45963
14520 35151
40312 57169
2842 7039
47661 8247
51330 31972
43182 15249
34174 20758
19768 36593
30019 51680
42162 56491
2042 49591
3987 22762
31391 52791
55529 28752
26321 48051
27937 12647
44965 1400
7076 45171
32131 24758
46688 23473
29070 47475
4817 57082
5295 57318
21110 2588
39866 31805
9722 46310
4305 28673
8271 36637
18024 19315
40916 35569
41490 45682
38363 32119
35938 12438
46672 37140
21312 12231
24963 35627
39151 22785
34771 21213
19327 47999
29735 30697
33132 18044
39678 54484
28194 39236
6500 36342
51977 10509
45992 4514
7499 34809
55889 10160
42908 29451
42659 19378
50395 53702
36133 56732
47241 35495
14092 24060
28186 29759
29594 48
14975 50851
27120 41814
22213 33159
54226 24841
29721 48081
26132 12160
27263 1227
47816 40615
6232 23861
20484 50858
27969 40646
20482 15650
43589 21018
16705 47252
24531 4152
10004 43142
45012 35322
31082 53678
4400 25395
5979 12444
54512 34346
5595 44776
6110 32608
28304 50184
6329 36141
48798 10102
48418 40177
24422 18556
53201 21142
8528 26857
36463 42003
3931 21105
38435 7240
36805 6309
36811 34289
21604 43182
43910 4370
8011 2869
26923 54736
23174 8505
43604 11708
49171 2050
27718 13244
47256 7016
3372 31810
56454 12558
57030 6472
20477 2086
23046 37422
6790 42058
37875 54808
33254 25468
13943 43118
10141 32107
43040 34461
31601 40893
14697 45962
55528 38686
7093 16774
22946 3217
55403 24010
36456 14466
24089 39712
7530 47045
49979 4645
18257 858
37625 13680
14822 42976
52903 32205
28123 54532
55389 5241
36764 30675
50295 52496
57283 41873
40746 3979
40212 23654
44236 36571
42120 48725
36487 27260
1721 53873
39912 24188
43112 52052
54360 46428
45448 3821
17528 53979
56492 40432
11824 17421
17910 34670
46053 2665
49966 48124
20250 4613
22271 54687
23005 19917
401 5108
11889 14150
9389 34045
37115 6365
43080 6634
26266 47525
4561 15140
9298 34843
48561 25254
41496 12417
2010 12657
6014 34485
48898 56841
34766 16303
14099 37358
24655 56346
27515 11725
29731 36597
22341 49100
10316 36579
24252 27210
20424 48897
47291 6915
56490 50220
50911 41853
37198 37786
39075 23460
5568 44204
3448 30063
10197 46043
10317 43598
49443 27989
40491 6823
3262 10933
44170 51935
5347 11823
17833 36043
29040 26317
43381 33076
27789 22120
31829 43093
39786 10367
56660 57684
27144 39317
17903 29034
14128 23090
49476 20654
33578 36051
7460 21277
22622 55369
28175 24362
7268 57865
18563 50082
44448 57783
44466 28220
38872 54143
31892 47571
34534 21198
43722 39873
20213 15776
2977 36907
14452 35759
25904 14020
39278 24581
3591 50182
504 36061
13398 48797
19754 16652
13844 23594
50290 29649
8994 29328
50081 26024
16746 13
18970 47600
21504 2272
7864 18644
507 39044
32597 1069
57849 33923
28224 8853
11515 19782
8467 431
24918 19683
34904 14542
46116 14079
57718 20638
32786 1423
36617 50563
54615 53867
43782 45202
52836 53893
23211 18086
4724 36285
26023 33507
48631 36460
2773 37400
28589 37462
1229 10140
30131 6180
5103 2474
20517 30171
37733 23309
28134 10231
37579 9071
26505 17367
46498 24058
41953 38153
27374 16375
18974 15270
7549 16794
26545 53155
1367 19681
21285 6024
11264 37388
52516 26202
40510 37295
30153 14250
54528 48121
45195 5060
23715 47421
5776 21280
28621 51964
55345 31624
6938 11332
56929 32000
28553 54114
38593 45194
26244 46062
34339 37764
5155 53708
25937 6250
20335 39010
48878 42091
22251 19687
14521 2450
21828 47894
51061 52976
11019 37768
5006 25006
33456 56691
41500 51127
7473 57076
34774 50522
33421 21915
12708 22802
50871 53553
22897 28463
23010 27298
47670 7900
53671 50489
42300 14859
53415 49000
9680 42781
15485 55672
6738 39473
9598 750
16776 41543
12929 50949
11371 41432
39479 25067
10019 3548
49822 19975
49752 34366
42960 2699
4939 20927
11610 35385
50650 37023
41154 9803
32383 21420
30406 32926
49444 45729
36945 14471
49800 10040
37977 3311
29420 44148
44639 47945
36995 25748
42140 29204
41635 49339
40929 39003
21182 37700
41106 33078
20719 5904
9894 14555
28821 28308
4476 18992
30732 51536
28981 25843
41379 9701
19846 8664
52189 22032
18002 5410
38760 31186
3682 37450
23065 48845
33249 3232
4863 35924
20343 26162
30261 17207
29617 5576
2465 26118
3729 32888
24166 28475
54507 50714
18814 45736
5029 8545
42249 49941
5918 8839
40306 31518
38934 36655
33232 12984
25198 31973
30325 25908
38033 42746
36328 37443
51893 12852
48426 36777
2689 40370
29474 48213
53073 34358
37465 16138
42719 15881
12337 4696
21072 17450
39650 50907
31171 28185
32858 21196
9887 44875
4055 37750
29526 5872
6784 7375
53148 44024
54879 27105
22508 27758
46814 23939
5527 22827
33067 12484
42345 21020
11309 22579
2566 38921
16237 42953
46375 1587
56742 50442
28798 19977
34346 11093
34259 22920
39965 40385
10404 53844
23849 52613
24436 28981
18540 40841
25390 9557
26790 28867
50756 2942
22176 53620
44493 15302
39184 13087
3432 44916
51723 24499
41346 56695
42422 49659
21932 47743
4320 5624
21607 7365
6194 48470
36567 3575
44459 15929
25334 40699
18622 9679
16515 54556
47431 53749
43029 18854
39499 901
9855 22497
21848 45469
5342 56943
38191 7293
43491 19997
9269 29496
22926 30880
20332 1491
57254 21750
45776 13698
43394 48498
25688 35259
8451 13886
56758 13357
46455 35811
5553 34293
20289 49176
57228 16952
24687 35967
42172 31656
51883 40832
21528 47837
53293 9264
8376 45553
43917 45794
46061 43796
54327 1206
48417 24682
44920 38208
34498 43485
6125 34525
42338 2850
43940 16742
27749 11163
33325 3940
23713 18614
1195 13153
23764 51721
20242 45648
11814 40499
14038 17779
22396 3479
50211 30472
31869 42911
12584 547
14847 4365
9016 25471
10155 43279
5058 17781
19386 43450
55341 43261
51651 23608
6629 7071
57794 1251
50521 19169
35375 42560
54731 25332
48408 15150
34507 24950
2474 33328
55993 57568
22071 6528
50221 20674
40504 31763
8589 39132
39142 34837
24689 57877
10110 12218
10634 13034
11852 32811
54484 30015
45407 36746
50535 46693
40943 1409
53022 2606
10849 56443
47264 34696
28684 19984
2864 21861
26927 32109
23875 25782
44327 48785
47159 10290
15567 1205
29112 22727
40016 44848
18674 23063
49309 23291
49057 40976
51368 19814
29421 15480
15336 32851
34997 18080
15675 53209
20282 4064
52994 41012
51405 16888
30738 25374
54730 53403
12716 1932
24107 36369
44454 18363
37384 14784
28875 9943
30257 22400
50426 25746
18467 43053
50996 8996
25027 5754
32959 47835
34568 25049
27438 34126
10621 44434
53536 40138
13088 40995
52512 44992
39628 14905
9071 27351
16385 15753
3420 37546
42021 10011
31496 27949
24328 20473
36343 39674
56866 21581
46623 29437
55437 35536
33811 8636
8171 13551
18682 42761
5497 9082
56718 38079
10507 35479
17878 44830
29447 52436
33644 13259
57275 9052
54464 20251
28671 45124
6011 46212
14552 34329
53524 8864
29566 55806
22911 50466
1748 9513
27191 43007
3491 37018
25983 10358
32900 20808
24508 4445
15452 36526
25308 34929
5349 47150
24571 7759
14716 12068
1848 20815
20886 55019
6494 9537
54997 47650
46839 1933
42596 50164
21974 20886
51864 27135
9572 26952
9018 19881
2511 29033
18801 48865
54380 53851
30963 41737
45618 48388
54468 17944
9096 9959
49732 51060
46239 12317
30744 6998
29400 8621
40328 12108
345 1717
5193 49968
1246 40107
16773 40433
14134 17490
54721 39689
9799 37162
35967 40132
56177 15134
56646 39084
34589 15217
27739 55573
7287 45048
50868 1710
56789 23545
15574 5209
19737 45099
7986 51107
3130 31235
15627 8788
27514 32921
57788 55453
52029 39631
40817 30721
29958 46663
4117 42571
7266 24508
54834 12058
32757 25393
39108 32208
35131 31055
1078 9013
41416 10734
33776 12666
37687 14830
15856 2113
47091 26778
9410 56343
19089 984
28131 17686
103 27070
40293 14586
23123 48652
15766 43997
37400 13293
27301 49662
12276 13407
43541 4335
43793 11605
56950 28789
34308 40440
23633 57241
4436 45080
34476 21293
35657 29986
55836 16174
51539 28021
33268 26534
36317 50871
1333 2742
25589 39842
30811 56249
2854 54024
41660 24929
25355 47200
24465 20507
16624 25832
48977 40076
1065 48659
23403 37483
51677 38916
4428 35138
22597 34422
15803 42035
48035 46145
43064 51572
41174 2524
6794 34122
50562 7165
38136 29597
48182 29944
49590 54199
21792 2780
8744 16104
2906 33994
23089 35250
35784 25927
56531 48181
53315 2573
42127 36550
11475 25389
54421 33825
51062 50146
44872 56579
30450 3231
45574 12443
31362 19083
41402 28807
11946 26086
53183 19960
8838 50704
4136 54239
46927 18738
50869 30235
29995 10911
2424 27687
19232 19296
13212 40183
2871 55766
51847 45217
13073 33881
2747 9322
20683 30382
20322 57820
33777 42343
26099 29603
53439 5928
35589 47360
31025 32812
16602 7417
2400 11782
49368 51035
42396 38368
12525 45621
18751 35810
23395 8868
51174 25761
3133 27104
42975 21199
21754 29550
17906 1633
8158 11723
52386 29733
24119 38687
28637 46704
26216 13234
48714 29799
28819 5911
25340 56266
22220 57188
12244 45333
32520 42506
45356 46627
32606 52199
24075 10748
52252 47080
34032 48056
17480 8097
52505 5977
5415 7482
47651 46284
27821 29452
5173 41555
28221 23786
39483 5591
57011 55618
11827 46353
35749 25172
19253 47637
21051 51844
55634 33533
5248 40113
21491 10480
43315 24818
19376 36068
20087 24944
57216 2878
39494 50349
47033 11200
27926 21968
10922 37061
45205 43223
29092 9837
23039 10625
29304 9477
2776 55450
47633 50408
23106 46665
40295 3363
28505 27498
17994 20190
41909 20285
51871 47852
3760 50373
4918 29246
43987 18926
41781 41056
26622 11843
23810 7705
33626 8623
52501 13295
49146 232
44526 40801
57832 50161
2041 16588
9358 801
39818 30058
44440 32613
51205 32680
57533 35619
2281 52918
57073 377
4407 39845
15467 32340
51021 15590
42282 14214
24008 38592
23734 43220
25091 31177
37175 29737
2123 26880
39656 28959
10056 5204
44504 39402
29487 39329
24312 55950
24381 16038
29095 35871
50010 18227
5039 57836
37613 41199
9024 36540
34699 53748
24049 54084
26086 13608
20604 3206
42570 12114
18265 9717
16359 3609
7435 42814
1699 22874
48214 2407
12193 9528
32706 2126
33931 43713
25362 37886
36810 54921
7718 39537
17156 19559
50789 21700
17059 5748
46140 3214
29247 7137
14063 27326
40100 11682
18716 10574
45481 44047
32192 18638
13119 40049
8038 43315
8896 45320
4854 45866
29626 38992
11316 37506
46752 51597
29171 36843
5754 57015
53118 56321
44691 49109
20945 37944
43768 23606
22769 57864
46501 6104
4256 50366
36045 19615
35532 21157
19030 24155
19658 24835
10323 53757
46650 4435
46502 49706
45890 28006
41793 55268
11410 36076
52016 4255
23691 19192
33342 30856
14696 8818
57235 7997
13172 45523
51909 17985
9102 21576
57441 34541
51798 27117
32377 34384
1723 13753
23652 45602
36309 13701
37505 40112
24177 3814
30632 7164
52669 37446
36153 47824
8505 41221
40105 34666
5651 5746
4309 31698
57335 47453
26094 45132
46985 39635
47112 51655
31370 46322
34452 18822
26922 27988
50408 39902
26833 20742
53959 17018
37677 57546
4834 37693
8214 40845
20777 23191
42097 8501
4861 40259
29490 36873
30529 32532
44572 34060
33906 47788
22579 41410
8411 32620
54333 32277
51136 52952
36131 11791
41930 39939
38522 15252
11926 46438
50318 19038
8457 12685
28353 104
32956 7747
3632 1572
54487 30467
8138 40991
33955 52215
10029 7729
19932 48331
10791 13588
10615 52401
21146 40325
46487 27174
14777 55596
22677 2982
34007 21876
18616 22915
5169 36728
16424 52825
12865 41780
41620 13916
56640 741
17987 41984
8204 13186
40962 45221
55842 18457
40268 16674
34963 51787
6123 4446
32937 20171
42008 19680
11052 33207
38785 36045
38054 21229
10106 50269
11220 402
43171 57998
40926 44947
47228 21843
39659 57822
22127 25956
36938 56160
2700 37285
54083 55814
1860 1909
5324 54529
2980 11511
42039 12716
50530 21661
37800 54646
17345 22148
42673 44072
13816 31399
50264 31097
37496 52249
27302 2331
40509 42314
41877 8897
1985 31556
32640 10184
41102 41105
35755 30188
18984 35191
42069 21962
19799 30309
31651 51380
16049 53358
52737 27129
52911 48667
44892 3672
26614 54730
19493 34150
29724 19618
4783 37025
45129 47512
3927 44447
10360 20677
28810 36385
27239 35120
31736 56118
30438 13649
13371 37841
22295 44925
57306 57444
9416 52399
20486 52153
57058 23174
20927 4340
48117 9785
22635 18381
26131 55099
8570 2043
49851 22227
57414 24592
33750 41060
36809 35015
6959 10877
20914 37420
15843 39695
30571 25531
8030 12281
17530 39007
29465 7658
16248 51272
9233 49253
6345 20204
3317 46221
19020 20612
25176 46521
40330 2073
27403 17793
16271 27124
10467 5689
53313 32575
21459 15575
37860 24353
47260 29617
20495 54360
12441 19834
55627 14165
10443 34413
32655 19813
33734 11470
30594 7356
32687 24525
20221 51443
32596 2451
1519 50974
5902 13245
25772 6069
33125 29084
29966 33161
15777 1635
14100 52365
38231 31632
23128 32772
3189 10098
3313 12466
18439 22290
32434 31685
39159 48002
42878 34317
44075 20340
30841 50826
18727 21453
35173 9391
536 50429
7045 6440
28242 53880
8778 33827
57516 44350
47678 8698
56340 13448
50061 47486
26428 2396
23983 30106
2966 25401
26253 46772
3353 34233
37374 7592
36820 270
12757 20381
23759 2886
57512 45027
18914 38948
4819 5707
25320 55217
33047 30598
29515 3024
50096 6757
36036 34117
18332 50213
54088 43188
40845 48861
44591 20479
40046 1474
7787 37851
8433 49709
6337 20457
25815 41868
24458 55296
52095 21030
22223 13144
36559 12619
23961 18781
49478 18131
9455 34884
13046 20916
39484 50646
33366 28909
26306 43983
32774 7711
57083 17869
2970 9786
2551 10322
8981 17934
46766 7502
21827 1000
52689 40826
31048 36676
34035 33690
29950 6710
9761 13539
39732 35556
33785 22959
56301 36004
21494 20873
40179 17764
20876 9278
57439 46161
25753 52692
40403 56963
48453 37624
19611 16045
38911 11225
22045 4669
33248 20407
54283 40191
33405 22200
34888 56425
32103 29075
46448 3325
36892 57576
19648 1901
31123 30851
53461 44270
1091 3307
24141 6943
21709 25140
44159 57619
7184 5644
27299 55637
38254 25685
20164 11730
52217 46182
47535 39068
45092 38847
41240 41253
1747 54800
39120 45229
31103 45834
17402 29219
42965 40391
51309 23307
50867 20477
37911 21780
37856 53572
14913 12986
47278 46721
3366 49703
38242 43967
31487 53039
11175 34963
34357 5148
41224 49529
55682 50098
40616 30520
50765 37211
24917 8638
9685 6090
53849 53272
44613 52583
15873 45784
2070 30689
37524 6375
45910 29858
7203 20342
12504 57960
1242 42233
28904 46545
20559 50233
27446 30501
9925 30838
27064 15185
45253 14667
13363 9419
26895 56039
32888 16912
55342 23820
40074 25696
30908 12017
48224 45850
47672 43594
4082 21649
46254 51694
9050 21284
33993 29707
13589 31950
36759 1984
21303 4284
43400 31152
31351 7399
34438 23033
24696 31369
20563 30228
11350 11194
30125 18499
34940 50328
22435 22847
35801 39613
23219 37663
44294 8349
50594 33289
56396 6746
44614 26588
42160 53580
55290 46811
45437 56367
17326 7012
39982 21357
31732 36448
12601 42563
16156 4649
18285 51933
36575 19800
19563 34915
14737 30211
19505 26268
50540 38702
18941 27096
46197 15636
13585 40690
45236 15971
46203 35911
32048 10422
20778 31613
31445 25154
22860 4330
36733 22330
52128 13648
47295 53341
17922 45486
18861 38730
7988 28256
37584 57634
44344 28532
35599 37173
24884 51599
25857 22427
53634 35687
56583 45491
57919 15477
52732 11344
9600 43425
19036 43884
2757 5105
56079 48456
46802 46656
5180 37631
22700 54838
28992 56573
42990 7493
16807 38809
48978 39065
31397 30338
14024 21324
13243 36379
54261 6400
56585 56045
17769 29178
36833 11546
45625 20188
17801 26595
8997 4562
7159 39208
40350 7127
48556 44926
38459 53351
15682 39087
15890 50551
3327 53731
43899 24833
34803 21458
14790 32395
41809 42271
15260 43265
3441 4030
6567 5934
27087 14262
21647 53546
47013 9105
30960 38062
6590 49479
44643 41690
50513 53074
9010 55959
340 49616
36068 9616
10351 43312
26668 9780
42788 29687
31176 34817
31291 19104
42634 25558
13072 40343
49540 37876
18825 29306
21049 12824
18705 13479
56940 44664
3878 20749
50380 19644
5863 37374
42750 52059
37627 44536
15219 19959
35072 28491
48411 47042
47391 22562
2445 5852
56855 38190
27387 533
11521 40075
2382 33452
54802 26490
26018 8360
51640 57592
32466 4091
12211 24198
49087 35972
18971 3482
2456 56
608 46096
19556 36703
37222 53789
39504 23544
7033 7190
21958 18495
18650 2044
29777 15417
42030 28293
35606 46021
34362 38677
32370 25839
8795 40975
33045 20849
30673 46647
17881 25087
12637 26610
53007 25007
7383 28521
21672 35725
55046 13843
47915 43417
30076 11365
42487 31122
16861 9115
47095 12336
12203 36401
924 25205
48275 23612
22093 27344
51824 10111
19335 18906
37211 43914
56345 8228
49630 8801
12660 761
11502 4702
40040 42493
41860 1030
26575 9437
54198 47274
28030 31897
33770 56072
21492 28622
5685 8899
26270 5549
43861 8993
6252 55899
12110 52819
9216 27254
54863 29887
21208 51704
16257 45574
448 39612
17091 27899
25138 40846
15436 11784
29278 29780
49399 33386
17498 27796
21603 36180
19789 53745
38173 29495
47375 25213
37545 23286
750 14795
17142 12177
42840 27838
23564 39622
45402 487
15487 54860
4072 32648
43765 47902
7748 15516
30501 46671
20107 32882
10468 17646
26570 26925
44963 35794
32934 37772
46109 24050
50453 2193
20381 2482
56270 37235
7695 31672
41859 46196
19336 24156
24088 55462
40281 38029
14474 31558
14361 45253
8754 56468
31339 9312
10040 47854
29818 47927
49004 34499
39698 49191
24486 51045
27253 18313
46003 30471
35995 33879
30857 5128
49634 34299
35227 39982
52560 5797
43523 16072
54107 30963
14314 41332
49930 48608
16218 43499
44587 43826
49463 5118
39048 44832
57420 41530
5366 35337
34440 52305
29279 37987
34615 20480
46123 56098
56665 3459
5119 22515
36974 35064
7354 51022
4048 707
54315 30728
35891 29756
33128 33598
13249 30752
37533 37616
35171 48092
9821 21727
56362 27592
55957 23129
34102 52313
57480 19309
7618 18954
57817 10978
13462 2316
46984 45551
56466 39167
32036 49115
5960 19928
33448 47643
29196 51448
52999 36944
3647 17069
29717 4026
8648 41242
33637 31010
27226 37890
29937 11081
36957 37543
3784 3383
36622 43013
30303 19121
44091 53012
52883 48325
20197 40916
47401 1790
1427 18797
25949 31770
16677 5408
53508 8312
198 33135
55899 5038
14281 51365
37901 18210
4787 16519
2969 8687
27768 40357
22580 18414
45901 18037
4179 16840
35466 931
3949 57351
4524 7311
30938 39573
2080 11444
18815 38783
26796 48429
11796 9905
50396 43199
8876 29272
57753 24234
42043 52943
47795 11495
42329 17122
27549 51284
24541 45926
25067 55668
29396 31780
24740 11850
24619 52388
5260 34563
44744 2169
43372 22469
57740 5532
8716 9508
42831 39030
22792 53853
7775 10103
11697 32503
35210 49333
25760 27063
34659 50487
8346 25112
47701 15595
14595 43298
228 28848
49557 47580
1490 41785
19554 10964
30344 13819
44139 37864
47127 48128
35681 22615
27796 3561
34861 57510
24857 17328
53960 49512
15052 53709
16221 7602
30188 3443
22686 10984
10167 30410
18065 26133
12353 31211
47516 19751
50168 31213
7396 48900
2112 49312
53050 34900
43267 15314
27476 24891
40300 44795
50205 46243
1026 25564
15773 31103
13506 17212
4410 55614
6613 34764
38925 54849
2201 778
29258 18927
39177 52253
44042 57591
46091 25036
3191 44466
16039 20689
48533 34751
2900 44753
26363 2689
28768 6381
15358 34819
35374 41775
56268 23189
49440 28298
50861 40009
3700 42734
9184 17865
33024 21953
18958 17717
15347 17504
53464 52581
47941 6441
37756 16735
20900 42884
37846 57293
39186 25635
56677 30220
44076 50670
54916 44256
21016 49093
15526 15847
19777 56035
56029 44033
43268 38583
34161 57492
14487 12775
27104 34076
19694 22113
18033 44415
57603 45239
36486 11792
38776 20531
48183 35889
11478 694
41026 44093
44483 556
27998 54506
36429 4454
32482 784
3073 55595
22572 6403
42161 34424
43998 6810
24980 55173
51499 29226
34372 23037
20889 14380
45634 47531
27285 18567
26756 16509
9780 12654
19654 2231
24672 1554
12051 40593
49442 57534
35254 3728
31033 38938
15793 43032
14769 14210
19710 39282
46372 41818
9461 7982
52808 46405
30345 7863
3777 5662
36857 39629
27046 8514
27297 24639
36523 43018
34734 50061
8788 42462
25456 37098
57037 52639
16712 12109
13326 7265
21645 45591
42383 12076
5182 16603
29478 19305
24319 30603
6060 43286
35104 4963
56894 41864
57931 29717
12484 18114
3378 50421
17594 27983
24719 45366
44150 43751
39648 50455
39514 50471
2592 21195
4770 16865
12332 10615
52734 51167
49919 4850
56447 18173
47469 50929
44005 4089
36625 25088
14223 25467
31418 21801
13690 3937
21822 16924
19870 53268
1005 17346
13882 11661
12454 28874
48594 4549
7689 32226
48948 13152
49436 39997
31387 25732
15899 11695
45589 42303
39611 32248
54715 7107
13403 9429
25994 35431
15685 50379
36182 28263
21078 14313
50825 56857
18551 42162
24948 6964
30557 28940
34974 46885
42515 16974
23545 6770
55972 2285
54767 4779
23570 4615
33608 37444
32590 47681
30541 16424
6463 50938
52614 29222
47345 1230
56534 32618
49915 9756
20987 42787
13313 41966
24295 57
20508 2480
27128 43556
2997 25591
36866 17462
14502 9936
48579 45879
9564 21616
1063 25647
54779 37660
36262 243
38276 33777
37955 46374
47187 56248
27367 32158
19346 31336
9989 28578
12858 26471
21619 47695
15075 51180
24894 53234
37342 51471
16105 4595
32723 35398
36087 14802
42901 217
44883 25194
22123 45172
16865 53607
50028 55564
53844 31593
32023 7944
47420 37175
56245 35082
48471 23523
32152 21853
30201 44685
11026 19847
48023 26255
52100 3618
23081 41437
11093 42407
9173 5942
47207 23944
35819 35038
32003 22287
12062 5273
35530 30123
42062 49838
3850 50234
34338 19003
2217 42454
4872 13312
53609 56584
55533 36339
3180 2578
50092 25177
419 57391
27027 12518
9011 19587
41334 45606
15168 25566
4455 55584
46346 41329
9898 45144
600 55567
14335 31884
33144 5562
29886 41471
24459 28704
3962 55520
55999 56022
41795 9172
43697 2340
40405 12655
56435 1663
43207 47169
31973 38860
1031 15630
434 32063
34880 25479
55289 4129
26958 51953
777 35426
1097 42167
34696 20168
47330 32748
18006 34993
35111 53201
18789 29446
1124 1076
32914 2428
53292 22236
45735 3674
44174 22133
28219 51628
52834 47253
11749 57173
7014 26576
6313 7746
34367 13873
9759 52895
54523 42851
12579 43734
40618 34284
34502 30040
16543 44439
53426 35165
23229 9762
17520 48566
52097 37969
26012 15269
5179 4721
24449 2417
26610 48200
30081 9280
37028 32041
15939 42850
45695 1250
14802 30882
19660 40526
44830 3002
54268 15905
5284 45961
42844 42519
42592 8555
49781 942
2077 11289
6128 41463
26561 3275
24856 20142
54493 53788
36222 52016
31196 6377
56488 29897
41730 40058
620 11187
46062 38735
11232 4192
5419 53596
32759 53574
28437 6969
42265 7483
55662 32581
21711 38993
37084 52375
6250 40346
34614 14456
2789 4136
15058 52721
13856 13281
45370 27933
37145 22109
31163 53184
17767 48361
3052 57970
4873 26347
44855 21250
18375 7917
55464 44833
36931 37747
43130 35776
2157 9001
57433 21076
20611 51977
1027 13975
56229 50085
38472 2988
9450 38869
49300 11368
53785 21988
46709 4144
53799 57797
26103 17950
5043 9257
19614 49647
10647 27208
36960 11014
15760 45633
37139 24244
25504 36269
44371 10814
35427 28749
21741 15968
25156 38142
49520 2668
48480 57733
9172 6552
51807 51843
45175 55873
47459 40137
5140 24651
32820 50965
48855 10339
22667 1025
3520 31914
6402 5291
28646 417
15214 56366
4982 11759
22322 5842
39661 46317
50398 42714
40231 38911
39034 18595
25999 27278
50696 45450
21390 52915
1942 51921
41558 50631
17913 31196
51351 45375
29528 8317
32153 13511
14952 9378
23319 41932
36244 17757
24604 34282
28302 29519
12173 27003
44545 56824
38396 11440
43298 40013
24909 45330
5617 2466
50605 39078
40542 11797
19358 47003
52302 32761
16152 55293
46735 55692
4818 41104
5377 54165
17562 51288
10108 19740
24904 22797
46641 27446
51374 300
41544 36551
10111 15443
48475 12577
25535 7701
20754 34748
23639 6271
6983 40562
5998 23718
341 49882
57460 35372
29147 33263
23588 14371
49896 30423
17680 50485
6700 55395
8684 43210
5722 13639
12281 18116
28245 57672
29416 12696
36503 7385
36356 52207
33584 54866
26742 44909
6770 31092
1722 32606
5874 11556
23195 10471
36322 43919
6100 2826
39121 3541
39194 42262
51409 23868
21262 18682
25247 13736
809 28487
19127 16475
56123 21909
25415 40424
51064 52767
5551 49704
47504 29698
36670 2839
15909 6844
37484 48524
34152 3438
11114 35217
44913 11527
24952 55611
11109 51479
9100 1905
17624 31789
19735 33745
17591 7607
32318 4644
54431 15421
4147 47278
10959 29152
28487 38844
18086 37996
27598 21363
19645 27464
31735 13026
51293 48962
5042 44359
23667 21345
16496 15078
16161 51051
47245 7218
40963 21374
32493 14928
38916 6427
40415 15540
12816 48350
30007 27040
7011 13105
8880 24611
19967 14462
444 4819
25933 30867
21773 38345
40645 31747
24897 3562
52696 28565
21597 9499
28851 14167
21938 39940
55428 29819
53444 11670
53972 25385
42667 24477
38955 8940
8922 29999
19690 47175
54561 12725
39533 41421
45567 23501
13164 17675
31393 13253
57562 22013
11642 8337
26100 2104
20916 45365
19101 37269
48161 3910
45545 18390
41478 8946
32179 7282
37741 30510
51248 30054
15888 27409
21358 11220
24646 49830
18370 22517
53510 14409
51503 19344
25752 39560
23922 10276
7464 51744
36953 52073
13095 41812
38813 40078
35759 11137
11792 37888
57814 36226
50307 15054
56685 5668
1764 26981
47659 34195
30253 32062
46424 14185
13740 38770
28735 31031
52278 30328
19093 18296
45406 951
4533 47843
53672 28057
52145 48247
52105 16165
26814 16242
44105 21450
54415 28459
9122 37976
41507 14576
19847 54655
15862 9763
16560 56716
43167 333
10102 27380
46874 2899
57742 2626
51713 30845
24707 48070
4848 50372
29431 33045
39187 2204
31408 54779
38158 34808
26268 55844
35021 31410
33202 53066
45332 52299
27414 45656
35629 57063
2410 6423
51821 29652
23563 32460
45983 15763
53235 5446
35187 36602
56794 49354
41824 815
5570 45427
7168 47959
56130 26649
16269 14288
43097 55104
43562 23489
23266 19385
10902 15668
42402 57603
40153 5947
2904 1044
36912 31444
42273 43846
44399 19978
42385 56893
26190 46092
49328 30100
21732 37381
57027 48975
28211 38251
6944 1600
692 29809
54445 30394
16957 50583
14550 9085
33468 46081
48946 26566
34000 12121
36569 51765
38045 24276
45067 41079
37699 30429
14486 46131
29215 41511
24519 90
25634 41112
30348 4634
50617 57916
44536 56203
38574 21818
45249 34795
56745 2144
9880 19438
22608 27912
1610 49342
31639 17681
6852 45748
19362 40141
27262 35550
5627 37699
7607 52067
47852 13576
9285 51623
22829 44871
20441 5306
22484 40663
29841 22001
51398 48219
13558 3593
54155 33734
31650 44215
22827 23855
31206 3380
6398 7273
28716 25098
47317 23960
45664 30498
29652 40576
20901 2679
4403 23959
19679 24015
2929 56848
53097 42479
46582 36621
7543 46195
1481 4392
54111 36750
42466 46488
54026 57467
44378 13417
52433 55928
10772 21950
48529 15640
15986 35366
33817 7443
11433 42536
36170 31359
10495 54677
21692 49302
36691 38019
27943 55904
30282 13750
15195 49360
52282 48826
26546 49866
41272 14775
12089 21002
12216 23116
41975 17522
43078 33002
28321 44580
25925 27718
1914 18163
48326 3570
40247 4153
12932 24433
29464 22625
38811 29650
28152 31866
25483 32864
292 34517
46186 8042
14077 30813
13487 46520
18242 34859
49305 44454
46122 34922
53001 19154
52168 29621
4101 40695
57926 24127
6669 57988
52397 57421
35186 45432
12253 53006
23973 4301
21364 12344
12916 30008
29987 5722
7469 5255
17194 25604
43956 11719
32079 18899
34585 5043
41885 7168
20540 10799
39124 18085
25470 7342
40063 45684
25726 9697
38470 32528
7487 9864
22802 13387
23068 34124
54126 41110
40460 1488
11307 19214
53330 27299
44145 44722
46268 35484
52469 8653
19494 31058
40271 22722
38678 27534
5555 29089
44048 48347
8779 42251
20525 1408
7725 19105
15636 12391
56818 4126
7665 1445
11997 52560
55516 15226
45446 34054
9265 57324
33478 54101
25459 54073
27410 37926
39088 22466
9036 56057
56429 42340
25147 51566
27725 21385
12174 31861
57612 38887
41649 43638
35218 45670
45445 34745
42288 35945
11354 29181
36367 30016
10936 19929
56588 37176
18930 8648
9195 51731
12262 20087
20617 11255
29557 51726
40594 17040
56844 14863
23530 31736
629 24373
31760 18884
8948 50447
12788 3102
54331 9722
25163 56816
36804 57841
55125 29880
42800 10903
32439 40543
54060 10538
44873 46650
56705 35083
55177 18694
46540 11946
29089 11493
32028 46407
10962 45408
5418 43671
37054 52066
2023 10059
52159 57093
49877 15592
14453 7663
19143 2697
2143 20751
18013 37653
14736 8289
35233 28895
18919 17067
11024 24227
51167 12092
29972 13446
37071 36864
48662 46343
54564 2274
50196 43618
32461 20772
36027 57349
33477 9696
7420 24440
37534 29389
7485 35381
17557 10656
50798 34973
35594 19764
24043 7962
35524 1634
49597 26514
2727 32730
49808 55318
47120 55349
28926 30019
35806 20986
14323 10228
57246 282
6712 48399
48234 35793
54766 33254
49241 21711
16223 42418
19511 46233
2113 19370
55813 31059
17224 57403
22845 49425
53526 37600
5701 43706
28775 9640
7694 52402
50832 37044
53208 47746
15529 28974
13755 22197
53131 45164
48341 7361
38531 47949
45164 31391
22979 2627
46580 9138
39995 55646
41470 36108
28061 7660
10878 20191
40381 1626
9125 26322
51436 40470
13542 14442
53316 29228
13563 23423
52786 6061
3891 21389
37361 3607
22992 39856
34884 42030
18422 12790
39116 38236
35309 34501
11035 14559
21211 51203
46141 50273
19179 18215
18962 12827
37535 1478
17521 5479
33713 35286
44519 29194
53424 44373
6241 44012
8886 5727
49159 33541
51492 25849
26975 12744
3886 32144
18175 20825
42985 39530
8316 39655
45969 33526
8697 54345
16363 43698
9585 23663
46622 26055
21109 53796
16224 46922
49904 28026
44318 24225
25737 25305
32078 24434
9318 799
37843 18655
41446 22605
17611 23027
41145 53752
27147 29202
24588 36768
29622 5741
4950 14136
41526 47701
52075 29113
50390 48597
6102 27238
26402 52671
33792 29000
49140 18916
18234 10735
45529 56586
24188 47711
29799 27777
31985 47750
21450 27145
38140 9147
163 38482
50734 39187
48020 5642
6105 9414
47903 13618
30045 19873
41605 31105
43526 34427
45698 21982
23477 4333
4151 38711
52146 49553
35025 24627
26065 54729
14276 434
28158 26835
13884 41865
32422 17913
17599 27166
21160 11462
18586 36426
22136 30286
35869 46547
37876 37219
8559 49496
37103 8974
31808 13059
51663 12191
22528 25020
44732 18971
49956 36299
3173 32152
3011 2768
6526 19792
41038 38353
51373 19918
30120 32382
1068 36654
8143 48488
56451 30373
28921 14715
29919 1759
45 51854
28037 161
13260 10095
45128 17215
8646 19672
42599 41980
19784 41718
10419 30969
17959 8139
6118 42849
42900 43642
23622 55760
16410 27339
5402 11756
24370 32237
43550 45079
42528 42257
10848 16040
3394 1865
25975 7823
41000 50117
20022 18168
47579 32313
45839 4373
49495 39249
15345 48862
57945 23709
42958 38081
5977 31490
46118 37066
6238 28579
72 16903
13987 41157
31249 44952
5108 31198
53717 45499
38908 7838
14824 24459
34043 33589
44564 48036
29168 37701
609 1150
529 17010
45587 10673
22517 38120
53551 3835
7904 9578
27677 20951
45485 30215
8663 45435
31307 8880
4642 23422
15005 10703
25105 3467
5855 17870
47892 23670
52820 27494
6713 41698
6764 23330
20536 3193
56062 18997
19612 19115
8987 34709
25083 41874
50690 5035
53305 33677
49359 12702
8726 50230
42047 41159
44377 12010
9363 50115
4484 6194
34768 39241
36916 49325
556 10954
39998 35633
42600 21143
10756 20724
28843 44891
23016 52421
47346 19732
13963 17791
41162 44922
49039 45742
9921 45112
26982 23759
40376 6281
44995 35024
28993 38014
14238 23045
5682 54980
6585 846
9176 8976
49313 33959
8072 18443
38639 24446
47842 51040
25168 31779
55408 27001
28141 22303
20612 10685
51845 6713
9164 14279
16239 10129
18152 32990
42246 14491
5522 12349
57423 52109
36268 36613
39388 40202
39323 45198
57078 34450
39820 34872
18673 46698
51051 36118
45252 46024
1758 49566
43150 52598
19769 7469
13465 27352
33932 30179
39776 5007
57841 7640
56575 8601
49011 1139
25674 31426
19369 22821
42348 56290
3577 45289
55669 23762
52022 9111
15686 28963
32433 39168
25290 54334
7389 50043
15800 22417
32741 11286
41818 46524
38924 19968
4654 1885
34622 48789
791 53384
23665 7773
20741 14573
8650 8436
25352 45498
37250 9330
27582 45092
23948 14849
35807 20148
44758 8215
11323 55075
56811 8534
30869 5152
50487 27841
4784 45274
1094 50006
38494 57549
4426 7322
904 5095
17183 1233
14139 50771
2611 31737
3963 49633
51727 54460
26082 2787
54039 12869
18776 7066
41195 2150
46703 51974
32837 43240
50274 33652
54684 38875
57492 3885
45994 30742
26364 7794
53629 16582
41979 2837
56334 4342
35236 19769
40374 54492
10007 674
18185 49451
5479 6325
20311 51274
54326 8113
33509 39440
13317 13462
52958 38510
10183 13109
35153 12110
21414 43949
25607 23039
38433 1918
41570 5950
50019 9540
56527 48903
44634 18179
42150 37995
4333 22796
20328 23082
45789 10523
28672 32810
47839 51171
15640 47747
3795 40171
16023 15849
55286 33090
28475 37371
7602 4479
29713 6495
40128 37889
39901 50020
3607 917
55284 34658
43653 14222
48608 46912
43127 12554
48540 18472
11512 11258
7828 49416
831 35202
46393 284
8993 47537
45974 6468
744 14026
10737 33043
32533 46384
22722 31111
34276 24017
33897 45753
51314 38626
47237 12133
16991 28814
10943 44141
24371 7034
8319 11853
49138 23254
51192 24879
17614 27794
48034 14043
7737 33702
50557 14913
1924 26712
21956 7396
57527 49900
28137 20597
17825 8102
34332 30534
4186 7230
17233 34061
46683 8908
37792 32494
41126 49957
5051 57168
32516 46186
29832 18893
33475 57863
23602 47326
3634 2662
32743 5391
37152 21504
10937 32356
24097 7584
10310 25218
16720 18587
57393 29947
6744 39348
37612 48246
44180 20448
47369 55092
7559 29096
14969 14803
48548 36302
33347 26692
56596 19045
2887 28047
806 12373
16027 54892
3014 52589
30918 31174
23854 44508
56571 24081
9836 11751
11729 838
2318 44182
36233 57897
52633 55335
46795 6893
57988 25977
42973 28709
27484 34254
14714 43159
21090 44337
55144 5571
27280 7814
47205 9396
20968 25875
17778 26256
5105 45550
37457 38703
24433 6667
7826 54659
32902 11058
44128 4241
3452 23837
11754 13048
14627 22193
52714 13125
33802 55329
3010 26496
26276 8046
4518 15262
30481 27834
18502 47527
50694 32710
20362 18253
53686 50124
5662 46760
36248 50199
29934 38137
523 38906
24178 17890
13152 53526
19110 51741
36950 52494
51414 42195
19918 26230
48469 23338
40811 31184
15898 43692
30404 53720
24136 57426
38778 31755
32333 33517
50634 18278
50849 9659
12808 50332
48003 29795
35820 7081
49839 8008
52165 56158
16065 32070
9868 32590
418 15128
26873 41181
1567 8822
56225 1948
35491 55697
22704 48353
41678 3464
45447 4472
53835 32646
53398 44441
96 1754
49738 11738
53928 25077
24660 39623
48371 44513
54072 21428
57767 10010
6813 19842
13448 40762
34722 55272
15609 6314
55561 49819
32246 5015
3926 43325
9331 49258
46639 54554
18339 50304
6097 32257
2878 54356
15170 30542
34063 55446
27071 19239
45931 43391
24412 32631
30046 32130
49015 33083
5565 17149
38062 56040
6264 56500
33124 53051
8750 35425
41761 35824
25845 1159
4905 50068
57122 2071
37213 28208
54972 7808
28508 25142
43414 29499
8567 20615
15518 57137
19116 29004
17105 30125
20645 2359
52483 2154
55045 11592
45923 36482
48193 57189
21382 51078
20845 19861
29672 46273
17823 10758
15310 32210
4895 28226
13285 8814
8921 20478
51114 46906
50473 25499
38320 31946
7142 50071
10185 7169
6925 37281
10773 44239
29463 57555
30544 43259
20581 36293
26642 44917
7913 35350
35123 37501
23481 30791
50485 31190
13608 36848
55832 10244
20206 55224
30366 3653
17368 25650
7859 17262
5926 32421
10330 54301
52927 24760
44962 54979
19938 44335
46184 23119
45671 50232
39539 18641
2644 21004
56127 56033
21483 1845
9721 38697
5978 2957
46607 8402
16268 24014
23314 22864
25969 53055
33651 48632
3209 38271
44380 1763
19585 50148
17051 40971
11395 22365
2037 24942
56931 6380
29636 28060
36435 22620
49027 23421
36053 26997
16375 23021
6208 3700
30281 43336
57036 16006
56774 16228
52024 56474
9162 42473
7960 20454
784 38833
4042 5567
51181 45089
14568 4293
53249 19983
12985 55059
55098 22125
24396 11127
44977 1292
41308 53730
42251 21373
5508 55897
38164 30207
38412 43108
16963 27688
4915 37228
1429 33736
4226 27602
12960 17474
42336 1338
29061 45611
53039 30783
8441 38535
6028 1458
53012 20744
21729 24756
55155 37379
2799 25579
30212 21131
3319 37522
11010 6405
37611 52975
28388 32006
47477 6558
25887 45277
32515 44245
1933 13495
53579 22018
44776 32554
27962 32950
11326 50129
23197 43738
14072 22253
12266 10921
18022 40294
18341 19630
29230 23812
9741 28574
2271 13223
53923 32569
40579 41645
40435 51587
16108 4937
42421 35117
56376 14030
32696 18833
27001 17378
36090 3116
31394 19486
3997 37587
5749 26348
18336 52731
25102 14804
55961 40932
57572 48686
54861 6027
42117 47036
52246 37893
34460 6209
16329 38789
41338 22076
52571 17916
35630 4409
52092 37122
1280 52507
25068 34804
51244 56202
55327 27991
23535 13746
31437 56169
35686 52144
51213 5025
31764 42700
22547 55951
53802 33073
32925 52700
21077 19655
25453 28372
17724 43481
11785 35387
1709 20536
20898 13113
39133 27153
14354 26366
1921 16467
51023 40958
18412 33776
3840 29703
52996 53727
30913 50033
34697 35886
23425 11836
50256 1220
38273 41147
15255 46094
10462 33832
6563 12226
16244 56536
43049 32716
15805 13957
17468 43307
34976 48642
51855 30625
48304 17560
3665 41808
50073 34913
14380 53015
57161 40267
52258 50405
54509 28425
23253 37102
11385 47620
11541 41076
15503 3925
38832 34228
20841 13150
55941 23874
48373 30310
45720 9683
23514 15754
38769 9862
1849 48919
46102 44913
45912 50170
23048 19679
37202 28534
36937 26887
9313 20884
36904 4223
55809 41546
32259 13341
35529 27030
20255 17494
11506 18812
32142 53856
2488 10525
5916 16807
55838 45014
15246 39403
39431 15476
14340 26599
1307 55138
55262 53943
31326 9828
53642 12578
54255 1816
40248 16095
13204 52236
52852 20352
8552 30420
22332 31811
46986 36689
11631 28583
52588 27658
21207 42397
3904 2426
1437 13238
9681 10444
38445 17873
46183 8942
9284 1910
50749 16935
7270 51752
34492 52661
23914 18205
4754 43167
24484 36092
46173 11534
55748 42225
25926 53652
38406 47349
6622 31841
22057 51265
54559 1305
21143 3626
8943 5501
55313 57721
56379 39427
28631 19529
51895 4167
41895 26674
31930 23819
42545 44019
20794 43086
11417 5919
54375 26011
36830 47464
45454 9212
40221 15470
51577 7336
23385 55158
14631 48135
43617 32785
38598 7907
11492 34208
24798 43531
20108 38039
48104 50798
45122 54539
19302 16503
54628 32536
11647 5915
47765 15603
118 57012
46007 8014
37542 50672
25664 52868
50518 20540
37191 56504
55371 38295
11933 48316
55872 25556
20855 52812
40068 49046
14477 48757
41920 15463
37064 27714
6823 55519
32518 9456
9218 7001
21704 11479
48847 14032
5100 17993
57703 28802
22729 26764
20940 16667
11003 38633
41694 3666
5815 32137
46463 57387
43911 24557
55426 45851
54648 7404
22004 55276
29271 35766
747 27773
57541 57521
13742 44744
57452 16145
45428 18202
4443 51399
22970 9497
16821 23790
51579 31145
7081 46903
47214 57602
84 20197
3156 1382
25293 42297
28720 39703
48011 2282
27503 48461
54020 43400
27134 52360
32315 3584
24820 45265
23019 51695
35785 44014
24599 15708
6648 16580
31424 36224
51691 25212
37884 20269
42662 41875
49693 45916
45034 23781
14784 54177
57906 7999
29576 35056
4831 15492
52377 28994
2190 25459
19328 516
1316 25755
20888 16747
17114 19720
6864 52963
55835 49589
22401 15432
11149 19492
24607 13788
10546 10501
47972 28761
4916 41377
35852 20787
53695 50250
22148 42234
38931 26627
40216 51729
31637 2221
46171 17960
2032 5250
28268 51083
42837 32224
10814 30874
39802 48297
28456 27064
10296 21806
3510 47015
6637 27681
21699 6580
13471 56136
12451 45776
26823 17103
57035 33184
36315 4350
47320 23060
47840 27583
35398 39461
17385 47791
43293 35896
18450 48352
19491 21416
15568 29705
6286 45562
3253 56753
25750 49937
37472 3415
36023 42034
32175 42048
10066 12042
3573 41298
23648 29059
251 51841
28024 42016
5743 8919
19304 202
43387 26258
40966 53083
39336 41177
31479 20025
13086 20561
6357 37737
1687 5390
53746 7264
11196 10344
41825 16359
19125 57135
5370 46765
57072 50306
7570 42545
20209 50015
51438 8526
26049 38930
30864 44942
32054 26891
43322 51947
53213 20933
5973 29589
42066 31351
35660 55494
25397 8750
12117 17084
24316 11370
24999 45054
24210 38865
12228 21469
53994 52398
2925 18468
17256 13020
55444 54637
30479 27165
17263 24092
14828 11921
17601 25789
36979 24729
4040 37382
9905 14712
49299 1359
45644 1506
43744 36604
6338 42409
54214 40109
43788 57246
22531 14989
35485 5832
27132 30306
49576 12994
38649 17157
14911 45958
36281 11060
53115 3263
25370 26283
56826 40502
27436 28109
35096 53375
45028 17050
31119 9782
53794 5837
15444 24113
31213 11150
19586 54406
5175 7691
25874 926
46813 47094
2276 34462
32906 28519
37436 50683
33871 29735
52459 44146
37453 32385
44403 7767
40651 52797
9664 52826
7883 13314
49624 12488
29429 51258
11330 17446
10956 18872
13887 53043
12631 32386
8270 25040
2797 8533
27747 28267
5136 13541
56469 39328
28534 14128
13233 18545
55850 47626
9692 44381
38998 12411
16901 27416
20956 11821
47652 26774
4392 55997
5704 9565
25435 1886
36462 19019
26042 17158
36180 15433
21374 40481
18102 29556
34059 16274
30026 53710
811 38202
51548 44845
45903 53775
40833 30027
55688 5619
34247 677
51229 30729
27499 8730
7375 21185
57265 45418
9807 53714
9713 53027
37133 13908
53759 46750
38187 25133
49702 46430
54878 27741
6923 48242
36877 39138
51089 16793
6619 4788
51495 6245
18750 36504
54499 3851
22536 3416
26929 21815
17311 15391
25104 30864
42913 23220
31824 39740
37489 43961
39909 52577
31002 39206
55554 46503
11286 49037
18050 57410
26410 352
9428 16624
40518 33066
39889 40610
44618 24966
45460 19826
26328 25867
2542 43992
57559 24308
21725 8667
45254 36672
15570 2696
3231 38043
48874 53629
31144 17059
17602 11133
24409 33014
1326 32299
22143 22229
52013 30677
19862 8646
20379 5876
18373 20796
32219 46548
45626 34762
54412 28373
6437 9293
14940 17066
8808 55153
19693 54549
48741 2895
55994 8381
50727 32717
21029 18416
17657 49010
47763 23632
27314 28187
54491 18542
42308 17251
5852 40170
12317 49910
28949 17286
13854 55471
26685 20514
48559 28559
31750 10813
49775 20680
33850 48292
57783 32197
3684 50049
33769 9914
51872 36417
53635 43085
4301 41724
20390 54700
46503 28836
33214 3488
26437 12382
8890 57222
51152 57910
34360 15065
37269 12003
56039 2351
11387 30819
12633 17055
13155 10719
54516 46266
16351 30615
2168 28602
29914 7604
3314 32435
23618 2674
46179 28936
13049 23365
17956 46467
55028 36757
30424 31799
33104 30000
26015 32309
41643 7373
8119 47171
44642 9703
2003 8104
55546 22912
24410 6133
32034 13352
38932 18620
29236 11840
11639 11030
55015 49148
38462 57488
56129 17878
22922 36913
22561 43460
10717 38383
16952 13920
56757 38244
45145 271
56503 34473
18683 50257
1799 37408
55764 11834
3254 27291
10677 5036
37504 16133
51107 55414
14046 32645
14507 44362
42427 6181
14753 21539
44414 1702
13549 18631
17635 44651
42703 44607
26838 7995
33639 25833
1315 24482
51138 38689
50304 6952
44709 21204
584 10078
31071 1893
57697 5313
52586 30162
11351 46381
39397 43224
52486 31448
555 29757
14665 41180
16541 17651
39869 38942
20019 43124
46711 381
46490 21590
42123 57485
18048 43003
27775 40788
24673 29695
22854 21294
54323 47943
55762 48125
14301 52235
30586 37301
19802 8476
44381 13853
34121 3191
40869 52531
26028 42182
38305 18544
6706 21180
482 52308
33523 3640
43409 48746
24526 4635
36796 35859
42425 39472
38914 24995
39915 6066
18526 26140
19561 16723
44854 11667
57052 15734
31572 50521
4184 26144
22039 5846
18120 1345
41983 13647
21309 10679
18146 25461
17115 51085
43000 26372
46603 18674
42695 42413
19582 49320
12345 42865
9826 56099
33902 7904
50167 19566
15749 32169
3721 52501
39324 28336
26483 48228
43289 20323
55322 44890
44615 39552
9171 8605
56908 23531
1669 43616
42953 6299
55129 24082
19373 57338
17002 13099
27432 32088
26516 29193
25446 25434
48283 31224
2315 17596
38210 36901
46405 39344
37490 27727
12447 5913
22490 49578
47616 27692
53955 24133
14573 40231
44979 12214
35038 28450
41833 41333
51440 27920
31178 6092
44032 2651
23495 33643
55039 22397
19674 30378
56475 44332
43098 14696
36586 42442
11871 44974
19254 46769
6397 10163
30854 32462
8385 34556
48557 41259
52599 42417
47526 34386
36637 5504
49999 19052
11998 30686
44546 28663
21997 5190
42890 31301
5853 55898
14566 9740
57904 8375
14637 55673
48773 19688
20126 16296
27557 54221
51649 28032
21714 19365
24359 37260
17077 3128
38376 36110
19271 5016
30394 2956
7719 33648
30838 7054
3518 33467
41576 27848
38246 27068
38032 6193
57444 30452
4668 43310
56618 47207
12750 37256
32800 16606
7853 23296
44611 16703
25014 38376
34724 5359
54622 50375
27074 32994
3544 1067
9882 7467
9003 48531
13127 43358
22458 30336
26817 11768
37317 51523
29988 11942
9387 25753
20735 2967
46903 5459
11820 27280
51049 46163
5297 19507
31955 20575
21800 38484
41356 47455
11589 54113
53892 49634
41583 43927
3802 29488
309 40883
55329 17372
17926 22370
13723 12268
49886 13833
50695 12130
11050 5127
37768 48958
50102 39588
10384 16995
32085 44133
51460 54297
50042 28430
51102 35021
5770 1175
8481 384
53875 25883
28424 7647
41517 872
28142 53840
52637 42979
28117 31269
31287 30158
25122 57758
306 26549
2473 43105
34982 48775
13069 39446
47885 47574
24452 31898
923 19845
21117 40534
49601 40419
34802 23641
12490 45264
1175 44159
44352 45240
271 44244
41071 25887
48078 19835
16307 5744
14829 8198
45451 56421
22568 910
20454 12505
8450 7335
6732 1042
25137 45616
32987 56074
38580 1758
20062 13713
10946 31531
4279 42509
54435 54594
19543 42582
19060 15846
29880 28560
47700 41030
34098 51775
39084 35297
34349 12512
22141 5643
28421 19721
45009 50445
8769 30372
22462 9711
32125 57389
23544 27649
49160 1430
12349 7633
10806 10886
52391 9990
1254 48417
14970 46046
14702 53847
47656 54149
8599 30900
13841 1287
48109 29460
53008 38354
38647 15901
33072 13195
11075 19323
53548 37319
24025 25673
46604 3338
54862 21880
51913 517
2449 6729
24589 41315
41965 46734
16764 54577
50545 27243
35045 32487
40838 48306
3185 37924
53504 39049
3144 47912
43383 36327
7086 19057
42833 53009
1294 56524
3162 26194
45204 31858
7589 33644
52658 53210
29119 47489
24921 54843
56333 44478
35867 31976
16564 15199
31091 46812
45998 56050
10036 34624
13468 1247
45561 27657
44941 37776
41309 20700
610 36259
19734 4163
27583 17554
43363 42488
6618 27338
43417 31021
34099 7664
17694 32427
40816 40810
39691 42349
53242 22726
8990 29382
27449 45713
6876 28589
33528 1364
47106 57978
40482 18876
7716 47593
18528 12597
7472 30753
51431 53797
6965 28713
32620 15212
13019 33269
56044 14399
13091 38513
50985 53564
17236 55163
34285 39460
13217 56302
23457 43055
46101 30702
26854 8596
19357 19228
10511 47383
2583 46622
35923 25584
32530 27320
13612 44113
45103 42763
31501 48142
21667 23610
15369 52165
180 30955
836 10619
44017 40754
5833 13580
7238 18512
37628 45266
43846 49104
32382 5649
9775 43717
5904 31647
51088 8461
33536 11357
4919 13074
54406 57388
47421 39699
6639 32256
16771 6613
42228 52002
15150 27262
53322 32357
19401 19901
17310 15383
56307 13726
3283 36493
6542 3084
11450 1189
2586 23514
19043 17093
23608 23400
44353 44364
20494 56238
27919 11451
48401 32996
7596 2096
6226 4173
49690 22134
3008 28222
57475 7470
9070 40473
43474 14857
42415 7910
55003 36831
21540 14687
23431 31875
28687 56750
40751 22304
17584 51439
48043 23282
6092 50422
24421 3059
22461 50469
