20953 11023
3649 16624
820 16703
24300 17444
9013 16052
8025 23224
7315 18446
4573 9824
24133 15562
3359 546
22175 12071
24271 10855
17871 22080
2849 3592
19350 13650
13826 19127
1042 10082
977 23768
3071 22546
7165 20620
7624 874
16560 19560
19727 15552
870 8701
18391 21483
6516 25655
23463 25434
21296 18956
22982 18928
17857 7457
13747 23639
7224 1683
14720 19121
19310 15744
9116 5588
213 17179
24865 20612
5232 23632
22877 20308
13849 25383
11150 12459
9106 4843
5095 22307
7056 7937
25019 1035
11030 18762
3350 22955
3040 3602
12450 6252
3170 621
11764 14452
11271 10280
19783 13723
8668 4963
1424 13532
23912 22627
15055 6682
17572 13448
4091 16444
12404 25395
2583 20037
18090 15454
9607 24112
20600 23836
20268 2041
11851 23127
18919 4525
6301 16997
23088 6795
2280 18380
1502 10652
21669 21700
7468 15676
25332 17219
9483 12348
2615 10282
7629 5675
3310 15063
12456 17470
9109 11218
14858 17901
20831 11610
11955 22147
5330 25297
12131 23624
11642 21080
6866 22719
21961 8663
8749 19991
22998 15866
22399 6301
21235 8078
2340 9143
19961 18288
20807 9782
5608 7369
17503 9753
23893 25270
8022 9471
5355 23099
15148 6793
12434 22618
8846 23102
20972 16024
22550 10389
18251 15723
7197 11430
22434 18367
10627 23648
25177 8961
25428 9431
1833 3994
7506 18792
1052 22172
10337 17800
13146 12442
8774 12929
2169 11310
6914 25332
18586 4800
23525 9518
10312 1379
6968 9426
21478 23401
16359 2590
12965 11350
21065 14496
15036 21495
4682 8404
8680 24489
4576 15699
8082 7012
24412 6622
18395 17649
17662 8885
8610 18417
24479 22813
19156 8901
14039 4499
19122 3580
13088 20175
11862 24278
7187 19230
4533 7841
16697 7945
16172 1664
2979 21950
24766 17402
1544 7395
3593 20905
5009 7630
20561 1721
5243 3284
25955 13544
22299 10824
13834 23507
19544 15480
2082 3295
12609 22322
12505 25257
19527 4505
15338 170
17339 18034
8239 5176
18129 13334
377 21394
22292 15588
23617 15646
3754 21317
22339 6536
17596 24770
24605 9413
8744 10525
25186 9353
21004 21165
11147 1939
3656 25190
9618 2932
14247 21375
5183 18814
14868 7610
107 17536
23662 24206
23583 23696
8631 1223
16404 5737
24968 13694
5855 5761
16636 1191
3487 13009
20490 25820
9780 16233
20938 6106
19955 24544
6518 9486
12253 1228
24986 304
5294 9778
17675 18611
25515 19752
17379 3517
19 10979
19627 9325
10622 14889
16011 21015
639 17803
3666 17181
11895 16185
10077 4398
7847 16523
1899 15337
7893 8941
18592 6319
2581 3692
2807 10836
23984 5325
15925 23958
2268 15038
24924 21244
17456 8431
25095 23548
4121 6102
4208 462
21619 24138
15575 11047
18016 25912
5411 9668
8686 18606
17291 22099
19877 24815
13866 6330
6941 5751
17672 20020
24749 20930
23919 13288
22606 14015
6592 16885
23362 10746
10215 2843
13075 13135
22010 21931
12237 3126
14356 6055
16960 4608
14795 10604
3966 8129
8124 224
7363 8546
2099 12569
11079 7718
690 14639
19278 24700
18151 8749
7541 10802
19283 9895
7217 19087
236 23688
2327 18773
23195 375
20680 8571
1930 21420
7502 11782
2209 22701
1030 7744
10828 2036
2322 21883
16848 3874
7799 15251
9126 10054
21922 5234
15907 13285
7021 22482
17670 16467
4336 23055
23703 25227
18712 10191
18882 22620
15489 3848
7963 12044
25711 20141
15499 7237
13339 7181
6240 4377
3091 15670
3177 5020
21594 14909
14125 24502
11610 19849
13880 12243
13471 13627
15304 23002
23891 17998
1776 15429
22065 24817
21413 17614
21175 21762
3225 7157
1987 24965
13194 8109
23863 22294
11119 24732
3581 19524
8148 25801
6279 2683
6233 17220
17574 14640
14701 17308
4594 23062
13825 11855
6013 2560
9128 18487
15160 3677
8186 2024
2471 17946
14521 16564
18034 6625
3209 18767
1658 17586
21370 4911
17714 5392
484 10752
3057 17051
24693 14479
7746 3809
5450 22292
13318 6731
15914 23492
15774 19109
7005 16018
13142 2980
1922 16724
5395 14598
12419 1824
71 14859
12794 4324
8691 16819
25693 13613
25728 14969
14910 18479
9348 1892
13862 18311
22826 15152
23938 22046
25670 10099
18212 23701
21689 714
23541 12975
15948 8339
5073 99
6223 24439
9723 7141
7134 18951
1917 2394
18979 1485
24109 13884
17767 11290
1998 22951
24510 2090
10277 17733
1874 1975
1644 2262
19143 15469
15624 1040
16478 9408
17404 13398
5159 5898
1864 25198
16641 4438
2626 25095
6090 21022
2246 23898
19499 13775
2227 12271
22126 12534
7708 14698
13231 12370
3929 12310
18668 2630
8068 22372
18971 21686
19482 17672
1303 4358
20296 21416
2687 11396
13738 3888
21541 5849
19126 17605
18522 12880
17131 17330
10367 4173
8545 23851
6694 7298
21946 114
23469 24779
10296 745
7822 9777
8704 15172
12970 22070
4289 23564
21152 17841
9831 13898
14983 17431
10361 12429
24638 7526
2378 8111
306 15094
15018 11343
20355 5084
18449 9033
3277 6177
2401 23758
17618 25084
6985 3698
16577 1056
4341 21634
11437 13738
2255 20150
8005 25103
12109 513
9339 7887
5170 6753
14359 2205
17801 3307
23054 19463
9913 1101
20044 14629
21430 19589
17333 22021
257 23046
21885 1596
18174 8020
9811 24267
21738 1450
3395 13182
4401 14384
8667 7679
3783 17687
3508 7120
24328 24720
5094 25431
8925 1850
9233 4592
19820 16512
6902 9479
23515 7674
11236 23971
6672 18878
22528 10450
20783 18923
8651 19593
16562 25315
16009 22038
8229 10508
1665 7763
3025 9889
20785 4695
9067 17081
1445 7244
117 13552
10930 9847
25269 9017
4287 1998
20877 18243
8584 19388
5295 24092
24289 5739
14479 20513
18078 22242
23124 13999
14015 18215
18380 16241
317 1537
2466 11286
22644 21081
4885 21999
17878 12490
1181 25750
12099 17186
19088 10445
18106 22817
4853 13643
14084 13378
4177 4890
1371 9827
10102 12336
11949 6026
1308 24721
11725 17627
6884 15517
22350 7897
8177 7385
21855 9855
3369 23186
11590 4731
25563 15173
18347 1889
13317 18429
20338 13523
24559 13649
5065 18262
7758 17367
5325 4394
5802 12728
13511 7958
813 8356
5878 6663
24136 10823
10886 21192
25638 2591
13492 14739
21952 12160
24087 3030
8132 17552
8743 23744
5217 6242
25801 1689
22980 8797
3543 12360
12536 22075
1269 19824
15424 19757
7289 1296
6540 2385
15084 6166
11458 24960
10001 19254
7458 23735
7305 22003
776 18313
21628 7112
6329 15709
13057 6845
10757 10911
9130 9935
2275 503
25341 6941
9147 6227
11507 24297
21021 3845
16693 24474
13097 24718
22267 15694
17571 7950
10852 22795
905 19806
3780 6702
8560 12997
5852 7843
19025 18091
8699 10539
1254 25413
3553 9276
19549 12474
14240 15279
11328 17487
23873 21258
25770 11773
10279 10107
14300 11785
19865 16804
16759 16295
3790 15271
12623 3232
18894 23673
6229 15385
8347 24958
1455 10494
23226 6657
14289 12148
56 10254
17037 13564
17644 1499
22507 18433
23575 7251
24313 24290
24152 4782
21976 532
6457 18131
11935 19138
14133 18978
2293 23594
21766 13684
10820 9673
20420 4995
10287 6429
4084 10810
23585 7538
9841 12447
16618 18671
10135 8053
21853 16362
13383 18044
10689 21451
13186 22442
22847 11062
9689 8433
18167 25014
4171 16012
6287 23710
13778 21028
21789 24236
12424 16076
22195 15101
24515 5513
5703 24012
20170 11541
18649 5547
9862 4587
13307 23604
17955 17910
14 16002
9958 6031
9402 17765
6888 21031
14087 1925
25748 17169
19005 1109
19880 2436
21454 21897
10560 1590
15237 25046
14477 210
14489 13514
22139 4506
7003 20667
16751 7584
15506 2228
24116 23173
5561 4949
21590 300
2779 7168
9300 16572
16891 14943
21754 12230
20741 1981
20292 20246
10984 20898
3061 21849
24614 20203
7697 15834
22047 21604
10172 15987
7362 516
6526 217
4829 17440
801 18077
1515 13479
8024 389
15570 549
20031 17348
25182 23665
2387 9003
14924 17556
13581 9395
20637 562
18864 16457
6372 22868
23539 22087
22819 14110
12583 5875
16200 3507
13096 3157
7995 17184
4836 4880
21498 6290
22533 20309
182 17251
24608 8272
25233 11615
3493 8760
25508 13006
13932 12225
7171 13305
5764 15041
22804 18514
16973 7970
15223 22848
1646 7401
18266 9830
8166 22415
3977 2642
14958 21422
4370 21296
15226 24891
21876 1039
17405 3064
18315 13281
19512 12428
10398 18111
14503 15598
20076 1839
23570 20865
16541 310
13984 23031
17953 5616
14612 2710
5216 16380
24369 14219
15555 21133
14748 25703
8494 10856
24635 18542
8102 3125
20895 17307
9087 1395
25483 7529
17082 6928
15880 22685
20538 18573
7840 15582
8999 8884
14414 1526
2539 2437
23382 22428
9363 9188
7684 17795
8904 18466
11006 21565
10477 1079
17700 5878
2641 10306
4535 514
4943 6789
7578 19236
12552 4725
22740 24650
5008 23355
23148 13052
7011 2522
2105 9807
13595 5324
13357 18480
10843 7880
17781 18570
15268 12752
13625 22186
2041 17714
6778 10871
13768 12578
12763 24760
25225 24240
19140 4586
22791 25904
641 22588
25088 23730
18865 2570
12465 16410
15630 24428
194 11334
11527 1760
9785 3201
24690 14323
12780 7607
13731 2491
17637 11161
24495 19831
24073 25199
17896 20116
19768 19517
7227 13000
15999 25348
7191 10695
8944 971
14282 20779
952 8957
12743 25676
11015 14764
21918 16077
22255 7476
13249 11660
23730 18122
5409 12302
15316 14151
4183 6087
20391 22273
884 19198
12912 21649
19396 12455
18494 2809
21726 25303
889 20271
2751 9679
21062 8076
14045 23368
4447 2409
15129 2689
5955 8781
1648 5054
8525 12452
12423 23321
10727 25687
6936 20772
14900 5056
10711 24238
11060 12768
24944 10377
9118 11820
24642 3492
13814 2999
8267 171
2684 10102
15412 14574
636 11794
24545 24948
17676 8840
1707 3350
11468 4342
7348 2861
21304 6141
2249 14123
25600 14708
21357 18252
1320 18178
24715 16792
1017 13371
8103 3385
6533 861
668 2937
20360 11598
4994 18161
7817 3050
4137 19561
15518 19597
21937 25705
3749 10631
18481 12624
7143 405
15239 9564
22921 13560
8397 12708
25130 25532
12088 2776
5499 23752
19854 18335
19899 7955
24509 18742
23540 17076
25487 5557
5367 22457
10193 12476
18963 5555
842 4550
10223 8812
18868 9868
22196 8796
12299 16159
12998 2074
23430 5480
6499 14244
2491 9043
19402 13799
22631 9823
20554 15868
7958 25647
3340 2521
22846 11834
25313 8248
9883 8081
22422 23623
19675 20482
3967 16247
18545 19458
25646 20208
1346 6408
11378 15004
17457 3506
14038 4440
21677 9984
12143 222
2260 12967
16580 10887
21219 20323
11182 12449
415 10799
13765 14426
16063 10969
3459 14111
14206 21334
11869 19478
20827 4461
15065 9845
23178 19767
5014 22784
14271 6582
5772 15697
24046 10296
17097 5821
21315 13050
8851 10458
20183 9551
17635 24081
25384 22773
15844 20739
15233 16090
14273 18871
23955 25624
19415 7944
8795 10679
10562 12323
8045 9185
2840 25752
9140 12876
14772 11961
7991 3732
24592 18477
15228 6548
18673 19407
20000 17880
21896 5896
11024 22339
941 25154
16198 18026
10651 882
5959 23830
15977 15127
6951 23212
11627 6870
8466 14368
11153 9547
9164 22703
19535 2267
22977 13407
9053 22053
18213 4561
333 20754
16929 9924
6261 7931
2806 8280
7909 21584
23596 5051
16010 23437
18193 13866
24844 25857
7875 12354
22630 2424
15601 14716
21165 19594
23326 15704
16084 19079
14686 13134
25983 17511
566 16601
3050 22666
9642 13707
7262 17815
13252 1205
22669 25911
7973 22992
10034 17594
21757 19459
19057 20912
12093 2785
15508 3584
18137 8135
17398 21549
11265 21781
13943 11633
24443 5451
18036 21201
10840 20077
11529 1452
23032 18456
14869 21137
8878 22200
10048 21193
8238 13095
7555 24664
3954 10866
23636 14106
6311 3472
10340 346
3918 8479
24343 7275
17560 16734
24976 24473
22616 17000
6067 18285
6277 19023
7091 22534
24203 18850
15867 7243
9061 14608
23744 12260
19320 12817
24911 15174
17192 25309
19556 22268
9274 19287
3295 22625
6361 16400
9708 4940
7455 11304
11826 805
5880 15820
9905 3426
464 9681
23201 13631
4148 2814
8989 3804
1492 23926
1787 4643
18133 11415
9573 10221
22853 11242
4138 14921
20902 25699
24668 6779
16086 15825
3362 11414
402 15603
18811 3199
9318 14358
15382 23659
15687 22832
14434 14826
11165 10451
6042 2202
1684 9840
8274 1465
15655 23291
3739 3772
2142 741
13131 21233
16114 22189
2428 5386
18908 24265
20626 7993
22494 16909
1757 5717
4972 18085
4889 5248
18444 10846
9957 18346
2792 13972
8133 15141
3882 7598
18287 13273
25050 20636
13638 6045
19868 6108
19534 20988
25911 21539
20265 14161
7396 12963
25418 957
17124 24163
14763 20124
14508 6466
9744 14732
19285 19406
14052 14076
10007 12742
18633 146
20350 23093
1974 7039
19977 6744
24252 9121
3252 24653
24994 23061
6809 2051
20497 18919
6915 3335
8672 17593
21641 6127
2661 11987
5147 10682
7860 6458
5696 14994
18088 3735
2460 8597
5130 21978
88 16040
13387 17293
22590 20943
19459 10270
15399 19562
9544 12735
1070 20032
7586 12863
9441 19235
23166 3744
9265 11401
23036 11534
14878 20230
2333 5654
22525 22073
7649 23134
8669 9747
25816 20136
25928 19339
20482 2778
19327 22024
21666 4390
6483 10263
13931 3863
3761 7818
17845 10007
7367 3833
21222 5999
4883 12233
8705 22723
4661 4633
1955 16739
5437 12730
25973 13705
10080 19544
24542 4518
18652 18836
9458 12574
14391 13863
4075 15948
15359 20825
22567 17609
9965 21144
22929 5677
13190 18184
8921 5468
16400 16045
17695 9465
16181 4598
14345 6131
2636 10309
19597 14779
1307 20297
14157 1757
24070 11765
8205 315
848 15880
2993 4474
22096 6394
18849 12582
19239 18402
680 16563
25060 21400
22030 16220
8832 22437
18883 16113
1319 13620
25006 23270
24782 14545
5741 16014
15418 5481
17006 2709
21349 18527
14491 1012
9115 24939
5948 7227
19181 9572
14284 1072
20801 9007
16113 7368
2990 17617
15402 9460
11402 5512
13381 25584
10922 14986
10521 18536
21959 24331
3428 25098
5270 16231
10808 18014
13489 3710
22731 3743
16236 8779
9445 25399
21712 17797
13123 12022
24921 17762
18026 24799
1203 1364
14904 24904
2886 23560
10307 14463
8271 17903
10594 7162
3799 13932
25315 3356
13245 24117
16863 24621
38 8112
21551 9756
17780 1057
15139 14737
13542 8612
1777 11423
6147 2851
16989 14388
11855 3847
20403 25416
24788 7765
16335 6878
20494 24171
14485 19266
24904 22582
1692 11490
6671 23290
8751 19998
17997 20735
4294 14031
9439 5439
14357 20191
22881 4563
15884 25718
3979 6771
946 6782
20645 1946
19952 18681
7842 11496
23259 17442
5190 9211
10183 19558
18050 17655
449 5518
18097 10606
13370 23071
3055 9590
3718 9481
15121 18768
3850 8761
21225 16857
5046 22260
16331 3121
23482 4443
9564 24580
16675 25746
23115 13488
8960 1943
13615 9088
15811 21493
15474 4158
7987 22985
14968 4349
18064 8182
4740 4793
12570 23311
6246 10555
19641 24952
16655 22159
24455 12869
4474 16039
2288 4659
25320 18922
25887 20723
13597 8806
11138 20573
25812 13574
16638 12294
8755 14811
85 2475
9269 20763
23792 25195
9784 3051
19233 13201
19003 16896
21625 24570
16045 9117
4870 22765
14633 12094
17649 14900
15871 15993
11310 10725
10894 19070
18086 82
24998 25367
17808 24010
12361 3053
14921 23952
10545 15023
6182 20803
22856 21763
7826 22849
18737 11739
12550 2076
7654 17513
25414 13033
13461 7138
1431 14079
10427 6942
24403 16211
23109 8800
12493 10580
12652 9293
21748 11068
25966 17935
21366 18938
4985 4280
16231 18552
1214 15904
16460 25832
19340 11264
10879 22366
3289 24978
14428 1587
3268 1506
17235 3263
14973 20519
503 15060
23674 534
4724 4072
13435 5177
21456 14461
5059 14960
2452 23
15385 14019
25610 6630
8685 22564
11094 4323
20423 21300
22699 9892
13025 5210
21294 8980
2632 3059
10767 21450
22098 11811
17486 8205
12453 2701
10377 12185
20539 21775
23551 21264
24885 5424
15990 1697
17729 12988
1177 20500
20233 10011
2243 23790
7693 22920
20682 24748
22427 7673
9417 14066
24471 21479
2962 2989
14221 23059
3226 3119
24916 36
20767 6994
23066 15625
3294 2554
14539 19454
5452 7412
22742 17022
9813 22282
949 14584
1508 305
10630 265
1839 22794
9614 11259
11747 3952
12283 13839
14113 22743
4771 4332
8002 15654
17406 2321
13503 7503
22342 12553
25970 2928
5901 23946
5571 3357
5737 3382
2588 10268
19972 12045
20307 9806
22385 4494
7892 12542
16308 25345
19109 24680
4690 4363
7609 21024
15111 4682
20903 2242
8323 17384
15060 18458
8367 278
21852 19999
308 5378
15246 14422
9426 11508
22204 6982
17911 20581
5177 24520
2421 4961
14475 13491
11324 20188
19254 22498
9803 14497
20937 7119
13904 2841
22621 3293
8196 4588
14970 24657
9900 4036
6528 19320
12606 23921
15834 12584
3495 11520
7773 14071
12497 25923
18741 4582
11763 8120
18836 9076
9696 21123
22914 2761
9675 8132
719 18134
21569 19694
8995 19662
266 19910
22473 9337
25504 25526
24402 22626
1608 879
19871 21575
24418 9885
16277 6733
9379 16966
25420 19888
19893 16697
11545 6182
7177 24506
20861 12837
6231 9685
20346 21174
8213 1789
22209 25684
24759 16217
23624 12645
25149 3695
21601 7900
22311 16371
4482 20909
20587 19462
3184 2327
21180 17311
1292 396
10124 11833
25842 10371
14445 4325
1094 12676
18992 18625
11956 13791
23998 11974
4307 17904
2954 22379
9671 5662
10706 24994
24494 15435
13616 25244
5756 2392
6580 547
4331 19247
25773 2213
11989 452
17395 8592
16443 7070
8931 1306
5392 1982
8421 25864
15790 13041
9672 9388
24464 20598
11100 23352
3774 16419
15347 25137
2468 13880
4613 22997
24713 20990
7393 17583
22162 17618
23732 20187
22099 5004
13023 9093
18263 2740
11986 10156
2960 16755
25910 6659
12930 5092
457 17577
8666 10707
17583 12804
4050 19217
14903 20785
12078 25010
22048 21294
24544 22317
22032 21075
8591 2167
19155 10164
12486 22895
20924 14336
12173 23920
3551 7820
22114 1898
7662 8012
15450 2826
821 14238
20302 3801
18397 14857
10749 20064
19992 19951
7254 1804
21223 10135
2072 21827
20821 24304
15214 21564
22973 24270
9903 5756
21275 3914
13380 416
3824 23197
4581 4497
1486 22987
1220 372
9974 5369
16143 16267
3806 11361
3185 17138
7694 16949
17615 25657
4446 23619
12736 8496
14865 5472
12158 12186
21971 4160
24352 24569
22823 25596
17702 8807
13734 24017
19246 3869
24323 25279
23810 962
5064 10978
21461 14069
3245 8913
16035 17166
20174 2093
13374 8617
9167 23342
1073 18896
22620 20563
12142 2526
7120 16258
14529 14916
14572 16738
7737 11801
11885 1817
3256 16372
22469 18576
12037 5469
17842 12049
21130 5155
11754 8360
1985 25341
13047 3372
9041 18806
6220 22090
4003 23685
14901 3780
3004 7485
21718 24274
21028 16674
20955 85
19568 1444
700 403
25782 8014
10929 1507
7982 15459
4127 11927
25788 12550
18501 4918
6725 5865
25073 1159
18161 18117
6789 23398
19215 24271
7077 21487
7635 13742
25375 7357
25843 10545
19530 8136
93 13640
9086 23603
4742 10484
4260 8889
8214 2553
5718 18729
3603 12217
21662 3913
845 16451
4319 22064
487 1726
11739 5877
25836 7314
7797 16901
19296 1505
10610 13138
518 2259
5710 15241
8696 9251
1718 25347
4154 10181
24305 2831
13795 18124
17239 14967
3725 262
24434 12089
2083 6576
15606 9555
14690 18475
25495 25707
11864 9959
16818 24235
19454 20406
3574 7949
14812 15202
16510 12068
7260 19389
20156 16167
1421 25317
23831 25425
25665 6404
21591 24002
17087 24920
9884 8033
15010 4934
21081 209
1021 13437
1994 784
15696 7635
13161 17746
13969 11352
22483 20839
3538 22724
16066 48
23344 24869
14535 12330
2409 24186
2648 10077
10555 3407
19933 6724
4861 17361
2153 7805
4136 13757
9012 16123
20458 1963
20745 4666
19182 23320
17969 9170
23336 3049
10656 1439
12482 7585
19576 17032
17386 13536
9664 22966
16566 12206
19839 24508
14097 2783
3250 19031
25989 3132
22996 16562
3750 4375
21330 20881
25198 12923
18067 2453
23621 19396
7046 18607
14093 14254
14797 21707
7488 4284
13560 7759
11107 9558
14861 8553
13066 10323
13632 12877
23908 22962
3116 24097
10242 10691
13985 10423
10241 14836
21795 8912
8353 7655
12266 2448
5002 6643
22506 25557
15541 25237
2200 19160
2798 3571
14152 5093
3165 3463
24399 5387
24209 15272
12211 10291
4264 13321
18232 3957
1966 17562
19218 11741
18403 25243
18406 6804
10802 14809
21955 10103
4006 15183
13462 8684
11587 3930
21802 2963
24586 5165
13859 22481
23628 9969
1686 23092
10239 22836
11523 19770
18938 1322
16627 7046
6972 10742
5071 4861
21520 23304
15801 8134
7349 11657
3547 12985
11473 16826
18228 1605
12045 22190
3765 9793
24990 8526
9129 5698
18813 1019
7411 13252
14062 14818
18382 18218
25148 24514
20373 18027
20106 8188
22118 3104
21060 3340
18244 4581
861 3980
19956 392
21556 2021
22724 25591
8764 7284
5912 6493
8955 13127
23027 12198
24983 22489
10125 20654
11136 21126
11503 2754
201 19082
5945 19206
4695 8482
18558 2458
21540 715
13133 2113
2281 6480
4649 21168
24281 14531
20748 4221
1005 3014
3007 10865
24449 4015
17383 1400
7050 15106
12328 1660
13758 5505
14866 14194
11171 23739
5158 12944
12126 967
10212 22388
23646 13981
25456 5663
18599 11599
19538 7036
2784 6133
1724 9011
5099 9171
24722 14615
20246 4871
1631 1136
22085 20290
2674 20218
8917 8054
14520 21211
21691 9671
13895 16348
15915 13501
13572 18045
8952 1999
7064 2875
24738 9168
16789 12551
3730 21059
11311 17230
14088 8165
3634 20669
9282 640
22224 25622
22233 23376
19436 11768
15946 15719
17267 17843
21861 25607
10107 15882
1489 11274
7226 16463
12952 12727
19639 8862
1796 5893
252 855
6699 10449
9877 19567
6922 7177
25145 961
4497 25512
25041 9206
8373 1920
9485 15457
10752 17349
3932 11713
254 25128
16299 19137
14112 7628
5758 5231
4234 3282
12459 8122
17452 21525
23058 7903
16393 8734
18309 17488
21891 25928
11606 24152
2362 1833
13012 25037
24316 7190
1387 18865
14295 11627
615 5693
15066 5771
2552 7752
10259 19416
18867 10421
14067 24187
18790 22860
13253 11757
23249 19385
20977 925
13687 23051
9487 22956
3775 11524
13273 18601
684 18469
10643 4657
5632 18452
20255 6169
15077 16130
22598 10128
11858 5753
2888 16071
14311 1244
3469 2958
14277 1841
19297 7623
13122 19716
17170 7170
2578 654
12969 15663
10168 6602
24439 4276
11126 11166
7261 23493
10914 5816
25531 1952
5510 719
2503 4841
16728 19223
20750 4642
3737 25375
17387 3635
16711 17246
6354 11957
25436 2377
11449 12242
11505 23087
23835 21697
21150 19203
4840 3311
7743 11029
4799 10572
8388 4472
6465 5162
5686 23998
19740 14316
5010 25948
24876 20948
21480 15965
2470 21273
5805 10397
25325 5709
20577 18415
16192 22727
15203 20111
18473 25789
24900 11693
18989 7316
14710 21809
22320 19299
18498 5746
21070 12399
20818 24052
20465 22561
10591 9651
20553 5824
10360 23883
4947 59
14411 23004
2238 18771
15366 12832
20690 25259
9923 18596
9001 1062
19380 5967
1841 19740
11533 10428
16625 20034
2432 7239
15131 20960
14809 18532
1233 3412
1865 16259
12083 4609
9407 10852
2515 24424
21125 2550
2959 7799
20153 11365
19467 10470
16616 5502
12599 20847
15163 2908
19017 23232
18164 21956
25947 11002
24213 14636
1345 374
14737 8691
18733 6871
21360 8177
6169 22714
10536 2222
19825 11485
15586 8411
16429 25790
4944 3541
2028 23607
3392 42
11254 1578
23407 12647
2764 14360
16534 24006
21173 13752
5655 13567
1283 16158
8119 12410
23188 11510
14399 17893
17173 12300
17130 3324
19983 15712
5202 25846
11925 18942
12218 21331
9270 24847
12695 22517
13395 7392
25378 5330
11088 14788
22247 2416
19592 1095
1716 9664
25862 658
20673 10444
21211 8557
10966 3432
2160 2432
10804 11201
3097 5575
18284 12304
22230 5273
12667 23986
9311 17926
8258 11074
23716 19466
21515 20108
19750 15819
4928 23086
10924 1016
2671 14134
19096 21419
21746 5407
4635 19901
11463 14228
10166 5148
22888 1755
21697 3319
12844 10850
4226 6736
23228 6226
2777 13412
10145 22846
12344 18158
21086 23660
25942 17699
10764 8693
4188 21647
23031 9225
22460 9746
17249 7784
3063 3143
21169 1627
21970 12875
13875 18736
16663 18012
11857 16088
598 5033
11882 1787
10121 11824
5907 126
7019 14012
11198 2872
25106 9652
15935 21694
6292 20483
7424 19668
4508 15740
5078 6543
2529 3179
9693 844
25826 5598
3315 20913
25261 9563
17688 2685
24204 15518
17254 3785
1237 10105
11036 25719
25111 13025
20252 15432
4295 16027
19571 21661
12345 2987
5055 21033
5317 17830
5926 12699
22704 6059
25268 12158
20472 12500
5425 12105
23632 6114
14342 1463
1432 8628
13464 14410
11938 15240
22164 8632
23580 7414
7784 8801
14556 18490
20008 2020
9337 4953
24655 22822
24529 21872
25684 3169
14711 21894
7668 11266
17499 17743
7838 13566
10141 24788
25703 19325
15369 7456
6358 18141
12054 12685
22227 17124
18692 13718
14438 17548
25213 22514
9234 15560
25498 7722
12514 15607
16480 2588
17284 12937
13719 23407
5311 1138
6544 16453
19814 18718
4536 16936
8193 18727
1710 22202
21011 20326
15748 4832
12164 3942
18172 24812
23312 14715
16906 5665
4086 5478
9341 6944
2749 6316
5254 4135
8939 1399
14724 13874
16822 2568
14336 22385
3006 14267
7276 6617
14783 20553
11456 4846
874 19499
13596 8451
1746 10478
12992 23826
16450 2196
12254 2852
7726 12718
12654 18231
2675 13021
12286 18090
7358 10687
924 9051
10443 17030
3247 15013
23420 406
21298 25774
10987 22952
25932 20417
4786 25615
4509 13750
1256 3688
9401 13581
15482 4904
22809 4857
4548 18567
24866 19094
23120 24851
15372 3462
14700 18439
20164 25545
173 3310
2597 25748
623 9375
8387 11268
7067 13465
4900 8656
17984 12552
17295 21457
13870 15912
3644 18745
25434 19955
7787 15501
9869 5643
3993 9025
1565 13205
7814 4714
13757 20259
20409 19945
14979 22309
2059 22730
3633 13164
16379 1271
19554 12970
17566 10863
539 7785
20708 1616
16888 24437
18844 15572
7928 12205
23546 663
4705 11072
9545 9931
14066 10190
52 9187
20147 16110
11562 3219
7883 7470
18700 4404
13651 24371
6138 14520
21771 25364
21897 10515
17154 8829
11817 23882
2218 13657
17238 21154
17829 2926
16634 6159
18159 14475
667 6927
12795 13343
15406 24280
1427 15875
20830 24888
12678 16925
12233 12253
8312 1842
24489 25936
533 2151
11702 10195
25839 23252
2214 16607
11299 13219
7902 4445
24018 25576
21532 17180
3397 18635
25281 949
19068 5694
24091 6317
24795 6578
10896 8176
4372 1084
1453 14957
17892 1657
21064 11809
5738 23090
22436 6525
15225 8978
22787 15212
15681 16552
20701 13008
5973 20822
4419 4060
2068 22321
23464 1002
25435 7928
14998 16017
1212 14618
9616 5820
6606 19231
1436 18067
25924 11461
6537 11281
1374 5359
10342 8476
10161 24542
16889 22573
13050 2962
17795 9342
15513 900
8301 12667
1200 5339
24684 18752
21198 25554
6263 7023
9376 7254
11698 21214
25587 7377
1567 22207
21488 6775
10877 8818
8953 21352
4079 13419
12060 16820
14319 25569
13108 25152
24357 22355
14410 292
12670 15536
11110 4336
6122 5676
16260 19699
22678 7333
16303 8271
12038 19935
17016 10010
8740 23356
2708 23245
23826 21062
13911 9024
2587 13888
14111 12337
19742 11427
5914 8258
17875 7151
9627 15293
10526 9901
2624 22191
10746 17061
21658 20435
9688 13014
10044 19153
19747 3353
23517 241
13963 16762
5461 21705
22603 12263
14546 18398
11520 21213
14652 19457
1388 19958
23817 9263
11553 9781
20148 22427
14253 3543
8997 15786
25936 2092
1880 11020
2459 9060
21994 20992
20891 10655
13311 9073
11905 8558
16813 21500
24573 23302
22263 21348
4679 9791
19909 6173
22220 4913
25603 16951
1141 7875
2204 1861
7734 13242
25511 21645
21141 10473
12004 22308
11867 23636
12546 835
18588 21477
1062 16298
19828 9687
5028 8501
22252 13716
14744 13258
12156 12723
12191 24142
14548 1158
25005 19105
2520 23203
18807 6224
4512 11245
17350 23808
12025 7287
13043 22490
10302 17519
21285 20917
9133 25720
8180 15589
850 22016
24107 11748
6097 9837
16353 5571
16966 18293
12681 5936
18405 9627
3859 15427
8578 4193
25395 24279
8530 23763
23070 18319
14624 25000
7032 10999
20050 21445
9358 2927
22741 7283
16096 11642
6560 7319
4019 24387
4448 10063
2427 13779
14813 25825
5658 10857
23376 12180
14586 8539
2877 19188
22346 9636
10473 15197
21884 3860
11385 15419
23251 1759
2128 20788
18023 19123
17766 19016
9515 20338
9829 2334
5162 15474
23325 6375
22945 3927
20897 22306
5705 12507
11846 17362
16671 13537
6586 1772
4551 4941
25899 4502
16189 6564
862 11229
18155 13409
18753 18659
12089 4694
18077 10368
4253 23452
20053 5910
2826 25525
2155 2649
23493 15978
23556 10900
15685 20678
17226 5795
25204 20792
13417 1901
18839 155
2417 14813
4107 8963
10389 6862
21049 24943
2431 5525
14745 18884
15265 25051
22286 5192
16953 16043
11290 25730
4206 25021
25568 25551
18066 2885
20965 4241
19261 14212
5963 20759
25159 14059
4229 15644
14177 12561
1816 153
4069 1237
16978 17491
5015 6535
9966 23943
5396 12226
5308 10559
10573 24801
23244 17401
7389 6245
11339 588
17004 22176
9308 136
2585 20536
8212 24039
6433 8154
20810 7415
8994 22726
4102 11284
20481 10227
20134 4225
17482 3366
3062 16494
16469 19290
5526 10031
19393 5473
19027 2140
5053 9772
5610 9530
21586 14940
20463 23850
23614 17049
19830 19542
11064 17175
18469 11071
1350 14211
930 22505
2662 4385
1490 11231
21020 16063
25265 11772
18900 6175
8673 5403
21337 627
6908 7351
25132 23828
18748 4300
20939 6921
993 24055
16320 19324
20551 16536
9492 5538
21035 12013
15826 25957
22446 1225
9747 12295
14862 20983
2392 8382
22565 25273
1964 17523
5180 20419
14405 1593
13620 1572
15868 21692
15219 21417
6686 647
11148 1581
4708 22602
10243 3795
10464 14560
24059 12461
11318 4050
4285 17934
24926 8282
16875 15546
3480 22999
10457 5018
7922 6734
15286 22781
4015 22471
8765 20655
14733 9867
4617 13792
3173 21682
1659 3309
9510 21709
12588 17050
20165 8847
13702 20408
8136 19846
5234 4495
10730 13725
18930 3438
23630 16764
10248 23553
6221 20241
5222 3858
16328 9264
16867 3736
15297 25716
16344 3483
10111 16310
16298 6510
760 19956
2951 6546
12886 25493
16563 8618
7889 17143
19116 6609
11564 11729
1595 13427
1657 5256
9220 1292
16217 17962
19580 16265
21439 6806
22038 22552
15421 15751
9364 10834
17587 7685
268 90
3523 418
14121 22009
4389 2917
23839 3619
25031 21923
13214 16191
11992 4888
1483 2952
13127 25544
1677 16768
18687 2460
18410 23711
6379 3320
11880 8386
9457 21114
2410 7575
12660 9701
16524 8655
14758 15214
25048 1642
18018 3271
9166 5725
22296 1293
20023 9522
3894 11804
4217 22177
3169 10247
12908 13960
12229 24201
11112 3798
18280 3113
11981 24845
24739 1504
4728 317
6523 4535
16683 21737
13153 21208
16387 10770
1485 11716
1276 14344
4491 20376
23383 8792
15524 24022
17018 3046
14975 12211
4881 5993
19866 3731
16893 13133
10747 13116
20090 8908
10438 12640
12877 22607
20202 15672
24227 13820
9806 21262
19456 5466
