41906 52423
7297 27640
1640 42523
48599 52227
18025 10931
16050 7410
14629 8685
9145 45625
48266 47607
6718 3844
44349 10447
48541 6797
35742 27265
5698 38716
38699 31633
27652 52578
2083 37287
1953 44460
6141 28716
14329 11880
15248 40064
33119 24888
39454 51064
1740 23502
36782 40066
13032 1889
46926 44858
42591 47663
45963 8563
35714 31660
27494 31990
14447 7402
29440 26954
38619 28881
18232 3013
53047 4151
426 17146
49730 42925
52811 20594
10464 811
45754 46175
27697 44429
22299 34395
18211 50301
10190 48735
14111 37792
50037 47434
22060 37029
6699 14680
6079 43899
24899 22171
6339 34020
23527 34283
22542 45105
39566 45914
17336 40517
52896 6242
2848 28368
47824 43367
30109 47622
35143 16291
8181 31584
24808 22660
5165 43497
36179 44322
19214 42036
41199 25224
40536 9743
23701 36592
37838 40168
12602 3577
46175 764
4559 42166
3004 10285
43337 33133
14936 30756
50664 32496
18966 10840
5230 4907
15257 49246
6620 32221
24912 21014
18218 15788
29715 21686
41661 18230
23910 3300
10660 33223
24261 14596
23284 36078
13731 42161
43921 24815
17497 26430
45995 53550
44797 15401
42470 5167
4680 30088
39921 29111
41614 52512
11216 37555
35006 29367
47785 5769
16044 32667
10709 29300
30295 20714
24868 7780
17692 32596
41944 48840
45100 42820
36501 1165
14393 6727
44867 26440
21253 27024
50353 2349
50856 36513
3666 35986
15011 12
53858 5957
2104 51891
52760 39598
20674 40572
26291 41782
17547 19963
4338 33315
13827 36854
37171 13557
47050 42900
20623 44006
13935 29899
42955 22339
32718 23813
25929 3557
42130 53516
30072 14610
9364 29784
17360 21757
9151 36711
16163 50294
48824 40617
36790 39319
35323 31008
17220 46967
48957 43069
38312 23809
28078 46919
38243 29658
26176 7473
23724 6386
14374 49763
9066 43183
33393 14533
32344 144
5958 22372
49531 23275
3088 41528
7186 52424
10017 19136
41121 35894
10485 34209
51910 24504
44597 46013
27667 6968
39087 3001
4164 10759
25217 32272
25010 9205
39053 53861
30675 46980
34677 48662
16477 47289
36257 26819
753 7010
44584 16666
47234 40033
7508 12840
44677 12291
35191 7914
49210 25749
17487 14129
50371 29953
42007 51212
22294 12490
7311 46976
19235 22147
28493 7063
10366 49621
29736 27163
213 3048
47324 41501
47165 44050
17262 38589
32807 8076
49936 50604
11709 29525
33272 29976
6974 43153
40980 38622
19559 33044
41875 8824
33271 32692
39910 285
13036 34758
24505 48249
49972 3184
10588 36257
35349 28365
51029 38347
34758 31650
38 51189
39253 11614
21244 45339
32022 37917
1277 11381
7332 47874
23789 53428
52873 8414
20154 6787
15693 25390
3797 43092
15786 39358
37183 39726
5162 21093
5614 33038
47967 25210
31850 27438
53479 39912
4536 45385
49847 49963
34912 16269
50190 17931
8242 26075
8415 22470
43238 19279
31149 29678
36032 52744
10822 8741
17371 9056
34582 27050
39754 39488
27731 45877
13881 49049
35344 33574
49498 19590
47837 45974
45212 35902
13183 20573
46724 46654
20429 48289
26149 36280
44020 41457
24473 14244
28712 13166
33920 13744
29589 40906
7931 46818
16247 19044
14726 44998
4197 22630
22157 44065
1379 8695
38556 46557
36302 42605
15081 11654
38565 33024
14433 35553
472 45503
4653 41739
46390 21128
41360 46554
3859 7564
15004 49859
4418 23085
2059 36850
21655 31482
4644 38195
33696 37398
15598 43723
18251 46539
43843 27360
31813 44188
14041 49013
35340 34990
8672 18739
47406 27682
37424 52974
37763 837
30977 34258
15926 6978
51421 1657
30997 24961
52921 9525
26678 3478
12479 43926
6182 3710
6353 13101
43188 17497
28250 49165
23220 51481
27760 10548
26942 18784
30607 44787
47781 16421
3551 9597
44130 4066
42825 45259
42349 51404
6450 19343
3973 13370
26387 49388
47725 35467
22237 2118
52468 23507
7162 53349
16296 29662
12557 6717
12466 40378
35147 44272
29401 48464
9187 36824
27649 14701
12026 48655
18255 42410
30319 36784
16372 25487
4941 15572
29042 33484
52955 51401
36067 52222
6417 52352
3316 45622
42739 18851
35428 45413
968 43549
6113 3079
49386 25008
15492 25399
10900 27301
26635 51650
31827 44902
31547 20491
14009 36185
26283 3526
3843 850
10790 48738
24837 16472
142 13310
25587 40670
17381 51179
51385 29037
51455 14782
29820 41536
18695 46179
27723 46501
45652 42444
47875 24101
51339 49487
36423 38561
43377 35823
47082 48396
31895 39544
10145 12876
12446 50866
19446 47508
14268 12682
3833 19280
37958 29414
48218 11628
35534 44739
3995 4881
49020 12254
20553 11390
3747 48175
3287 33676
38285 7822
31247 24721
32955 2664
34808 28083
10318 18292
3728 36478
33282 17318
5251 8525
12179 10547
4491 38273
38997 16713
4454 370
44251 21664
15415 30562
26462 46511
7857 10146
37335 2618
16136 10074
37941 21144
38963 39118
2605 3333
40592 50703
5373 40985
27475 40345
43082 43378
38252 19737
37043 32149
34262 51768
20734 37531
17090 36056
13387 23468
43892 4777
46937 51383
20591 46379
15643 20832
17408 34433
25939 14416
8578 12051
42304 34119
19661 4469
29965 51529
20721 33105
49275 10445
4755 27259
611 35592
30035 35196
40709 26439
36897 6026
6553 22899
4802 14497
35235 13983
13970 43473
33154 21751
8681 21697
22873 23646
4509 19240
16010 14317
24218 49327
18677 40520
10339 34767
28717 31121
35601 36788
46108 53982
19826 49292
40087 42553
52895 577
42859 7519
34665 43840
513 22676
43770 29208
53550 15752
36347 42092
19621 40220
43476 40707
6789 15980
8801 2614
17333 44732
7565 21033
7015 24994
48656 52181
10188 7431
17849 25289
18466 16816
39639 35405
13804 47447
47030 18536
22472 1620
13343 33874
45056 53878
41566 50496
17301 24574
33123 33706
32017 52614
16458 33341
3330 29201
6049 31904
41569 2874
18133 19428
2890 42699
233 12617
21860 20993
50537 33679
8574 5397
41754 6289
17168 10971
10590 50681
48578 35257
28957 34945
36155 481
46247 41087
28029 4291
36760 13814
634 43932
4932 41256
45287 50698
9769 13971
35756 44919
2362 27801
24197 6811
38176 13473
36211 35243
9706 46055
28167 48587
8353 50804
2742 28524
20203 42374
23898 53527
52175 4727
2615 48949
23450 44961
13768 10077
44700 1557
16354 30096
43709 46981
6737 21740
23179 2483
51126 5736
36693 4801
26633 11665
40676 52050
49118 16510
10129 36575
15515 4617
10650 37681
52422 53846
53135 14919
11604 16951
27021 26715
1625 25431
11755 29565
48272 41302
21771 26506
51275 28379
26983 20736
52576 1107
43904 25527
48173 44126
53134 7754
16264 35051
17486 387
10434 42037
51602 47205
45959 40525
7085 4145
25071 49543
2538 48887
30848 38379
14578 2983
13080 45934
53516 4758
30167 23443
22916 32954
20001 6956
53775 18995
52124 51570
14916 44950
14610 19750
1551 39752
43256 5670
12657 18450
26114 50154
21513 28684
18259 24997
4550 25895
50681 53879
18293 43302
23013 2020
42041 31064
33385 10245
26194 34962
44533 14410
35142 8938
21703 48940
1809 25625
7560 52218
17119 52264
11703 35765
38050 19332
17398 41553
2508 9443
7105 19534
39097 44387
28480 52103
22655 47798
47746 42464
51540 24454
20558 731
28600 36276
39729 36378
33517 9266
7579 8077
25245 2738
37788 330
12458 37534
16694 39103
2909 25827
46451 35203
28578 35883
111 5579
34074 19969
52856 13767
35288 49041
45014 48591
47149 47576
48625 22535
48303 13877
43951 27044
12913 42332
23870 33591
28266 9336
4586 10549
43532 12059
21640 14470
40840 40429
20573 16564
8168 12736
47170 7512
19682 11886
33235 43974
20270 52407
43706 37179
26765 3565
21377 49221
26372 35970
45693 30230
19377 42250
36334 36023
8342 4794
12573 19049
27555 44020
43577 4415
24848 16430
44389 6436
49030 12938
11406 47553
40339 38050
37297 31929
19724 21683
26613 23406
35910 8403
27 43995
19915 42958
18804 15371
13775 6557
28174 18687
51496 40601
38010 4575
39759 20827
42907 31842
21119 29534
30474 21519
28953 40393
28978 43216
44278 20033
14006 45447
33501 38285
31011 9988
52019 37065
52169 37150
48232 23888
11121 52934
43179 20732
5558 28070
18599 11052
33781 317
43507 20527
41481 16134
40584 51490
21967 14518
6121 46675
53637 48485
49227 41998
15393 28582
44093 18133
20344 23560
14723 8802
52859 44537
13051 48037
9657 21730
1601 31455
3029 30334
16047 29187
31139 23511
40061 50776
50364 20020
4773 31915
29847 36155
27161 7133
41273 11520
37728 42307
12743 39756
47078 5373
45637 18391
25165 9176
32400 35299
26192 12874
15990 17252
9672 48074
42996 41067
45065 5012
364 47673
49216 4942
50466 1221
6986 33239
51015 41395
27863 2045
14342 53258
11527 38135
52699 37939
45608 26551
33945 50411
30445 38669
3292 13944
36531 2403
16332 36150
7954 17080
29915 35617
8739 35369
52522 30940
30451 42855
43751 9741
34809 23975
36630 25723
39024 14635
20795 38641
49497 48053
29005 19071
40151 8775
53413 30455
47139 32842
33082 33451
27967 5935
35906 26004
29224 23847
10431 32911
48737 695
31109 43430
29496 15656
16987 52858
49269 40242
16204 44838
41790 10869
18174 49625
50189 33695
50966 9200
34164 29244
31759 10435
41075 11741
15680 37117
17997 37082
28828 9582
5078 48230
46763 47973
18726 31687
15368 23515
17808 2649
22011 14341
20953 49904
35400 31959
5281 15188
9069 4120
9885 17325
15156 24212
25103 15337
45479 2806
10015 43817
46296 13552
14022 33941
4210 51870
27189 23675
26713 25435
21685 30781
35561 29796
30535 3044
27249 2616
4081 42502
13556 21239
27535 6765
25525 46121
50450 34169
38279 41522
45582 17924
1281 48622
50175 17257
37729 37922
24929 35675
31260 37367
387 11394
23053 24685
19570 42840
49380 24807
25559 23941
27461 38515
35273 42818
48990 5102
48145 33861
35792 16488
52421 24664
39535 14608
14454 33841
31997 26598
14381 23128
17888 53559
28563 22613
31828 31907
1903 51948
25485 31596
22029 433
43836 32889
44509 9108
52308 28830
26498 10854
47460 15073
10817 5053
30631 33721
8365 42171
40781 18404
35005 13862
1768 9847
25823 12250
38791 10313
36988 23739
43451 39455
1777 47010
5502 53540
42124 7755
28090 43327
8894 15096
30258 27173
11910 53162
3296 21642
17050 47203
24845 7428
21454 31557
13872 44252
29800 31380
21421 31394
22119 13809
49888 38719
24847 10568
18236 42419
49284 26929
27628 1472
16533 15970
5368 2828
30823 8382
1271 37585
49089 38821
35352 10560
3414 8830
22936 41258
14695 33597
42608 2569
4497 37505
51199 9625
42714 3665
2639 10902
49430 16926
2034 11799
16206 33859
13066 26572
1336 39280
40720 36937
9987 41788
15634 47157
8273 47709
31036 43369
43874 53825
7497 18577
36961 5620
14285 14195
30477 29439
45841 39750
16794 30895
50260 31567
24176 11179
10997 14377
39708 26921
39797 39377
49017 9353
47079 52076
7507 38185
50974 53770
53694 50299
10733 11920
20385 40843
37925 43231
1683 33477
20445 17336
37736 10992
44391 47461
24597 44931
25996 22458
46860 29719
12998 39095
4981 38706
38804 4512
45261 15062
41107 24787
15916 25262
6679 8665
45692 7116
50626 1086
19765 13262
44844 34257
39349 33054
52792 44851
7934 27512
52182 9802
37089 39683
51291 6312
2692 31187
22755 40289
34914 39310
28075 2559
43354 51372
24286 34828
4520 32987
33159 49309
42438 7702
22363 6108
830 31605
27529 43214
53893 8542
32126 39550
6917 35343
28412 79
23737 50782
41654 44471
30130 42549
46355 28279
10027 34213
28541 27570
11544 24274
48091 2847
34194 45721
42629 34723
17701 28113
40365 15040
52967 52580
35270 31597
50767 51745
31687 50376
30466 24985
28546 22972
47909 38604
38829 52732
17590 48588
21123 49909
16089 45660
5680 37757
18280 6404
29544 27885
15982 16681
49184 31270
30456 50192
37346 15238
39999 5494
43791 18565
24838 39210
22047 35634
1881 26782
32395 16896
21301 12388
11918 359
31953 46475
13902 48736
23254 51736
52287 467
16932 37879
22305 34246
18328 7723
39070 34064
45953 472
18106 24578
36425 42897
666 13463
33858 45074
12522 52710
5611 20703
15818 26795
47191 23742
26636 6986
32020 10144
36385 27924
49688 42702
15750 38363
45260 16623
31202 17125
42330 35135
46652 27759
32167 37007
29372 23963
51966 40101
1131 18060
6099 44605
19284 26048
14523 49478
26503 13350
45337 27082
15946 36183
20068 51367
43514 36541
38113 31620
24185 11713
31016 24263
36273 36641
34795 36367
22529 31704
27886 16632
48886 20097
36071 37857
21679 22568
23057 50738
46063 46236
29737 26092
17755 48221
20095 9049
16476 43207
15109 7805
7908 49009
47271 15059
12622 29269
20680 51322
7836 45831
48686 10604
35119 6572
49951 14055
45231 26252
12134 51517
12553 22180
14181 52485
48406 36083
31733 40241
18121 45683
47487 44864
38640 46321
49821 3412
34383 10535
39112 25501
18547 41673
6589 347
12722 52716
19415 5970
14909 53953
23651 30912
11760 39338
19810 28533
928 5777
46401 4200
8296 17242
17978 14534
2983 24304
3574 5246
36265 39914
19146 2475
45706 47481
8276 25188
41804 26257
49335 40237
32171 43004
6724 34145
804 18775
37622 46636
18635 39156
30763 3766
31374 50700
28867 53755
22329 11487
12083 41963
3368 32399
16547 28769
31309 702
7477 13220
53879 43050
4283 52686
26261 33958
32228 18744
4856 12763
37816 2203
41252 51378
44988 39290
3514 33460
9944 33805
9778 45774
53160 15183
36887 40318
19913 11108
5583 44173
16266 2364
7763 23576
36574 15680
50099 42928
27275 19
39736 10319
39068 5692
51822 18084
40529 51097
14791 26178
50836 23143
34248 43887
29525 25897
29015 38410
19488 13128
38570 33931
28104 1008
20014 48296
37266 46113
40700 4497
3948 5910
39953 36019
48503 18645
6504 47589
49987 36643
13618 38204
40994 22813
13830 22773
17344 53446
43282 18122
5321 14831
10293 39739
15720 12749
11392 29804
36176 26474
4920 37678
10259 305
176 17112
26773 11472
45179 26682
38917 33177
30797 36611
19088 4744
2140 32976
15171 19285
18882 22281
46332 7669
18529 52622
46071 33639
29756 16889
4665 35253
45049 53291
15298 51996
17338 37677
51632 16394
51856 45495
40964 29018
38653 24713
43332 36908
52685 31696
12965 50461
27862 15944
7522 49642
35689 22261
14734 50830
42444 30072
9765 44669
17409 30194
9322 38459
3909 1793
10874 31587
51946 7620
20160 16897
49084 4428
37304 25079
18915 51686
28781 14443
8150 44363
30717 45953
45134 15069
19929 52440
45858 20692
26379 27029
17842 23141
32799 33850
35389 35105
32362 638
28689 45929
5272 17259
39193 16270
2613 18828
28314 6096
48139 26145
21124 44152
39565 49073
16409 53810
1696 22413
5986 4983
15003 36344
44191 11698
37697 31232
38478 20570
1360 23170
50120 14324
44059 37599
53833 17635
17663 11979
37765 48901
2637 44769
50012 12463
49563 32703
11482 48308
30835 13086
34011 15392
42698 48198
28982 15864
18230 17394
11895 15022
38361 13289
28567 16365
41602 40541
53363 23333
32226 10224
5980 51049
30803 6992
22804 7857
26762 5144
21844 44291
21041 43479
43918 32288
6856 40228
10540 435
21615 50086
26978 35487
45461 2770
32472 31608
18889 24327
43424 40677
26245 20672
53318 32267
49841 37652
36052 18005
2405 32166
29808 11985
5772 50087
20613 33498
16542 18368
21187 26076
7598 14556
50630 49164
26489 37793
33725 8405
76 3549
43101 34455
35560 52381
30277 27734
27083 31348
3553 35440
12294 2135
33977 32931
23710 22760
40805 25803
49575 44980
32670 50850
40987 11456
28970 29963
49807 7889
3383 45761
13341 33962
17502 30152
35994 20687
8587 45169
18877 552
28713 775
45761 44179
31767 13812
7958 24867
1892 38077
41290 6603
39904 21328
52384 23698
15683 40160
46517 17020
10380 12266
20366 35951
36100 17227
897 15542
36193 17656
26739 30891
6109 40180
7436 22486
30242 23982
7699 12053
42449 32688
10091 27784
32662 13798
46964 27466
19128 45922
33350 49296
46230 24400
17920 23926
27230 26254
31622 18326
30948 29539
15974 11790
29936 37448
36128 8595
9480 37742
25139 44959
12492 14980
39281 53359
33309 6546
48910 47240
8947 17692
4576 52697
18105 15454
50639 36395
51774 28326
27194 24962
22275 12850
51624 9559
33276 52432
17510 48402
53776 9801
169 30998
18537 52801
47583 639
19567 11575
38466 27625
38006 32742
43250 8813
32090 41331
9739 33883
29265 34996
35297 47223
31742 51468
22619 31892
21787 19664
36171 16448
49996 36841
35615 37214
24721 3127
29842 26110
21089 6487
12364 45256
45712 10705
15651 3935
37474 14121
25099 53335
15307 31231
50827 41279
26921 29482
2861 48798
20853 21933
48805 17025
46218 23657
53177 23614
24985 36724
25303 36536
43496 53086
51931 16890
53789 22554
42731 1300
9969 26986
32462 7946
2427 23010
8274 44538
32919 39688
38679 13039
21758 37805
6578 42590
28856 42542
6535 35288
34469 11439
29946 51139
1006 18653
47347 23273
9448 21306
26869 44119
42912 33453
10117 31949
4904 50774
30769 48269
51219 29291
17369 5139
22188 24974
40846 40218
45398 18778
26050 30393
42588 41400
5264 9493
21533 10983
44195 41982
34972 52935
24905 22112
20753 27645
41078 41372
47102 40129
49769 37463
31979 26528
35457 4676
2353 5185
40466 10617
4485 22520
15386 14957
41364 20545
44853 20767
18834 42796
48941 19095
5924 46559
28441 17530
6452 39675
49832 42248
41534 25917
46131 17777
6587 29157
29077 51182
10903 23801
45483 49015
19626 38465
1898 34141
3015 29511
21259 27132
52177 10966
3678 12052
19227 1514
23493 8195
24566 47696
28226 15377
9541 43387
16004 16492
34811 48751
27005 45921
44683 49135
51939 5248
11801 13801
11141 10939
11474 26021
5176 6751
39944 6263
40614 4181
44770 31011
15784 35943
32616 3528
38218 1728
9380 50524
15217 26019
30222 34340
41806 50135
16645 5456
30119 6812
16734 17201
43703 40508
616 10177
52733 5526
30491 42916
18851 25549
44408 20275
35822 15032
10354 16214
4841 48339
28950 18624
22647 29043
38508 41058
19606 8285
41874 8604
27808 34521
45241 11181
16391 1873
29940 2304
19800 43487
13056 23386
25212 21313
31668 31206
6990 30618
15546 35428
24994 17853
37482 35950
23525 29154
37671 8855
19391 45720
45828 11603
19349 38721
1438 39164
43138 29921
25940 41357
17989 49081
531 41672
44945 36962
51008 28507
48803 34306
3215 41930
39742 41913
48836 34983
32554 20294
18757 22753
50839 31566
52355 35368
15082 14886
39785 52738
52556 5870
23090 28958
14353 20177
41722 23972
12461 27015
40691 17027
16426 10206
44418 19895
49518 692
47247 7
50297 34297
43201 53437
44621 49696
8964 8933
41173 22537
6368 18794
41122 30750
42359 35069
2584 546
20247 32240
51683 49511
28890 31266
2187 19636
37983 599
23912 50193
47996 28210
8613 52296
5907 19197
19341 39126
21412 15153
48987 52217
27231 474
11511 35928
13160 24488
8662 12359
51545 26984
35351 36737
23977 28647
34790 25871
32886 16378
17861 10701
10784 46855
16841 42336
31579 25541
52855 24797
19343 14457
48927 17235
22199 5192
52707 27672
7548 40982
30693 15700
4935 33857
9225 50105
49425 52427
14786 40188
44324 52926
47463 45478
44198 44869
26045 17817
52730 18657
36525 42498
23972 48689
5919 34862
51819 53007
25859 17618
913 27061
17332 12321
35165 4487
8100 11955
29805 8954
24156 18979
44095 7233
49088 41740
44063 29842
17182 40484
38310 29673
24971 17835
53898 45907
41848 40813
24345 32244
7101 12307
44227 1272
15324 9972
30899 3253
1641 35060
40603 1451
36793 12186
21497 6703
39983 18489
14508 17642
42445 46872
4143 28733
41642 47652
53993 538
30427 15258
45946 5912
19805 9876
42549 966
26759 32348
7647 14234
9161 22408
2972 27542
2439 20420
19947 51494
32285 52394
7611 32663
6370 24340
15388 30389
35229 45675
8891 51867
25471 2080
29730 21644
24315 5258
43941 49190
48703 9575
45645 3673
35403 17466
27468 50834
38492 25718
48646 4679
47619 35599
10127 30812
27190 11902
42921 12596
6490 16390
32070 53560
40348 827
26747 7993
18334 50342
2145 46838
45239 16316
24284 25219
14239 50544
29058 29030
29144 16199
15474 48341
23769 2197
6512 13054
44937 30202
24074 48191
35683 50528
42260 6158
23507 34154
3969 43648
26093 13661
18081 30988
12440 25502
8006 44660
29801 20455
6008 21173
43436 10395
13901 41233
42055 47726
41910 2765
39135 48807
1400 36018
3315 34140
51564 8005
21857 16602
15963 31538
8253 41847
51576 19584
37001 13024
13449 23621
50146 3414
36321 43693
13577 14273
38430 7401
14153 15465
53285 41479
15270 28454
50750 21268
9671 988
51685 10969
39059 52062
186 18095
18172 38319
9483 7842
8520 25940
35404 51718
16427 15932
52332 586
11436 2753
7205 38082
43324 51346
1690 45270
8638 31148
974 45116
23478 39074
51773 10158
51671 50515
15594 5865
38592 16301
21219 10335
1035 32763
11420 5991
17392 44955
3435 40544
8308 22179
48610 49779
27589 40969
34478 3936
7449 3918
48868 23300
4166 42243
31212 10088
29379 45963
50989 35151
23727 7039
33636 8247
38907 31972
7147 15249
29623 20758
33020 36593
14520 51680
40312 49591
2842 22762
47661 52791
51330 28752
43182 48051
34174 12647
19768 1400
30019 45171
42162 24758
2042 23473
3987 47475
31391 2588
26321 31805
27937 46310
44965 28673
7076 36637
32131 19315
46688 35569
29070 45682
4817 32119
5295 12438
21110 37140
39866 12231
9722 35627
4305 22785
8271 21213
18024 47999
40916 30697
41490 18044
38363 39236
35938 36342
46672 10509
21312 4514
24963 34809
39151 10160
34771 29451
19327 19378
29735 53702
33132 35495
39678 24060
28194 29759
6500 48
51977 50851
45992 41814
7499 33159
42908 24841
42659 48081
50395 12160
36133 1227
47241 40615
14092 23861
28186 50858
29594 40646
14975 15650
27120 21018
22213 47252
29721 4152
26132 43142
27263 35322
47816 53678
6232 25395
20484 12444
27969 34346
20482 44776
43589 32608
16705 50184
24531 36141
10004 10102
45012 40177
31082 18556
4400 21142
5979 26857
5595 42003
6110 21105
28304 7240
6329 6309
48798 34289
48418 43182
24422 4370
53201 2869
8528 8505
36463 11708
3931 2050
38435 13244
36805 7016
36811 31810
21604 12558
43910 6472
8011 2086
26923 37422
23174 42058
43604 25468
49171 43118
27718 32107
47256 34461
3372 40893
20477 45962
23046 38686
6790 16774
37875 3217
33254 24010
13943 14466
10141 39712
43040 47045
31601 4645
14697 858
7093 13680
22946 42976
36456 32205
24089 5241
7530 30675
49979 52496
18257 41873
37625 3979
14822 23654
52903 36571
28123 48725
36764 27260
50295 53873
40746 24188
40212 52052
44236 46428
42120 3821
36487 53979
1721 40432
39912 17421
43112 34670
45448 2665
17528 48124
11824 4613
17910 19917
46053 5108
49966 14150
20250 34045
22271 6365
23005 6634
401 47525
11889 15140
9389 34843
37115 25254
43080 12417
26266 12657
4561 34485
9298 16303
48561 37358
41496 11725
2010 36597
6014 49100
48898 36579
34766 27210
14099 48897
24655 6915
27515 50220
29731 41853
22341 37786
10316 23460
24252 44204
20424 30063
47291 46043
50911 43598
37198 27989
39075 6823
5568 10933
3448 51935
10197 11823
10317 36043
49443 26317
40491 33076
3262 22120
44170 43093
5347 10367
17833 39317
29040 29034
43381 23090
27789 20654
31829 36051
39786 21277
27144 24362
17903 50082
14128 28220
49476 47571
33578 21198
7460 39873
22622 15776
28175 36907
7268 35759
18563 14020
44448 24581
44466 50182
38872 36061
31892 48797
34534 16652
43722 23594
20213 29649
2977 29328
14452 26024
25904 13
39278 47600
3591 2272
504 18644
13398 39044
19754 1069
13844 33923
50290 8853
8994 19782
50081 431
16746 19683
18970 14542
21504 14079
7864 20638
507 1423
32597 50563
28224 53867
11515 45202
8467 53893
24918 18086
34904 36285
46116 33507
32786 36460
36617 37400
43782 37462
52836 10140
23211 6180
4724 2474
26023 30171
48631 23309
2773 10231
28589 9071
1229 17367
30131 24058
5103 38153
20517 16375
37733 15270
28134 16794
37579 53155
26505 19681
46498 6024
41953 37388
27374 26202
18974 37295
7549 14250
26545 48121
1367 5060
21285 47421
11264 21280
52516 51964
40510 31624
30153 11332
45195 32000
23715 45194
5776 46062
28621 37764
6938 53708
28553 6250
38593 39010
26244 42091
34339 19687
5155 2450
25937 47894
20335 52976
48878 37768
22251 25006
14521 51127
21828 50522
51061 21915
11019 22802
5006 53553
33456 28463
41500 27298
7473 7900
34774 50489
33421 14859
12708 49000
50871 42781
22897 39473
23010 750
47670 41543
53671 50949
42300 41432
53415 25067
9680 3548
15485 19975
6738 34366
9598 2699
16776 20927
12929 35385
11371 37023
39479 9803
10019 21420
49822 32926
49752 45729
42960 14471
4939 10040
11610 3311
50650 44148
41154 47945
32383 25748
30406 29204
49444 49339
36945 39003
49800 37700
37977 33078
29420 5904
44639 14555
36995 28308
42140 18992
41635 51536
40929 25843
21182 9701
41106 8664
20719 22032
9894 5410
28821 31186
4476 37450
30732 48845
28981 3232
41379 35924
19846 26162
52189 17207
18002 5576
38760 26118
3682 32888
23065 28475
33249 50714
4863 45736
20343 8545
30261 49941
29617 8839
2465 31518
3729 36655
24166 12984
18814 31973
5029 25908
42249 42746
5918 37443
40306 12852
38934 36777
33232 40370
25198 48213
30325 34358
38033 16138
36328 15881
51893 4696
48426 17450
2689 50907
29474 28185
53073 21196
37465 44875
42719 37750
12337 5872
21072 7375
39650 44024
31171 27105
32858 27758
9887 23939
4055 22827
29526 12484
6784 21020
53148 22579
22508 38921
46814 42953
5527 1587
33067 50442
42345 19977
11309 11093
2566 22920
16237 40385
46375 53844
28798 52613
34346 28981
34259 40841
39965 9557
10404 28867
23849 2942
24436 53620
18540 15302
25390 13087
26790 44916
50756 24499
22176 49659
44493 47743
39184 5624
3432 7365
51723 48470
41346 3575
42422 15929
21932 40699
4320 9679
21607 53749
6194 18854
36567 901
44459 22497
25334 45469
18622 7293
16515 19997
47431 29496
43029 30880
39499 1491
9855 21750
21848 13698
5342 48498
38191 35259
43491 13886
9269 13357
22926 35811
20332 34293
45776 49176
43394 16952
25688 35967
8451 31656
46455 40832
5553 47837
20289 9264
24687 45553
42172 45794
51883 43796
21528 1206
53293 24682
8376 38208
43917 43485
46061 34525
48417 2850
44920 16742
34498 11163
6125 3940
42338 18614
43940 13153
27749 51721
33325 45648
23713 40499
1195 17779
23764 3479
20242 30472
11814 42911
14038 547
22396 4365
50211 25471
31869 43279
12584 17781
14847 43450
9016 43261
10155 23608
5058 7071
19386 1251
51651 19169
6629 42560
50521 25332
35375 15150
48408 24950
34507 33328
2474 6528
22071 20674
50221 31763
40504 39132
8589 34837
39142 12218
24689 13034
10110 32811
10634 30015
11852 36746
45407 46693
50535 1409
40943 2606
53022 34696
10849 19984
47264 21861
28684 32109
2864 25782
26927 48785
23875 10290
44327 1205
47159 22727
15567 44848
29112 23063
40016 23291
18674 40976
49309 19814
49057 15480
51368 32851
29421 18080
15336 53209
34997 4064
15675 41012
20282 16888
52994 25374
51405 53403
30738 1932
12716 36369
24107 18363
44454 14784
37384 9943
28875 22400
30257 25746
50426 43053
18467 8996
50996 5754
25027 47835
32959 25049
34568 34126
27438 44434
10621 40138
53536 40995
13088 44992
52512 14905
39628 27351
9071 15753
16385 37546
3420 10011
42021 27949
31496 20473
24328 39674
36343 21581
46623 29437
33811 35536
8171 8636
18682 13551
5497 42761
10507 9082
17878 38079
29447 35479
33644 44830
28671 52436
6011 13259
14552 9052
53524 20251
29566 45124
22911 46212
1748 34329
27191 8864
3491 50466
25983 9513
32900 43007
24508 37018
15452 10358
25308 20808
5349 4445
24571 36526
14716 34929
1848 47150
20886 7759
6494 12068
46839 20815
42596 9537
21974 47650
51864 1933
9572 50164
9018 20886
2511 27135
18801 26952
30963 19881
45618 29033
9096 48865
49732 53851
46239 41737
30744 48388
29400 17944
40328 9959
345 51060
5193 12317
1246 6998
16773 8621
14134 12108
9799 1717
35967 49968
34589 40107
27739 40433
7287 17490
50868 39689
15574 37162
19737 40132
7986 15134
3130 39084
15627 15217
27514 45048
52029 1710
40817 23545
29958 5209
4117 45099
7266 51107
32757 31235
39108 8788
35131 32921
1078 39631
41416 30721
33776 46663
37687 42571
15856 24508
47091 12058
9410 25393
19089 32208
28131 31055
103 9013
40293 10734
23123 12666
15766 14830
37400 2113
27301 26778
12276 984
43541 17686
43793 27070
34308 14586
23633 48652
4436 43997
34476 13293
35657 49662
51539 13407
33268 4335
36317 11605
1333 28789
25589 40440
30811 45080
2854 21293
41660 29986
25355 16174
24465 28021
16624 26534
48977 50871
1065 2742
23403 39842
51677 24929
4428 47200
22597 20507
15803 25832
48035 40076
43064 48659
41174 37483
6794 38916
50562 35138
38136 34422
48182 42035
49590 46145
21792 51572
8744 2524
2906 34122
23089 7165
35784 29597
53315 29944
42127 2780
11475 16104
51062 33994
44872 35250
30450 25927
45574 48181
31362 2573
41402 36550
11946 25389
53183 33825
8838 50146
4136 3231
46927 12443
50869 19083
29995 28807
2424 26086
19232 19960
13212 50704
2871 18738
51847 30235
13073 10911
2747 27687
20683 19296
20322 40183
33777 45217
26099 33881
53439 9322
35589 30382
31025 42343
16602 29603
2400 5928
49368 47360
42396 32812
12525 7417
18751 11782
23395 51035
51174 38368
3133 45621
42975 35810
21754 8868
17906 25761
8158 27104
52386 21199
24119 29550
28637 1633
26216 11723
48714 29733
28819 38687
25340 46704
22220 13234
12244 29799
32520 5911
45356 45333
32606 42506
24075 46627
52252 52199
34032 10748
17480 47080
52505 48056
5415 8097
47651 5977
27821 7482
5173 46284
28221 29452
39483 41555
11827 23786
35749 5591
19253 46353
21051 25172
5248 47637
21491 51844
43315 33533
19376 40113
20087 10480
39494 24818
47033 36068
27926 24944
10922 2878
45205 50349
29092 11200
23039 21968
29304 37061
2776 43223
47633 9837
23106 10625
40295 9477
28505 50408
17994 46665
41909 3363
51871 27498
3760 20190
4918 20285
43987 47852
41781 50373
26622 29246
23810 18926
33626 41056
52501 11843
49146 7705
44526 8623
2041 13295
9358 232
39818 40801
44440 50161
51205 16588
2281 801
4407 30058
15467 32613
51021 32680
42282 35619
24008 52918
23734 377
25091 39845
37175 32340
2123 15590
39656 14214
10056 38592
44504 43220
29487 31177
24312 29737
24381 26880
29095 28959
50010 5204
5039 39402
37613 39329
9024 16038
34699 35871
24049 18227
26086 41199
20604 36540
42570 53748
18265 13608
16359 3206
7435 12114
1699 9717
48214 3609
12193 42814
32706 22874
33931 2407
25362 9528
36810 2126
7718 43713
17156 37886
50789 39537
17059 19559
46140 21700
29247 5748
14063 3214
40100 7137
18716 27326
45481 11682
32192 10574
13119 44047
8038 18638
8896 40049
4854 43315
29626 45320
11316 45866
46752 38992
29171 37506
5754 51597
53118 36843
44691 49109
20945 37944
43768 23606
22769 6104
46501 50366
4256 19615
36045 21157
35532 24155
19030 24835
19658 53757
10323 4435
46650 49706
46502 28006
45890 36076
41793 4255
11410 19192
52016 30856
23691 8818
33342 7997
14696 45523
13172 17985
51909 21576
9102 34541
51798 27117
32377 34384
1723 13753
23652 45602
36309 13701
37505 40112
24177 3814
30632 7164
52669 37446
36153 47824
8505 41221
40105 34666
5651 5746
4309 31698
26094 47453
46985 45132
47112 39635
31370 51655
34452 46322
26922 18822
50408 27988
26833 39902
53959 20742
37677 17018
4834 37693
8214 40845
20777 23191
42097 8501
4861 40259
29490 36873
30529 32532
44572 34060
33906 47788
22579 41410
8411 32620
51136 32277
36131 52952
41930 11791
38522 39939
11926 15252
50318 46438
8457 19038
28353 12685
32956 104
3632 7747
8138 1572
33955 30467
10029 40991
19932 52215
10791 7729
10615 48331
21146 13588
46487 52401
14777 40325
22677 27174
34007 2982
18616 21876
5169 22915
16424 36728
12865 52825
41620 41780
17987 13916
8204 741
40962 41984
40268 13186
34963 45221
6123 18457
32937 16674
42008 51787
11052 4446
38785 20171
38054 19680
10106 33207
11220 36045
43171 21229
40926 50269
47228 402
39659 7461
22127 44947
36938 21843
2700 25956
1860 37285
5324 1909
2980 11511
42039 12716
50530 21661
37800 22148
17345 44072
42673 31399
13816 31097
50264 52249
37496 2331
27302 42314
40509 8897
41877 31556
1985 10184
32640 41105
41102 30188
35755 35191
18984 21962
42069 30309
19799 51380
31651 53358
16049 27129
52737 48667
52911 3672
44892 34150
26614 19618
19493 37025
29724 47512
4783 44447
45129 20677
3927 36385
10360 35120
28810 13649
27239 37841
31736 44925
30438 52399
13371 52153
22295 23174
9416 4340
20486 9785
20927 18381
48117 2043
22635 22227
26131 24592
8570 41060
49851 35015
33750 10877
36809 37420
6959 39695
20914 25531
15843 12281
30571 39007
8030 7658
17530 51272
29465 49253
16248 20204
9233 46221
6345 20612
3317 46521
19020 2073
25176 17793
40330 27124
27403 5689
16271 32575
10467 15575
53313 24353
21459 29617
37860 19834
47260 14165
20495 34413
12441 19813
10443 11470
32655 7356
33734 24525
30594 51443
32687 2451
20221 50974
32596 13245
1519 6069
5902 29084
25772 33161
33125 1635
29966 52365
15777 31632
14100 32772
38231 10098
23128 12466
3189 22290
3313 31685
18439 48002
32434 34317
39159 20340
42878 50826
44075 21453
30841 9391
18727 50429
35173 6440
536 53880
7045 33827
28242 44350
8778 8698
47678 13448
50061 47486
26428 2396
23983 30106
2966 25401
26253 46772
3353 34233
37374 7592
36820 270
12757 20381
23759 2886
18914 45027
4819 38948
25320 5707
33047 30598
29515 3024
50096 6757
36036 34117
18332 50213
40845 43188
44591 48861
40046 20479
7787 1474
8433 37851
6337 49709
25815 20457
24458 41868
52095 21030
22223 13144
36559 12619
23961 18781
49478 18131
9455 34884
13046 20916
39484 50646
33366 28909
26306 43983
32774 7711
2970 17869
2551 9786
8981 10322
46766 17934
21827 7502
52689 1000
31048 40826
34035 36676
29950 33690
9761 6710
39732 13539
33785 35556
21494 22959
40179 36004
20876 20873
25753 17764
40403 9278
48453 46161
19611 52692
38911 37624
22045 16045
33248 11225
33405 4669
34888 20407
32103 40191
46448 22200
36892 29075
19648 3325
31123 1901
53461 30851
1091 44270
24141 3307
21709 6943
44159 25140
7184 5644
27299 25685
38254 11730
20164 46182
52217 39068
47535 38847
45092 41253
41240 45229
1747 45834
39120 29219
31103 40391
17402 23307
42965 20477
51309 21780
50867 53572
37911 12986
37856 46721
14913 49703
47278 43967
3366 53039
38242 34963
31487 5148
11175 49529
34357 50098
41224 30520
40616 37211
50765 8638
24917 6090
9685 53272
53849 52583
44613 45784
15873 30689
2070 6375
37524 29858
45910 20342
7203 42233
12504 46545
1242 50233
28904 30501
20559 30838
27446 15185
9925 14667
27064 9419
45253 16912
13363 23820
26895 25696
32888 12017
40074 45850
30908 43594
48224 21649
47672 51694
4082 21284
46254 29707
9050 31950
33993 1984
13589 4284
36759 31152
21303 7399
43400 23033
31351 31369
34438 30228
24696 11194
20563 18499
11350 50328
30125 22847
34940 39613
22435 37663
35801 8349
23219 33289
44294 6746
50594 26588
44614 53580
42160 46811
45437 7012
17326 21357
39982 36448
31732 42563
12601 4649
16156 51933
18285 19800
36575 34915
19563 30211
14737 26268
19505 38702
50540 27096
18941 15636
46197 40690
13585 15971
45236 35911
46203 10422
32048 31613
20778 25154
31445 4330
22860 22330
36733 13648
52128 53341
47295 45486
17922 38730
18861 28256
7988 28532
37584 37173
44344 51599
35599 22427
24884 35687
25857 45491
53634 15477
52732 11344
9600 43425
19036 43884
2757 5105
46802 48456
5180 46656
22700 37631
28992 7493
42990 38809
16807 39065
48978 30338
31397 21324
14024 36379
13243 6400
17769 29178
36833 11546
45625 20188
17801 26595
8997 4562
7159 39208
40350 7127
48556 44926
38459 53351
15682 39087
15890 50551
3327 53731
43899 24833
34803 21458
14790 32395
41809 42271
15260 43265
3441 4030
6567 5934
27087 14262
21647 53546
47013 9105
30960 38062
6590 49479
44643 41690
50513 53074
9010 49616
340 9616
36068 43312
10351 9780
26668 29687
42788 34817
31176 19104
31291 25558
42634 40343
13072 37876
49540 29306
18825 12824
21049 13479
18705 44664
3878 20749
50380 19644
5863 37374
42750 52059
37627 44536
15219 19959
35072 28491
48411 47042
47391 22562
2445 5852
27387 38190
11521 533
2382 40075
26018 33452
51640 26490
32466 8360
12211 4091
49087 24198
18971 35972
2456 3482
608 56
19556 46096
37222 36703
39504 53789
7033 23544
21958 7190
18650 18495
29777 2044
42030 15417
35606 28293
34362 46021
32370 38677
8795 25839
33045 40975
30673 20849
17881 46647
12637 25087
53007 26610
7383 25007
21672 28521
47915 35725
30076 13843
42487 43417
16861 11365
47095 31122
12203 9115
924 12336
48275 36401
22093 25205
51824 23612
19335 27344
37211 10111
49630 18906
12660 43914
11502 8228
40040 8801
41860 761
26575 4702
28030 42493
33770 1030
21492 9437
5685 47274
26270 31897
43861 28622
6252 8899
12110 5549
9216 8993
21208 52819
16257 27254
448 29887
17091 51704
25138 45574
15436 39612
29278 27899
49399 40846
17498 11784
21603 29780
19789 33386
38173 27796
47375 36180
37545 53745
750 29495
17142 25213
42840 23286
23564 14795
45402 12177
15487 27838
4072 39622
43765 487
7748 32648
30501 47902
20107 15516
10468 46671
26570 32882
44963 17646
32934 26925
46109 35794
50453 37772
20381 24050
7695 2193
41859 2482
19336 37235
24088 31672
40281 46196
14474 24156
14361 38029
8754 31558
31339 45253
10040 9312
29818 47854
49004 47927
39698 34499
24486 49191
27253 51045
46003 18313
35995 30471
30857 33879
49634 5128
35227 34299
52560 39982
43523 5797
14314 16072
49930 30963
16218 41332
44587 48608
49463 43499
39048 43826
5366 5118
34440 44832
29279 41530
34615 35337
46123 52305
5119 37987
36974 20480
7354 3459
4048 22515
35891 35064
33128 51022
13249 707
37533 30728
35171 29756
9821 33598
34102 30752
7618 37616
13462 48092
46984 21727
32036 27592
5960 23129
33448 52313
29196 19309
52999 18954
3647 10978
29717 2316
8648 45551
33637 39167
27226 49115
29937 19928
36957 47643
3784 51448
36622 36944
30303 17069
44091 4026
52883 41242
20197 31010
47401 37890
1427 11081
25949 37543
16677 3383
53508 43013
198 19121
14281 53012
37901 48325
4787 40916
2969 1790
27768 18797
22580 31770
45901 5408
4179 8312
35466 33135
3949 5038
4524 51365
30938 18210
2080 16519
18815 8687
26796 40357
11796 18414
50396 18037
8876 16840
42043 931
47795 7311
42329 39573
27549 11444
24541 38783
25067 48429
29396 9905
24740 43199
24619 29272
5260 24234
44744 52943
43372 11495
8716 17122
42831 51284
22792 45926
7775 31780
11697 11850
35210 52388
25760 34563
34659 2169
8346 22469
47701 5532
14595 9508
228 39030
49557 53853
1490 10103
19554 32503
30344 49333
44139 27063
47127 50487
35681 25112
27796 15595
34861 43298
24857 28848
53960 47580
15052 41785
16221 10964
30188 13819
22686 37864
10167 48128
18065 22615
12353 3561
47516 17328
50168 49512
7396 53709
2112 7602
53050 3443
43267 10984
27476 30410
40300 26133
50205 31211
1026 19751
15773 31213
13506 48900
4410 49312
6613 34900
38925 15314
2201 24891
29258 44795
39177 46243
44042 25564
46091 31103
3191 17212
16039 34764
48533 778
2900 18927
26363 52253
28768 25036
15358 44466
35374 20689
49440 34751
50861 44753
3700 2689
9184 6381
33024 34819
18958 41775
15347 23189
53464 28298
47941 40009
37756 42734
20900 17865
37846 21953
39186 17717
44076 17504
21016 52581
15526 6441
19777 16735
43268 42884
34161 25635
14487 30220
27104 50670
19694 44256
18033 49093
36486 15847
38776 44033
48183 38583
11478 12775
41026 34076
44483 22113
27998 44415
36429 45239
32482 11792
3073 20531
22572 35889
42161 694
43998 44093
24980 556
51499 4454
34372 784
20889 6403
45634 34424
27285 6810
26756 29226
9780 23037
19654 14380
24672 47531
12051 18567
49442 16509
35254 12654
31033 2231
15793 1554
14769 40593
19710 3728
46372 38938
9461 43032
52808 14210
30345 39282
3777 41818
36857 7982
27046 46405
27297 7863
36523 5662
34734 39629
8788 8514
25456 24639
16712 43018
13326 50061
21645 42462
42383 37098
5182 52639
29478 12109
24319 7265
6060 45591
35104 12076
12484 16603
3378 19305
17594 30603
24719 43286
44150 4963
39648 41864
39514 29717
2592 18114
4770 50421
12332 27983
52734 45366
49919 43751
47469 50455
44005 50471
36625 21195
14223 16865
31418 10615
13690 51167
21822 4850
19870 18173
1005 50929
13882 4089
12454 25088
48594 25467
7689 21801
48948 3937
49436 16924
31387 53268
15899 17346
45589 11661
39611 28874
13403 4549
25994 32226
15685 13152
36182 39997
21078 25732
50825 11695
18551 42303
24948 32248
30557 7107
34974 9429
42515 35431
23545 50379
23570 28263
33608 14313
32590 42162
30541 6964
6463 28940
52614 46885
47345 16974
49915 6770
20987 2285
13313 4779
24295 4615
20508 37444
27128 47681
2997 16424
36866 50938
14502 29222
48579 1230
9564 32618
1063 9756
36262 42787
38276 41966
37955 57
47187 2480
27367 43556
19346 25591
9989 17462
12858 9936
21619 45879
15075 21616
24894 25647
37342 37660
16105 243
32723 33777
36087 46374
42901 32158
44883 31336
22123 28578
16865 26471
50028 47695
53844 51180
32023 53234
47420 51471
48471 4595
32152 35398
30201 14802
11026 217
48023 25194
52100 45172
23081 53607
11093 31593
9173 7944
47207 37175
35819 35082
32003 23523
12062 21853
35530 44685
42062 19847
3850 26255
34338 3618
2217 41437
4872 42407
53609 5942
3180 23944
50092 35038
419 22287
27027 5273
9011 30123
41334 49838
15168 50234
4455 19003
46346 42454
9898 13312
600 36339
14335 2578
33144 25177
29886 12518
24459 19587
3962 45606
41795 25566
43697 41329
40405 45144
43207 31884
31973 5562
1031 41471
434 28704
34880 9172
26958 2340
777 12655
1097 1663
34696 47169
47330 38860
18006 15630
35111 32063
18789 25479
1124 4129
32914 51953
53292 35426
45735 42167
44174 20168
28219 32748
52834 34993
11749 53201
7014 29446
6313 1076
34367 2428
9759 22236
12579 3674
40618 22133
34502 51628
16543 47253
53426 26576
23229 7746
17520 13873
52097 52895
26012 42851
5179 43734
24449 34284
26610 30040
30081 44439
37028 35165
15939 9762
45695 48566
14802 37969
19660 15269
44830 4721
5284 2417
42844 48200
42592 9280
49781 32041
2077 42850
6128 1250
26561 30882
24856 40526
36222 3002
31196 15905
41730 45961
620 42519
46062 8555
11232 942
5419 11289
32759 41463
28437 3275
42265 20142
21711 53788
37084 52016
6250 6377
34614 29897
2789 40058
15058 11187
13856 38735
45370 4192
37145 53596
31163 53574
17767 6969
3052 7483
4873 32581
44855 38993
18375 52375
36931 40346
43130 14456
2157 4136
20611 52721
1027 13281
38472 27933
9450 22109
49300 53184
53785 48361
46709 26347
53799 21250
26103 7917
5043 44833
19614 37747
10647 35776
36960 9001
15760 21076
37139 51977
25504 13975
44371 50085
35427 2988
21741 38869
25156 11368
49520 21988
48480 4144
9172 17950
51807 9257
45175 49647
47459 27208
5140 11014
32820 45633
48855 24244
22667 36269
3520 10814
6402 28749
28646 15968
15214 38142
4982 2668
22322 6552
39661 51843
50398 40137
40231 24651
39034 50965
25999 10339
50696 1025
21390 31914
1942 5291
41558 417
17913 11759
51351 5842
29528 46317
32153 42714
14952 38911
23319 18595
36244 27278
24604 45450
28302 52915
12173 51921
44545 50631
38396 31196
43298 45375
24909 8317
5617 13511
50605 9378
40542 41932
19358 17757
52302 34282
16152 29519
46735 27003
4818 11440
5377 40013
17562 45330
10108 2466
24904 39078
46641 11797
51374 47003
41544 32761
10111 41104
48475 51288
25535 19740
20754 22797
23639 27446
6983 300
5998 36551
341 15443
29147 12577
23588 7701
49896 34748
17680 6271
6700 40562
8684 23718
5722 49882
12281 35372
28245 33263
29416 14371
36503 30423
36356 50485
33584 43210
26742 13639
6770 18116
1722 12696
5874 7385
23195 52207
36322 44909
6100 31092
39121 32606
39194 11556
51409 10471
21262 43919
25247 2826
809 3541
19127 42262
25415 23868
51064 18682
5551 13736
47504 28487
36670 16475
15909 21909
37484 40424
34152 52767
11114 49704
44913 29698
24952 2839
11109 6844
9100 48524
17624 3438
19735 35217
17591 11527
32318 51479
4147 1905
10959 31789
28487 33745
18086 7607
27598 4644
19645 15421
31735 47278
51293 29152
5042 38844
23667 37996
16496 21363
16161 27464
47245 13026
40963 48962
32493 44359
38916 21345
40415 15078
12816 51051
30007 7218
7011 21374
8880 14928
19967 6427
444 15540
25933 48350
21773 27040
40645 13105
24897 24611
52696 14462
21597 4819
28851 30867
21938 38345
53444 31747
53972 3562
42667 28565
38955 9499
8922 14167
19690 39940
39533 29819
45567 11670
13164 25385
31393 24477
11642 8940
26100 29999
20916 47175
19101 12725
48161 41421
45545 23501
41478 17675
32179 13253
37741 22013
51248 8337
15888 2104
21358 45365
24646 37269
18370 3910
53510 18390
51503 8946
25752 7282
23922 30510
7464 30054
36953 27409
13095 11220
38813 49830
35759 22517
11792 14409
50307 19344
1764 39560
47659 10276
30253 51744
46424 52073
13740 41812
28735 40078
52278 11137
19093 37888
45406 36226
4533 15054
53672 5668
52145 26981
52105 34195
26814 32062
44105 14185
9122 38770
41507 31031
19847 30328
15862 18296
16560 951
43167 47843
10102 28057
46874 48247
51713 16165
24707 16242
4848 21450
29431 28459
39187 37976
31408 14576
38158 9763
26268 333
35021 27380
33202 2899
45332 2626
27414 30845
35629 48070
2410 50372
51821 33045
23563 2204
45983 34808
53235 31410
35187 53066
41824 52299
5570 45656
7168 6423
16269 29652
43097 32460
43562 15763
23266 5446
10902 36602
42402 49354
40153 815
2904 45427
36912 47959
42273 26649
44399 14288
42385 23489
26190 19385
49328 15668
21732 5947
28211 1044
6944 31444
692 43846
16957 19978
14550 46092
33468 30100
48946 37381
34000 48975
36569 38251
38045 1600
45067 29809
37699 30394
14486 50583
29215 9085
24519 46081
25634 26566
30348 12121
50617 51765
44536 24276
38574 41079
45249 30429
9880 46131
22608 41511
1610 90
31639 41112
6852 4634
19362 21818
27262 34795
5627 2144
7607 19438
47852 27912
9285 49342
22829 17681
20441 45748
22484 40141
29841 35550
51398 37699
13558 52067
31650 13576
22827 51623
31206 44871
6398 5306
28716 40663
47317 22001
45664 48219
29652 3593
20901 33734
4403 44215
19679 23855
2929 3380
53097 7273
46582 25098
7543 23960
1481 30498
42466 40576
44378 2679
52433 23959
10772 24015
48529 42479
15986 36621
33817 46195
11433 4392
36170 36750
10495 46488
21692 13417
36691 21950
27943 15640
30282 35366
15195 7443
52282 42536
26546 31359
41272 49302
12089 38019
12216 13750
41975 49360
43078 48826
28321 49866
25925 14775
1914 21002
48326 23116
40247 17522
12932 33002
29464 44580
38811 27718
28152 18163
25483 3570
292 4153
46186 24433
14077 22625
13487 29650
18242 31866
49305 32864
46122 34517
53001 8042
52168 30813
4101 46520
6669 34859
52397 44454
35186 34922
12253 19154
23973 29621
21364 40695
12916 24127
29987 45432
7469 53006
17194 4301
43956 12344
32079 30008
34585 5722
41885 5255
20540 25604
39124 11719
25470 18899
40063 5043
25726 7168
38470 10799
7487 18085
22802 7342
23068 45684
40460 9697
11307 32528
53330 9864
44145 13387
46268 34124
52469 41110
19494 1488
40271 19214
38678 27299
5555 44722
44048 35484
8779 8653
20525 31058
7725 22722
15636 27534
7665 29089
11997 48347
45446 42251
9265 1408
33478 19105
25459 12391
27410 4126
39088 1445
9036 52560
25147 15226
27725 34054
12174 37926
41649 22466
35218 42340
45445 51566
42288 21385
11354 31861
36367 38887
10936 43638
18930 45670
9195 34745
12262 35945
20617 29181
29557 30016
40594 19929
23530 37176
629 8648
31760 51731
8948 20087
12788 11255
25163 51726
36804 17040
42800 14863
32439 31736
44873 24373
46540 18884
29089 50447
32028 3102
10962 9722
5418 29880
37054 10903
2023 40543
52159 10538
49877 46650
14453 35083
19143 18694
2143 11946
18013 11493
14736 46407
35233 45408
18919 43671
11024 52066
51167 10059
29972 15592
37071 7663
48662 2697
50196 20751
32461 37653
36027 8289
33477 28895
7420 17067
37534 24227
7485 12092
17557 13446
50798 36864
35594 46343
53955 2274
24043 43618
35524 20772
53911 9696
49597 24440
2727 29389
49808 35381
47120 10656
28926 34973
35806 19764
14323 7962
6712 1634
48234 26514
49241 32730
16223 30019
19511 20986
2113 10228
17224 282
22845 48399
53526 35793
5701 33254
28775 21711
7694 42418
50832 46233
53208 19370
15529 31059
13755 49425
53131 37600
48341 43706
38531 9640
45164 52402
22979 37044
46580 47746
39995 28974
41470 22197
28061 45164
10878 7361
40381 47949
9125 31391
51436 2627
13542 9138
53316 36108
13563 7660
52786 20191
3891 1626
37361 26322
22992 40470
34884 14442
18422 29228
39116 23423
35309 6061
11035 21389
21211 3607
46141 39856
19179 42030
18962 12790
37535 38236
17521 34501
33713 14559
44519 51203
53424 50273
6241 18215
8886 12827
49159 1478
51492 5479
26975 35286
3886 29194
18175 44373
42985 44012
8316 5727
45969 33541
8697 25849
16363 12744
9585 32144
46622 20825
21109 39530
16224 39655
49904 33526
44318 43698
25737 23663
32078 26055
9318 46922
37843 28026
41446 24225
17611 25305
41145 24434
27147 799
24588 18655
29622 22605
4950 23027
41526 29202
52075 36768
50390 5741
6102 14136
26402 47701
33792 29113
49140 48597
18234 27238
45529 52671
24188 29000
29799 18916
31985 10735
21450 47711
38140 27777
163 47750
50734 27145
48020 9147
6105 38482
47903 39187
30045 5642
41605 9414
43526 13618
45698 19873
23477 31105
4151 34427
52146 21982
35025 4333
26065 38711
14276 49553
28158 24627
13884 434
32422 26835
17599 41865
21160 17913
18586 27166
22136 11462
35869 36426
37876 30286
8559 46547
37103 37219
31808 49496
51663 8974
22528 13059
44732 12191
49956 25020
3173 18971
3011 36299
6526 32152
41038 2768
51373 53923
30120 19792
1068 38353
8143 19918
28921 32382
29919 36654
45 48488
28037 30373
13260 14715
45128 1759
8646 51854
42599 161
19784 10095
10419 17215
17959 19672
6118 41980
42900 41718
23622 30969
16410 8139
5402 42849
24370 43642
43550 27339
42528 11756
10848 32237
3394 45079
25975 42257
41000 16040
20022 1865
47579 7823
45839 50117
49495 18168
15345 32313
42958 4373
5977 39249
46118 48862
6238 23709
72 38081
13987 31490
31249 37066
5108 28579
38908 16903
14824 41157
34043 44952
44564 31198
29168 45499
609 53627
529 7838
45587 24459
22517 33589
53551 48036
7904 37701
27677 1150
45485 17010
8663 10673
31307 38120
4642 3835
15005 9578
25105 20951
5855 30215
47892 45435
52820 8880
6713 23422
6764 10703
20536 3467
19612 17870
8987 23670
25083 27494
50690 41698
53305 23330
49359 3193
8726 18997
42047 19115
44377 34709
9363 41874
4484 5035
34768 33677
36916 12702
556 50230
39998 41159
42600 12010
10756 50115
28843 6194
23016 39241
47346 49325
13963 10954
41162 35633
49039 21143
9921 20724
26982 44891
40376 52421
44995 19732
28993 17791
14238 44922
5682 45742
6585 45112
9176 23759
49313 6281
8072 35024
38639 38014
47842 23045
25168 53957
28141 846
20612 8976
51845 33959
9164 18443
16239 24446
18152 51040
42246 31779
5522 27001
36268 22303
39388 10685
39323 6713
39820 14279
18673 10129
51051 32990
45252 14491
1758 12349
43150 52109
19769 36613
13465 40202
33932 45198
39776 34450
49011 34872
25674 46698
19369 36118
42348 46024
3577 49566
52022 52598
15686 7469
32433 27352
25290 30179
7389 5007
15800 7640
32741 53664
41818 8601
38924 1139
4654 31426
34622 22821
791 45289
23665 23762
20741 9111
8650 28963
25352 39168
37250 50043
27582 22417
23948 11286
35807 46524
44758 19968
11323 1885
30869 48789
50487 53384
4784 7773
1094 14573
38494 8436
4426 45498
904 9330
17183 45092
14139 14849
2611 20148
3963 8215
51727 8534
26082 5152
18776 27841
41195 45274
46703 50006
32837 7322
50274 5095
45994 1233
26364 50771
41979 31737
35236 49633
40374 2787
10007 12869
18185 7066
5479 2150
20311 51974
33509 43240
13317 33652
52958 38875
10183 3885
35153 30742
21414 7794
25607 16582
38433 2837
41570 4342
50019 19769
44634 674
42150 49451
4333 6325
20328 51274
45789 8113
28672 39440
47839 13462
15640 38510
3795 13109
16023 12110
28475 43949
7602 23039
29713 1918
40128 5950
39901 9540
3607 48903
43653 18179
48608 37995
43127 22796
48540 23082
11512 10523
7828 32810
831 51171
46393 47747
8993 40171
45974 15849
744 33090
10737 37371
32533 4479
22722 6495
34276 53713
33897 37889
51314 50020
53904 917
47237 34658
16991 14222
10943 46912
24371 12554
8319 18472
49138 11258
51192 49416
17614 35202
48034 284
7737 47537
50557 6468
1924 14026
21956 33043
28137 46384
17825 31111
34332 24017
4186 45753
17233 38626
46683 12133
37792 28814
41126 44141
5051 7034
32516 11853
29832 23254
33475 24879
23602 27794
3634 14043
32743 33702
37152 14913
10937 26712
24097 7396
10310 49900
16720 20597
6744 8102
37612 30534
44180 7230
47369 34061
7559 8908
14969 32494
48548 49957
33347 46186
2887 18893
806 47326
16027 2662
3014 5391
30918 21504
23854 32356
9836 7584
11729 25218
2318 18587
36233 29947
52633 39348
46795 48246
42973 20448
27484 29096
14714 14803
21090 36302
27280 26692
47205 19045
20968 28047
17778 12373
5105 52589
37457 31174
24433 44508
7826 24081
32902 11751
44128 838
3452 44182
11754 6893
14627 25977
52714 28709
33802 34254
3010 43159
26276 44337
4518 5571
30481 7814
18502 9396
50694 25875
20362 26256
5662 45550
36248 38703
29934 6667
523 11058
24178 4241
13152 23837
19110 13048
36950 22193
51414 13125
19918 26496
48469 8046
40811 15262
15898 27834
30404 47527
24136 32710
38778 18253
32333 50124
50634 46760
50849 50199
12808 38137
48003 38906
35820 17890
49839 51741
52165 52494
16065 42195
9868 26230
418 23338
26873 31184
1567 43692
35491 31755
22704 33517
41678 18278
45447 9659
96 50332
49738 29795
24660 7081
48371 8008
6813 32070
13448 32590
34722 15128
15609 41181
32246 8822
3926 1948
9331 48353
46639 3464
18339 4472
6097 32646
2878 44441
15170 1754
34063 11738
27071 25077
45931 39623
24412 44513
30046 21428
49015 10010
5565 19842
38062 40762
6264 6314
33124 49819
8750 5015
41761 43325
53738 49258
25845 50304
4905 32257
37213 30542
28508 19239
43414 43391
8567 32631
15518 32130
19116 33083
17105 17149
20645 53051
52483 35425
45923 35824
48193 1159
21382 50068
20845 2071
29672 28208
17823 7808
15310 25142
4895 29499
13285 20615
8921 29004
51114 30125
50473 2359
38320 2154
7142 11592
10185 36482
6925 51078
10773 19861
29463 46273
30544 10758
20581 32210
26642 28226
7913 8814
35123 20478
23481 46906
50485 25499
13608 31946
20206 50071
30366 7169
17368 37281
7859 44239
5926 43259
10330 36293
52927 44917
44962 35350
19938 37501
46184 30791
45671 31190
39539 36848
2644 10244
21483 3653
9721 25650
5978 17262
46607 32421
16268 24760
23314 44335
25969 23119
33651 50232
3209 18641
44380 21004
19585 1845
17051 38697
53746 2957
11395 8402
2037 24014
29636 22864
36435 53055
49027 48632
36053 38271
16375 1763
6208 50148
30281 40971
52024 22365
9162 24942
7960 6380
784 28060
4042 22620
51181 23421
14568 26997
12985 23021
53981 3700
24396 43336
44977 16006
41308 16228
42251 42473
5508 20454
38164 38833
38412 5567
16963 45089
53265 4293
4915 19983
1429 22125
4226 11127
12960 1292
42336 21373
29061 30207
53039 43108
8441 27688
6028 37228
53012 33736
21729 27602
2799 17474
30212 1338
3319 45611
11010 30783
37611 38535
28388 1458
53850 20744
47477 24756
25887 37379
32515 25579
1933 21131
44776 37522
27962 6405
11326 52975
23197 32006
14072 6558
12266 45277
18022 44245
18341 13495
29230 22018
9741 32554
2271 32950
40579 53180
40435 50129
16108 43738
42421 22253
32696 10921
27001 40294
36090 19630
31394 23812
3997 28574
5749 13223
18336 32569
25102 41645
42117 51587
52246 4937
34460 35117
16329 14030
41338 18833
52571 17378
35630 3116
52092 19486
1280 37587
25068 26348
51244 52731
23535 14804
31437 40932
35686 48686
51213 6027
31764 47036
22547 37893
32925 6209
21077 38789
25453 22076
17724 17916
11785 4409
1709 37122
20898 52507
39133 34804
14354 27991
1921 13746
53130 52144
51023 5025
18412 42700
3840 53985
52996 33073
30913 52700
34697 19655
23425 28372
50256 43481
38273 35387
15255 20536
10462 13113
6563 27153
16244 26366
43049 16467
15805 40958
17468 33776
34976 29703
53497 50033
51855 35886
48304 11836
3665 1220
50073 41147
14380 46094
52258 33832
23253 12226
11385 32716
11541 13957
15503 43307
38832 53996
20841 48642
48373 30625
45720 17560
23514 41808
38769 34913
1849 53015
46102 40267
45912 50405
23048 28425
37202 37102
36937 47620
9313 41076
36904 3925
53111 34228
32259 13150
35529 23874
20255 30310
11506 9683
32142 15754
2488 9862
5916 48919
15246 44913
39431 50170
14340 19679
1307 28534
31326 26887
40248 20884
13204 4223
52852 41546
8552 13341
22332 27030
46986 17494
11631 53983
52588 18812
21207 10525
3904 16807
1437 45014
9681 39403
38445 15476
46183 26599
9284 9828
50749 12578
7270 1816
34492 16095
23914 52236
4754 20352
24484 30420
46173 31811
25926 36689
38406 28583
6622 27658
22057 42397
21143 2426
8943 13238
28631 10444
51895 17873
41895 8942
31930 1910
42545 16935
20794 51752
11417 52661
36830 18205
45454 43167
40221 36092
51577 11534
23385 42225
14631 47349
43617 31841
38598 51265
53377 1305
11492 3626
24798 5501
20108 39427
48104 19529
45122 4167
19302 26674
11647 23819
47765 44019
118 43086
46007 5919
37542 26011
25664 47464
50518 9212
37191 15470
11933 7336
20855 48135
53006 32785
40068 7907
14477 34208
41920 43531
37064 38039
6823 50798
32518 16503
9218 32536
21704 5915
48847 15603
5100 8014
22729 50672
20940 52868
11003 20540
41694 38295
5815 48316
46463 25556
43911 52812
22004 49046
29271 48757
747 15463
13742 27714
45428 9456
4443 7001
22970 11479
16821 14032
51579 17993
7081 28802
47214 26764
84 16667
3156 38633
25293 3666
28720 32137
48011 24557
27503 45851
27134 7404
32315 35766
24820 27773
23019 44744
35785 16145
24599 18202
6648 51399
31424 9497
51691 23790
37884 31145
42662 46903
49693 53830
45034 20197
14784 1382
29576 42297
4831 39703
52377 2282
2190 48461
19328 43400
1316 52360
20888 3584
17114 45265
6864 51695
22401 44014
11149 15708
24607 16580
10546 36224
47972 25212
4916 20269
35852 41875
22148 45916
38931 23781
40216 53232
31637 7999
46171 35056
2032 15492
28268 28994
42837 25459
10814 516
39802 25755
28456 16747
10296 19720
3510 53917
6637 49589
21699 15432
13471 19492
12451 13788
26823 10501
36315 28761
47320 41377
47840 20787
35398 50250
17385 42234
43293 26627
18450 51729
19491 2221
15568 17960
6286 5250
3253 53950
25750 51083
37472 32224
36023 30874
32175 48297
10066 27064
3573 21806
23648 47015
251 27681
28024 53756
5743 6580
19304 45776
53995 17103
43387 33184
40966 4350
39336 23060
31479 27583
13086 39461
6357 47791
1687 53309
11196 35896
41825 48352
19125 21416
5370 29705
7570 45562
20209 49937
51438 3415
26049 42034
30864 42048
32054 12042
43322 41298
5973 29059
42066 51841
35660 42016
25397 8919
12117 202
24316 26258
24999 41177
24210 20025
12228 20561
2925 37737
17256 5390
30479 7264
17263 10344
14828 16359
17601 46765
36979 50306
4040 42545
9905 50015
49299 8526
45644 38930
43744 44942
6338 26891
43788 51947
22531 20933
52965 29589
35485 31351
27132 8750
49576 17084
38649 11370
14911 45054
36281 38865
25370 21469
53636 52398
27436 18468
35096 13020
45028 27165
31119 24092
15444 11921
31213 25789
19586 24729
5175 37382
25874 14712
46813 1359
2276 1506
32906 36604
37436 42409
33871 40109
52459 14989
37453 5832
44403 30306
40651 12994
9664 17157
7883 45958
49624 11060
29429 3263
11330 26283
10956 40502
13887 28109
52984 17050
12631 9782
8270 5837
2797 24113
27747 11150
5136 7691
28534 926
13233 47094
53908 34462
9692 28519
38998 50683
16901 29735
20956 44146
47652 32385
4392 7767
5704 13314
25435 12488
36462 53308
26042 51258
36180 17446
21374 18872
18102 32386
34059 25040
30026 8533
811 28267
51548 13541
45903 39328
40833 14128
34247 18545
51229 47626
27499 44381
7375 12411
9807 27416
9713 11821
37133 26774
38187 9565
49702 1886
6923 19019
36877 17158
51089 15433
6619 40481
51495 29556
18750 16274
22536 38202
26929 44845
17311 30027
25104 5619
42913 677
31824 30729
37489 8730
39909 21185
31002 45418
11286 13908
18050 46750
26410 25133
9428 46430
40518 27741
39889 48242
44618 39138
45460 16793
26328 4788
2542 6245
21725 36504
45254 3851
15570 3416
3231 21815
48874 15391
31144 30864
17602 23220
24409 39740
1326 43961
22143 52577
53569 39206
52013 46503
19862 49037
20379 53075
18373 352
32219 16624
45626 33066
6437 40610
14940 24966
8808 19826
19693 25867
48741 43992
50727 24308
21029 8667
17657 36672
47763 2696
27314 38043
42308 17059
5852 11133
12317 33014
28949 32299
13854 22229
26685 30677
48559 8646
31750 5876
49775 20796
33850 46548
53807 34762
3684 28373
33769 9293
51872 17066
4301 2895
20390 8381
46503 32717
33214 18416
26437 49010
8890 23632
51152 28187
34360 18542
37269 17251
11387 40170
12633 49910
13155 17286
16351 20514
2168 28559
29914 10813
3314 20680
23618 48292
46179 32197
13049 50049
17956 9914
53970 36417
30424 43085
33104 41724
26015 28836
41643 3488
8119 12382
44642 15065
2003 12003
24410 2351
32034 30819
38932 17055
29236 10719
11639 46266
38462 30615
22922 28602
22561 7604
10717 32435
16952 2674
45145 28936
18683 23365
1799 46467
3254 36757
10677 31799
37504 30000
51107 32309
14046 7373
14507 47171
42427 9703
14753 8104
44414 22912
13549 6133
17635 13352
42703 18620
26838 11840
33639 11030
1315 49148
51138 53909
50304 17878
44709 36913
584 43460
31071 38383
11351 13920
39397 38244
52486 271
555 34473
14665 50257
16541 37408
39869 11834
52763 27291
20019 5036
46711 16133
46490 32645
42123 44362
18048 6181
27775 21539
24673 1702
22854 18631
14301 44651
30586 44607
19802 7995
44381 25833
34121 24482
40869 38689
26028 6952
38305 21204
6706 10078
482 1893
33523 5313
43409 30162
24526 46381
36796 43224
42425 31448
38914 29757
39915 41180
18526 17651
19561 38942
44854 43124
31572 381
4184 21590
22039 43003
18120 40788
41983 29695
21309 21294
18146 47943
17115 48125
43000 52235
46603 37301
42695 8476
19582 13853
12345 3191
9826 52531
33902 42182
50167 18544
15749 21180
3721 52308
52785 3640
52584 48746
53087 4635
39324 35859
26483 39472
43289 24995
44615 6066
9171 26140
1669 16723
42953 11667
19373 15734
17002 50521
27432 26144
26516 5846
25446 1345
48283 13647
2315 10679
38210 25461
46405 51085
37490 26372
12447 18674
22490 42413
47616 49320
14573 42865
44979 7904
35038 19566
41833 32169
51440 52501
31178 28336
44032 48228
23495 52846
19674 20323
43098 44890
36586 39552
11871 8605
19254 23531
6397 43616
30854 6299
8385 24082
48557 13099
47526 32088
52976 29193
36637 25434
49999 31224
11998 17596
44546 36901
21997 39344
42890 27727
5853 5913
14566 49578
14637 27692
48773 53150
20126 24133
27557 40231
51649 12214
21714 28450
24359 41333
17077 27920
38376 6092
19271 2651
30394 33643
7719 22397
30838 30378
3518 44332
41576 14696
38246 42442
38032 44974
4668 46769
12750 10163
32800 32462
7853 34556
44611 41259
25014 42417
34724 34386
27074 5504
3544 19052
9882 30686
9003 28663
13127 5190
22458 31301
26817 9740
37317 8375
29988 19688
9387 16296
20735 28032
46903 19365
11820 37260
51049 3128
5297 36110
31955 5016
21800 2956
41356 33648
11589 7054
41583 33467
3802 27848
309 27068
17926 6193
13723 30452
49886 43310
50695 47207
11050 37256
37768 53270
50102 16606
10384 23296
32085 16703
51460 38376
50042 5359
51102 50375
5770 32994
8481 1067
28424 7467
41517 48531
28142 43358
28117 30336
31287 11768
25122 51523
306 11942
2473 25753
34982 2967
13069 5459
47885 27280
24452 46163
923 19507
21117 20575
49601 38484
34802 47455
12490 49634
1175 43927
44352 29488
271 40883
41071 17372
48078 22370
16307 53085
14829 12268
45451 13833
22568 12130
20454 5127
8450 48958
6732 39588
25137 16995
32987 44133
38580 28430
20062 35021
10946 1175
4279 384
53992 25883
19543 7647
19060 872
29880 42979
47700 31269
34098 30158
39084 26549
34349 43105
22141 48775
28421 39446
45009 47574
8769 31898
22462 19845
32125 40534
23544 53290
49160 40419
12349 23641
10806 45264
53216 44159
1254 45240
14970 44244
14702 25887
47656 52733
8599 19835
13841 5744
48109 8198
38647 910
33072 12505
11075 7335
24025 53476
46604 1042
51913 45616
2449 1758
24589 13713
41965 31531
16764 42509
50545 42582
35045 15846
40838 28560
3185 41030
3144 51775
43383 35297
7086 12512
42833 5643
1294 19721
3162 50445
45204 30372
7589 9711
29119 27649
24921 1430
35867 7633
16564 10886
31091 9990
45998 48417
10036 46046
13468 30900
45561 1287
44941 29460
41309 38354
610 15901
19734 13195
27583 19323
43363 37319
6618 25673
43417 3338
34099 21880
17694 517
40816 6729
39691 41315
8990 46734
27449 27243
6876 32487
33528 48306
47106 37924
40482 39049
7716 47912
18528 36327
7472 19057
51431 26194
6965 31858
32620 33644
13019 47489
13091 44478
50985 53523
17236 31976
34285 15199
13217 46812
23457 34624
46101 1247
26854 27657
19357 37776
10511 20700
2583 36259
35923 4163
32530 17554
13612 42488
45103 27338
31501 31021
21667 7664
15369 32427
180 40810
836 42349
44017 22726
5833 29382
7238 45713
37628 28589
43846 1364
32382 18876
9775 47593
5904 12597
51088 30753
33536 28713
4919 15212
47421 33269
6639 14399
16771 38513
42228 39460
15150 43055
19401 30702
17310 8596
3283 19228
6542 47383
11450 46622
2586 25584
19043 27320
23608 44113
52534 42763
44353 48142
20494 23610
27919 52165
48401 30955
7596 52413
6226 10619
49690 40754
3008 13580
9070 18512
43474 45266
42415 49104
21540 5649
23431 43717
28687 31647
40751 8461
17584 11357
48043 13074
6092 39699
24421 32256
53410 6613
22461 52002
11985 27262
7461 32357
26231 19901
29920 15383
17815 13726
25279 36493
45214 3084
31343 1189
