41906 8685
7297 45625
1640 47607
48599 3844
18025 10447
16050 6797
14629 27265
9145 38716
48266 31633
6718 37287
44349 44460
48541 28716
35742 11880
5698 40064
38699 24888
27652 23502
2083 40066
1953 1889
6141 44858
14329 47663
15248 8563
33119 31660
39454 31990
1740 7402
36782 26954
13032 28881
46926 3013
42591 4151
45963 17146
35714 42925
27494 20594
14447 811
29440 46175
38619 44429
18232 34395
426 48735
49730 37792
10464 47434
45754 37029
27697 14680
22299 43899
18211 22171
10190 34020
14111 34283
22060 45105
6699 45914
6079 40517
24899 6242
6339 28368
23527 43367
22542 47622
39566 16291
17336 31584
2848 22660
47824 43497
30109 44322
35143 42036
8181 25224
24808 9743
5165 36592
36179 40168
19214 3577
41199 764
40536 42166
23701 10285
37838 33133
12602 30756
46175 32496
4559 10840
3004 4907
43337 49246
14936 32221
18966 21014
5230 15788
15257 21686
6620 18230
24912 3300
18218 33223
29715 14596
41661 36078
23910 42161
10660 24815
24261 26430
23284 15401
13731 5167
43921 30088
17497 29111
45995 37555
44797 29367
42470 5769
4680 32667
39921 29300
41614 20714
11216 7780
35006 32596
47785 48840
16044 42820
10709 1165
30295 6727
24868 26440
17692 27024
41944 2349
45100 36513
36501 35986
14393 12
44867 5957
21253 39598
3666 40572
15011 41782
2104 19963
20674 33315
26291 36854
17547 13557
4338 42900
13827 44006
37171 29899
47050 22339
20623 23813
13935 3557
42955 14610
32718 29784
25929 21757
42130 36711
30072 40617
9364 39319
17360 31008
9151 46967
16163 43069
48824 23809
36790 46919
35323 29658
17220 7473
48957 6386
38312 49763
28078 43183
38243 14533
26176 144
23724 22372
14374 23275
9066 41528
33393 19136
32344 35894
5958 34209
49531 24504
3088 46013
7186 6968
10017 3001
41121 10759
10485 32272
44597 9205
27667 46980
39087 48662
4164 47289
25217 26819
25010 7010
39053 16666
30675 40033
34677 12840
16477 12291
36257 7914
753 25749
44584 14129
47234 29953
7508 12490
44677 46976
35191 22147
49210 7063
17487 49621
42007 27163
22294 3048
7311 41501
19235 44050
28493 38589
10366 8076
29736 29525
213 29976
47324 43153
47165 38622
17262 33044
32807 8824
49936 32692
11709 285
33272 34758
6974 48249
40980 3184
19559 36257
41875 28365
33271 38347
39910 31650
13036 11614
24505 45339
49972 37917
10588 11381
35349 47874
34758 8414
38 6787
39253 25390
21244 43092
32022 39358
1277 39726
7332 21093
23789 33038
20154 25210
15693 27438
3797 39912
15786 45385
37183 49963
5162 16269
5614 17931
47967 26075
31850 22470
4536 19279
49847 29678
34912 8741
8242 9056
8415 27050
43238 39488
31149 45877
36032 49049
10822 33574
17371 19590
34582 45974
39754 35902
27731 20573
13881 46654
35344 48289
49498 36280
47837 41457
45212 14244
13183 13166
46724 13744
20429 40906
26149 46818
44020 19044
24473 44998
28712 22630
33920 44065
29589 8695
7931 46557
16247 42605
14726 11654
4197 33024
22157 35553
1379 45503
38556 41739
36302 21128
15081 46554
38565 7564
14433 49859
472 23085
4653 36850
46390 31482
41360 38195
3859 37398
15004 43723
4418 46539
2059 27360
21655 44188
4644 49013
33696 34990
15598 18739
18251 27682
43843 837
31813 34258
14041 6978
35340 1657
8672 24961
47406 9525
37424 3478
37763 43926
30977 3710
15926 13101
30997 17497
26678 49165
12479 10548
6182 18784
6353 44787
43188 16421
28250 9597
23220 4066
27760 45259
26942 19343
30607 13370
47781 49388
3551 35467
44130 2118
42825 23507
42349 29662
6450 6717
3973 40378
26387 44272
47725 48464
22237 36824
7162 14701
16296 48655
12557 42410
12466 36784
35147 25487
29401 15572
9187 33484
27649 45622
12026 18851
18255 45413
30319 43549
16372 3079
4941 25008
29042 25399
36067 27301
6417 44902
3316 20491
42739 36185
35428 3526
968 850
6113 48738
49386 16472
15492 13310
10900 40670
26635 29037
31827 14782
31547 41536
14009 46179
26283 46501
3843 42444
10790 24101
24837 49487
142 38561
25587 35823
17381 48396
29820 39544
18695 12876
27723 47508
45652 12682
47875 19280
36423 29414
43377 11628
47082 44739
31895 4881
10145 12254
12446 11390
19446 48175
14268 33676
3833 7822
37958 24721
48218 2664
35534 28083
3995 18292
49020 36478
20553 17318
3747 8525
3287 10547
38285 38273
31247 16713
32955 370
34808 21664
10318 30562
3728 46511
33282 10146
5251 2618
12179 10074
4491 21144
38997 39118
4454 3333
44251 40985
15415 40345
26462 43378
7857 19737
37335 32149
16136 37531
37941 36056
38963 23468
2605 4777
40592 46379
5373 20832
27475 34433
43082 14416
38252 12051
37043 34119
34262 4469
20734 33105
17090 10445
13387 27259
43892 35592
46937 35196
20591 26439
15643 6026
17408 22899
25939 14497
8578 13983
42304 43473
19661 21751
29965 21697
20721 23646
49275 19240
4755 14317
611 49327
30035 40520
40709 34767
36897 31121
6553 36788
4802 49292
35235 42553
13970 577
33154 7519
8681 43840
22873 22676
4509 29208
16010 15752
24218 42092
18677 40220
10339 40707
28717 15980
35601 2614
46108 44732
19826 21033
40087 24994
42859 7431
34665 25289
513 16816
43770 35405
36347 47447
19621 18536
43476 1620
6789 33874
8801 24574
17333 33706
7565 33341
7015 29201
48656 31904
10188 2874
17849 19428
18466 42699
39639 12617
13804 20993
47030 33679
22472 5397
13343 6289
45056 10971
41566 35257
17301 34945
33123 481
32017 41087
16458 4291
3330 13814
6049 43932
41569 41256
18133 13971
2890 44919
233 27801
21860 6811
8574 13473
41754 35243
17168 46055
10590 48587
48578 28524
28957 42374
36155 4727
46247 48949
28029 44961
36760 10077
634 1557
4932 30096
45287 46981
9769 21740
35756 2483
2362 5736
24197 4801
38176 11665
36211 16510
9706 36575
28167 4617
8353 37681
2742 14919
20203 16951
23898 26715
2615 25431
23450 29565
13768 41302
44700 26506
16354 28379
43709 20736
6737 1107
23179 25527
36693 44126
26633 7754
40676 35051
49118 387
10129 42037
15515 47205
10650 40525
11604 4145
27021 49543
1625 48887
11755 38379
48272 2983
21771 45934
26983 4758
43904 23443
48173 32954
16264 6956
17486 18995
10434 44950
45959 19750
7085 39752
25071 5670
2538 18450
30848 28684
14578 24997
13080 25895
30167 43302
22916 2020
20001 31064
14916 10245
14610 34962
1551 14410
43256 8938
12657 48940
26114 25625
21513 35765
18259 19332
4550 41553
18293 9443
23013 19534
42041 44387
33385 47798
26194 42464
44533 24454
35142 731
21703 36276
1809 36378
7560 9266
17119 8077
11703 2738
38050 330
17398 37534
2508 39103
7105 25827
39097 35203
28480 35883
22655 5579
47746 19969
20558 13767
28600 49041
39729 48591
33517 47576
7579 22535
25245 13877
37788 27044
12458 42332
16694 33591
2909 9336
46451 10549
28578 12059
111 14470
34074 40429
35288 16564
45014 12736
47149 7512
48625 11886
48303 43974
43951 37179
12913 3565
23870 49221
28266 35970
4586 30230
43532 42250
21640 36023
40840 4794
20573 19049
8168 44020
47170 4415
19682 16430
33235 6436
20270 12938
43706 47553
26765 38050
21377 31929
26372 21683
45693 23406
19377 8403
36334 43995
8342 42958
12573 15371
27555 6557
43577 18687
24848 40601
44389 4575
49030 20827
11406 31842
40339 29534
37297 21519
19724 40393
26613 43216
35910 20033
27 45447
19915 38285
18804 9988
13775 37065
28174 37150
38010 23888
39759 20732
42907 28070
21119 11052
30474 317
28953 20527
28978 16134
44278 14518
14006 46675
33501 48485
31011 41998
48232 28582
11121 18133
43179 23560
5558 8802
18599 44537
33781 48037
43507 21730
41481 31455
40584 30334
21967 29187
6121 23511
49227 20020
15393 31915
44093 36155
20344 7133
14723 11520
13051 42307
9657 39756
1601 5373
3029 18391
16047 9176
31139 35299
40061 12874
4773 17252
29847 48074
27161 41067
41273 5012
37728 47673
12743 4942
47078 1221
45637 33239
25165 41395
32400 2045
26192 38135
15990 37939
9672 26551
42996 38669
45065 13944
364 2403
49216 36150
6986 17080
27863 35617
14342 35369
11527 30940
45608 42855
33945 9741
30445 23975
3292 25723
36531 14635
16332 38641
7954 48053
29915 19071
8739 8775
30451 30455
43751 32842
34809 33451
36630 5935
39024 26004
20795 23847
49497 32911
29005 695
40151 43430
47139 15656
33082 40242
27967 44838
35906 10869
29224 49625
10431 33695
48737 9200
31109 29244
29496 10435
16987 11741
49269 37117
16204 37082
41790 9582
18174 48230
34164 47973
31759 31687
41075 23515
15680 2649
17997 14341
28828 49904
5078 31959
46763 15188
18726 4120
15368 17325
17808 24212
22011 15337
20953 2806
35400 43817
5281 13552
9069 33941
9885 23675
15156 25435
25103 30781
45479 29796
10015 3044
46296 2616
14022 42502
4210 21239
27189 6765
26713 46121
21685 34169
35561 41522
30535 17924
27249 48622
4081 17257
13556 37922
27535 35675
25525 37367
38279 11394
45582 24685
1281 42840
37729 24807
24929 23941
31260 38515
387 42818
23053 5102
19570 33861
49380 16488
25559 24664
27461 14608
35273 33841
48990 26598
48145 23128
35792 22613
39535 31907
14454 31596
31997 433
14381 32889
17888 9108
28563 28830
31828 10854
1903 15073
25485 5053
22029 33721
43836 42171
44509 18404
26498 13862
47460 9847
10817 12250
30631 10313
8365 23739
40781 39455
35005 47010
1768 7755
25823 43327
38791 15096
36988 27173
43451 21642
1777 47203
5502 7428
42124 31557
28090 44252
8894 31380
30258 31394
11910 13809
3296 38719
17050 10568
24845 42419
21454 26929
13872 1472
29800 15970
21421 2828
22119 8382
49888 37585
24847 38821
18236 10560
49284 8830
27628 41258
16533 33597
5368 2569
30823 37505
1271 9625
49089 3665
35352 10902
3414 16926
22936 11799
14695 33859
42608 26572
4497 39280
42714 36937
2639 41788
49430 47157
2034 47709
16206 43369
13066 18577
1336 5620
40720 14195
9987 29439
15634 39750
8273 30895
31036 31567
43874 11179
7497 14377
36961 26921
14285 39377
30477 9353
45841 38185
16794 11920
24176 40843
10997 43231
39708 33477
39797 17336
49017 10992
47079 47461
7507 44931
10733 22458
20385 29719
37925 39095
1683 38706
20445 4512
37736 15062
44391 24787
24597 25262
25996 8665
46860 7116
12998 1086
4981 13262
38804 34257
45261 33054
41107 44851
15916 27512
6679 9802
45692 39683
19765 6312
44844 31187
39349 40289
7934 39310
37089 2559
2692 34828
22755 32987
34914 49309
28075 7702
43354 6108
24286 31605
4520 43214
33159 8542
42438 39550
22363 35343
830 79
27529 44471
32126 42549
6917 28279
28412 34213
23737 27570
41654 24274
30130 2847
46355 45721
10027 34723
28541 28113
11544 15040
48091 31597
34194 24985
42629 22972
17701 38604
40365 48588
35270 49909
31687 45660
30466 37757
28546 6404
47909 27885
38829 16681
17590 31270
21123 15238
16089 5494
5680 18565
18280 39210
29544 35634
15982 26782
49184 16896
30456 12388
37346 359
39999 46475
43791 48736
24838 467
22047 37879
1881 34246
32395 7723
21301 34064
11918 472
31953 24578
13902 42897
23254 13463
16932 45074
22305 20703
18328 26795
39070 23742
45953 6986
18106 10144
36425 27924
666 42702
33858 38363
12522 16623
5611 17125
15818 35135
47191 27759
26636 37007
32020 23963
36385 40101
49688 18060
15750 44605
45260 26048
31202 49478
42330 13350
46652 27082
32167 36183
29372 36541
1131 31620
6099 11713
19284 24263
14523 36641
26503 36367
45337 31704
15946 16632
20068 20097
43514 37857
38113 22568
24185 46236
31016 26092
36273 48221
34795 9049
22529 43207
27886 7805
48886 49009
36071 15059
21679 29269
23057 45831
46063 10604
29737 6572
17755 14055
20095 26252
16476 22180
15109 36083
7908 40241
47271 45683
12622 44864
20680 46321
7836 3412
48686 10535
35119 25501
49951 41673
45231 347
12134 5970
12553 30912
14181 39338
48406 28533
31733 5777
18121 4200
47487 17242
38640 14534
49821 24304
34383 5246
39112 39914
18547 2475
6589 47481
12722 25188
19415 26257
14909 40237
23651 43004
11760 34145
19810 18775
928 46636
46401 39156
8296 3766
17978 11487
2983 41963
3574 32399
36265 28769
19146 702
45706 13220
8276 43050
41804 33958
49335 18744
32171 12763
6724 2203
804 39290
37622 33460
18635 33805
30763 45774
31374 15183
28867 40318
22329 11108
12083 44173
3368 2364
16547 23576
31309 15680
7477 42928
4283 19
26261 10319
32228 5692
4856 18084
37816 26178
41252 23143
44988 43887
3514 25897
9944 38410
9778 13128
36887 33931
19913 1008
5583 48296
16266 46113
7763 4497
36574 5910
27275 36019
39736 18645
39068 47589
40529 36643
14791 38204
34248 22813
29525 22773
29015 18122
19488 14831
38570 39739
28104 12749
20014 29804
37266 26474
40700 37678
3948 305
39953 17112
48503 11472
6504 26682
49987 33177
13618 36611
40994 4744
13830 32976
17344 19285
43282 22281
5321 7669
10293 33639
15720 16889
11392 35253
36176 37677
4920 16394
10259 45495
176 29018
26773 24713
45179 36908
38917 31696
30797 15944
19088 49642
2140 22261
15171 30072
18882 44669
46332 30194
18529 38459
46071 1793
29756 31587
4665 7620
45049 16897
15298 4428
17338 25079
40964 14443
38653 44363
43332 45953
12965 15069
27862 20692
7522 27029
35689 23141
14734 33850
42444 35105
9765 638
17409 45929
9322 17259
3909 16270
10874 18828
20160 6096
49084 26145
37304 44152
18915 49073
28781 22413
8150 4983
30717 36344
45134 11698
19929 31232
45858 20570
26379 23170
17842 14324
32799 37599
35389 17635
32362 11979
28689 48901
5272 44769
39193 12463
2613 32703
28314 48308
48139 13086
21124 15392
39565 48198
16409 15864
1696 17394
5986 15022
15003 13289
44191 16365
37697 40541
38478 23333
1360 10224
44059 6992
17663 7857
37765 5144
2637 44291
49563 43479
11482 32288
30835 40228
34011 435
42698 35487
28982 2770
18230 31608
11895 24327
38361 40677
28567 20672
41602 32267
32226 37652
5980 18005
30803 32166
22804 11985
26762 33498
21844 18368
21041 26076
43918 14556
6856 49164
10540 37793
21615 8405
26978 3549
45461 34455
32472 27734
18889 31348
43424 35440
26245 2135
49841 32931
36052 22760
2405 25803
29808 44980
5772 11456
20613 29963
16542 7889
21187 45761
7598 33962
26489 30152
33725 20687
76 45169
43101 552
35560 775
30277 44179
27083 13812
3553 24867
12294 38077
33977 6603
23710 21328
40805 23698
49575 40160
32670 17020
40987 12266
28970 35951
49807 17227
3383 15542
13341 17656
17502 30891
35994 40180
8587 22486
18877 23982
28713 12053
45761 32688
31767 27784
7958 13798
1892 27466
41290 45922
39904 49296
15683 24400
46517 23926
10380 26254
20366 18326
36100 29539
897 11790
36193 37448
26739 8595
6109 37742
7436 44959
30242 14980
7699 6546
42449 47240
10091 17692
32662 15454
46964 36395
19128 28326
33350 24962
46230 12850
17920 9559
27230 48402
31622 9801
30948 30998
15974 639
29936 11575
36128 27625
9480 32742
25139 8813
12492 41331
39281 33883
33309 34996
48910 47223
8947 31892
4576 19664
18105 16448
27194 36841
22275 37214
33276 3127
17510 26110
169 6487
18537 45256
47583 10705
19567 3935
38466 14121
38006 31231
43250 41279
32090 29482
9739 48798
29265 21933
35297 17025
31742 23657
22619 23614
21787 36724
36171 36536
49996 16890
35615 22554
24721 1300
29842 26986
21089 7946
12364 23010
45712 44538
15651 39688
37474 13039
25099 37805
15307 42590
26921 42542
2861 35288
20853 11439
48805 18653
46218 23273
24985 21306
25303 44119
43496 33453
42731 31949
9969 48269
32462 29291
2427 5139
8274 24974
32919 40218
38679 18778
21758 30393
6578 41400
28856 9493
6535 10983
34469 41982
29946 22112
1006 27645
47347 41372
9448 40129
26869 37463
42912 26528
10117 4676
4904 5185
30769 10617
17369 22520
22188 14957
40846 20545
45398 20767
26050 42796
42588 19095
5264 46559
21533 17530
44195 39675
34972 42248
24905 25917
20753 17777
41078 29157
47102 23801
49769 49015
31979 38465
35457 34141
2353 29511
40466 27132
4485 10966
15386 12052
41364 1514
44853 8195
18834 47696
48941 15377
5924 43387
28441 16492
6452 48751
49832 45921
41534 49135
46131 5248
6587 13801
29077 10939
10903 26021
45483 6751
19626 6263
1898 4181
3015 31011
21259 35943
3678 3528
19227 1728
23493 26019
24566 34340
28226 5456
9541 6812
16004 17201
34811 40508
27005 10177
44683 5526
11801 42916
11141 25549
11474 20275
5176 15032
39944 16214
40614 48339
44770 18624
15784 29043
32616 41058
38218 8285
9380 8604
15217 34521
30222 11181
41806 1873
16645 2304
30119 43487
16734 23386
43703 21313
616 31206
30491 30618
18851 35428
44408 17853
35822 35950
10354 29154
4841 8855
28950 45720
22647 11603
38508 38721
19606 39164
41874 29921
27808 41357
45241 49081
16391 41672
29940 36962
19800 28507
13056 34306
25212 41930
31668 41913
6990 34983
15546 20294
24994 22753
37482 31566
23525 35368
37671 14886
19391 5870
45828 28958
19349 20177
1438 23972
43138 27015
25940 17027
17989 10206
531 19895
44945 692
48803 7
3215 34297
39742 49696
48836 8933
32554 22537
18757 18794
15082 30750
39785 35069
23090 546
14353 32240
41722 49511
12461 31266
40691 19636
16426 599
44418 28210
49518 19197
47247 39126
43201 15153
44621 474
8964 35928
41173 24488
6368 12359
41122 26984
42359 36737
2584 28647
20247 25871
28890 16378
2187 10701
37983 46855
23912 42336
47996 25541
8613 24797
5907 14457
19341 17235
21412 5192
48987 27672
27231 40982
11511 15700
13160 33857
8662 40188
35351 45478
23977 44869
34790 17817
32886 18657
17861 42498
10784 48689
16841 34862
31579 17618
19343 27061
48927 12321
22199 4487
7548 11955
30693 8954
4935 18979
9225 7233
49425 41740
14786 29842
44324 40484
47463 29673
44198 17835
26045 45907
36525 40813
23972 32244
5919 12307
25859 1272
913 9972
17332 3253
35165 35060
8100 1451
29805 12186
24156 6703
44095 18489
49088 17642
44063 46872
17182 28733
38310 47652
24971 538
41848 15258
24345 5912
7101 9876
44227 966
15324 32348
30899 14234
1641 22408
40603 27542
36793 20420
21497 32663
39983 24340
14508 30389
42445 45675
4143 2080
41642 21644
30427 5258
45946 49190
19805 9575
42549 3673
26759 17466
7647 25718
9161 4679
2972 35599
2439 30812
19947 11902
32285 12596
7611 16390
6370 827
15388 7993
35229 46838
8891 16316
25471 25219
29730 29030
24315 16199
43941 48341
48703 2197
45645 13054
35403 30202
27468 48191
38492 6158
48646 34154
47619 43648
10127 13661
27190 30988
42921 25502
6490 44660
32070 20455
40348 21173
26747 10395
18334 41233
2145 47726
45239 2765
24284 48807
14239 36018
29058 34140
29144 8005
15474 16602
23769 31538
6512 41847
44937 19584
24074 13024
35683 23621
42260 3414
23507 43693
3969 14273
26093 7401
18081 15465
12440 41479
8006 28454
29801 21268
6008 988
43436 10969
13901 18095
42055 38319
41910 7842
39135 25940
1400 15932
3315 586
21857 2753
15963 38082
8253 45270
37001 31148
13449 45116
36321 39074
13577 10158
38430 5865
14153 16301
15270 10335
9671 32763
39059 5991
186 44955
18172 40544
9483 22179
8520 49779
35404 40969
16427 3936
11436 3918
7205 23300
43324 42243
1690 10088
8638 45963
974 35151
23478 7039
15594 8247
38592 31972
21219 15249
1035 20758
11420 36593
17392 49591
3435 22762
8308 28752
48610 48051
27589 12647
34478 1400
7449 45171
48868 24758
4166 23473
31212 47475
29379 2588
23727 31805
33636 46310
38907 28673
7147 36637
29623 19315
33020 35569
14520 45682
40312 32119
2842 12438
47661 37140
43182 12231
34174 35627
19768 22785
30019 21213
42162 47999
2042 30697
3987 18044
31391 39236
26321 36342
27937 10509
44965 4514
7076 34809
32131 10160
46688 29451
29070 19378
4817 35495
5295 24060
21110 29759
39866 48
9722 41814
4305 33159
8271 24841
18024 48081
40916 12160
41490 1227
38363 40615
35938 23861
46672 40646
21312 15650
24963 21018
39151 47252
34771 4152
19327 43142
29735 35322
33132 25395
39678 12444
28194 34346
6500 44776
45992 32608
7499 36141
42908 10102
42659 40177
36133 18556
47241 21142
14092 26857
28186 42003
29594 21105
14975 7240
27120 6309
22213 34289
29721 43182
26132 4370
27263 2869
47816 8505
6232 11708
20484 2050
27969 13244
20482 7016
43589 31810
16705 12558
24531 6472
10004 2086
45012 37422
31082 42058
4400 25468
5979 43118
5595 32107
6110 34461
28304 40893
6329 45962
48798 38686
48418 16774
24422 3217
8528 24010
36463 14466
3931 39712
38435 47045
36805 4645
36811 858
21604 13680
43910 42976
8011 32205
26923 5241
23174 30675
43604 41873
49171 3979
27718 23654
47256 36571
3372 48725
20477 27260
23046 24188
6790 46428
37875 3821
33254 40432
13943 17421
10141 34670
43040 2665
31601 48124
14697 4613
7093 19917
22946 5108
36456 14150
24089 34045
7530 6365
49979 6634
18257 47525
37625 15140
14822 34843
28123 25254
36764 12417
40746 12657
40212 34485
44236 16303
42120 37358
36487 11725
1721 36597
39912 49100
43112 36579
45448 27210
17528 48897
11824 6915
17910 41853
46053 37786
49966 23460
20250 44204
22271 30063
23005 46043
401 43598
11889 27989
9389 6823
37115 10933
43080 11823
26266 36043
4561 26317
9298 33076
48561 22120
41496 43093
2010 10367
6014 39317
48898 29034
34766 23090
14099 20654
24655 36051
27515 21277
29731 24362
22341 28220
10316 47571
24252 21198
20424 39873
47291 15776
37198 36907
39075 35759
5568 14020
3448 24581
10197 36061
10317 48797
49443 16652
40491 23594
3262 29649
44170 29328
5347 26024
17833 13
29040 47600
43381 2272
27789 18644
31829 39044
39786 1069
27144 33923
17903 8853
14128 19782
49476 431
33578 19683
7460 14542
22622 14079
28175 20638
7268 1423
18563 45202
44448 18086
44466 36285
38872 33507
31892 36460
34534 37400
43722 37462
20213 10140
2977 6180
14452 2474
25904 30171
39278 23309
3591 10231
504 9071
13398 17367
19754 24058
13844 38153
8994 16375
16746 15270
18970 16794
21504 19681
7864 6024
507 37388
32597 26202
28224 37295
11515 14250
8467 48121
24918 5060
34904 47421
46116 21280
32786 31624
36617 11332
43782 32000
23211 45194
4724 46062
26023 37764
48631 6250
2773 39010
28589 42091
1229 19687
30131 2450
5103 47894
20517 37768
37733 25006
28134 21915
37579 22802
26505 28463
46498 27298
41953 7900
27374 14859
18974 49000
7549 42781
26545 39473
1367 750
21285 41543
11264 41432
40510 25067
30153 3548
45195 19975
23715 34366
5776 2699
28621 20927
6938 35385
28553 37023
38593 9803
26244 21420
34339 32926
5155 45729
25937 14471
20335 10040
48878 3311
22251 44148
14521 47945
21828 25748
11019 29204
5006 49339
33456 39003
41500 37700
7473 33078
34774 5904
33421 14555
12708 28308
22897 18992
23010 25843
47670 9701
42300 8664
9680 22032
15485 5410
6738 31186
9598 37450
16776 48845
12929 3232
11371 35924
39479 26162
10019 17207
49822 5576
49752 26118
42960 32888
4939 28475
11610 45736
41154 8545
32383 49941
30406 8839
49444 31518
36945 36655
49800 12984
37977 31973
29420 25908
44639 42746
36995 37443
42140 12852
41635 36777
40929 40370
21182 48213
41106 34358
20719 16138
9894 15881
28821 4696
4476 17450
30732 28185
28981 21196
41379 44875
19846 37750
18002 5872
38760 7375
3682 44024
23065 27105
33249 27758
4863 23939
20343 22827
30261 12484
29617 21020
2465 22579
3729 38921
24166 42953
18814 1587
5029 19977
42249 11093
5918 22920
40306 40385
38934 28981
33232 40841
25198 9557
30325 28867
38033 2942
36328 15302
48426 13087
2689 44916
29474 24499
37465 49659
42719 47743
12337 5624
21072 7365
39650 48470
31171 3575
32858 15929
9887 40699
4055 9679
29526 18854
6784 901
22508 22497
46814 45469
5527 7293
33067 19997
42345 29496
11309 30880
2566 1491
16237 21750
46375 13698
28798 48498
34346 35259
34259 13886
39965 13357
10404 35811
23849 34293
24436 49176
18540 16952
25390 35967
26790 31656
22176 40832
44493 47837
39184 9264
3432 45553
41346 45794
42422 43796
21932 1206
4320 24682
21607 38208
6194 43485
36567 34525
44459 2850
25334 16742
18622 11163
16515 3940
47431 18614
43029 13153
39499 45648
9855 40499
21848 17779
5342 3479
38191 30472
43491 42911
9269 547
22926 4365
20332 25471
45776 43279
43394 17781
25688 43450
8451 43261
46455 23608
5553 7071
20289 1251
24687 19169
42172 42560
21528 25332
8376 15150
43917 24950
46061 33328
48417 6528
44920 20674
34498 31763
6125 39132
42338 34837
43940 12218
27749 13034
33325 32811
23713 30015
1195 36746
23764 46693
20242 1409
11814 2606
14038 34696
22396 19984
31869 21861
12584 32109
14847 25782
9016 48785
10155 10290
5058 1205
19386 22727
6629 44848
35375 23063
48408 23291
34507 40976
2474 19814
22071 15480
40504 32851
8589 18080
39142 4064
24689 41012
10110 16888
10634 25374
11852 1932
45407 36369
40943 18363
10849 14784
47264 9943
28684 22400
2864 25746
26927 43053
23875 8996
44327 5754
47159 47835
15567 25049
29112 34126
40016 44434
18674 40138
49309 40995
49057 44992
29421 14905
15336 27351
34997 15753
15675 37546
20282 10011
30738 27949
12716 20473
24107 39674
44454 21581
37384 29437
28875 35536
30257 8636
18467 13551
25027 42761
32959 9082
34568 38079
27438 35479
10621 44830
13088 13259
39628 9052
9071 20251
16385 45124
3420 46212
42021 34329
31496 8864
24328 9513
36343 43007
46623 37018
33811 10358
8171 20808
18682 4445
5497 36526
10507 34929
17878 47150
29447 7759
33644 12068
28671 20815
6011 9537
14552 47650
29566 1933
22911 20886
1748 27135
27191 26952
3491 19881
25983 29033
32900 48865
24508 41737
15452 48388
25308 17944
5349 9959
24571 12317
14716 6998
1848 8621
20886 12108
6494 1717
46839 49968
42596 40107
21974 40433
9572 17490
9018 39689
2511 37162
18801 40132
30963 15134
45618 39084
9096 15217
49732 45048
46239 1710
30744 23545
29400 5209
40328 45099
345 31235
5193 8788
1246 32921
16773 39631
14134 30721
9799 46663
35967 42571
34589 24508
27739 12058
7287 25393
15574 32208
19737 31055
7986 9013
3130 10734
15627 12666
27514 14830
40817 2113
29958 26778
4117 984
7266 17686
32757 27070
39108 14586
35131 48652
1078 43997
41416 13293
33776 49662
37687 13407
15856 4335
47091 11605
9410 28789
19089 40440
28131 45080
103 21293
40293 29986
23123 16174
15766 28021
37400 26534
27301 2742
12276 39842
43541 24929
43793 47200
34308 20507
23633 25832
4436 40076
34476 48659
35657 37483
33268 38916
36317 35138
1333 34422
25589 42035
30811 46145
2854 2524
41660 34122
25355 7165
24465 29597
16624 29944
48977 2780
1065 16104
23403 33994
4428 35250
22597 25927
15803 48181
48035 2573
43064 36550
41174 25389
6794 33825
38136 3231
48182 12443
49590 19083
21792 28807
8744 26086
2906 19960
23089 18738
35784 30235
42127 10911
11475 27687
44872 19296
30450 40183
45574 45217
31362 33881
41402 9322
11946 30382
8838 42343
4136 29603
46927 5928
29995 47360
2424 32812
19232 7417
13212 11782
2871 38368
13073 45621
2747 35810
20683 8868
20322 25761
33777 27104
26099 21199
35589 29550
31025 1633
16602 11723
2400 29733
49368 38687
42396 46704
12525 13234
18751 29799
23395 5911
3133 45333
42975 42506
21754 46627
17906 10748
8158 47080
24119 48056
28637 8097
26216 5977
48714 7482
28819 46284
25340 29452
22220 41555
12244 23786
32520 5591
45356 46353
32606 25172
24075 47637
34032 33533
17480 40113
5415 10480
47651 24818
27821 36068
5173 24944
28221 2878
39483 11200
11827 21968
35749 37061
19253 43223
21051 9837
5248 10625
21491 9477
43315 46665
19376 3363
20087 27498
39494 20190
47033 20285
27926 47852
10922 29246
45205 18926
29092 41056
23039 11843
29304 7705
2776 8623
47633 13295
23106 232
40295 40801
28505 16588
17994 801
41909 30058
3760 32613
4918 32680
43987 35619
41781 377
26622 39845
23810 32340
33626 15590
49146 14214
44526 38592
2041 43220
9358 31177
39818 29737
44440 26880
2281 28959
4407 5204
15467 39402
42282 39329
24008 16038
23734 35871
25091 18227
37175 41199
2123 36540
39656 13608
10056 3206
44504 12114
29487 9717
24312 3609
24381 42814
29095 22874
5039 2407
37613 9528
9024 2126
34699 43713
24049 37886
26086 39537
20604 19559
42570 21700
18265 5748
16359 3214
7435 7137
1699 27326
48214 11682
12193 10574
32706 44047
33931 18638
25362 40049
36810 43315
7718 45320
17156 45866
17059 38992
46140 37506
29247 36843
14063 49109
40100 37944
18716 23606
45481 6104
32192 19615
13119 21157
8038 24155
8896 24835
4854 4435
29626 49706
11316 28006
46752 36076
29171 4255
5754 19192
44691 30856
20945 8818
43768 7997
22769 45523
46501 17985
4256 21576
36045 34541
35532 27117
19030 34384
19658 13753
10323 45602
46650 13701
46502 40112
45890 3814
41793 7164
11410 37446
23691 47824
33342 41221
14696 34666
13172 5746
9102 31698
32377 47453
1723 45132
23652 39635
36309 46322
37505 18822
24177 27988
30632 39902
36153 20742
8505 17018
40105 37693
5651 40845
4309 23191
26094 8501
46985 40259
47112 36873
31370 32532
34452 34060
26922 47788
26833 41410
37677 32620
4834 32277
8214 11791
20777 39939
42097 15252
4861 46438
29490 19038
30529 12685
44572 104
33906 7747
22579 1572
8411 30467
36131 40991
41930 7729
38522 48331
11926 13588
8457 40325
28353 27174
32956 2982
3632 21876
8138 22915
33955 36728
10029 41780
19932 13916
10791 741
10615 41984
21146 13186
46487 45221
14777 18457
22677 16674
34007 4446
18616 20171
5169 19680
16424 33207
12865 36045
41620 21229
17987 402
8204 7461
40962 44947
40268 21843
34963 25956
6123 37285
32937 1909
42008 11511
11052 12716
38785 21661
38054 22148
10106 44072
11220 31399
43171 31097
40926 2331
47228 42314
39659 8897
22127 31556
36938 10184
2700 41105
1860 30188
5324 35191
2980 21962
42039 30309
37800 27129
17345 48667
42673 3672
13816 34150
37496 19618
27302 37025
40509 47512
41877 44447
1985 20677
32640 36385
41102 35120
35755 13649
18984 37841
42069 44925
19799 23174
31651 4340
16049 9785
44892 18381
26614 2043
19493 22227
29724 24592
4783 41060
45129 35015
3927 10877
10360 37420
28810 39695
27239 25531
31736 12281
30438 39007
13371 7658
22295 49253
9416 20204
20486 46221
20927 20612
48117 46521
22635 2073
26131 17793
8570 27124
49851 5689
33750 32575
36809 15575
6959 24353
20914 29617
15843 19834
30571 14165
8030 34413
17530 19813
29465 11470
16248 7356
9233 24525
6345 2451
3317 13245
19020 6069
25176 29084
40330 33161
27403 1635
16271 31632
10467 32772
21459 10098
37860 12466
47260 22290
20495 31685
12441 48002
10443 34317
32655 20340
33734 21453
30594 9391
32687 6440
20221 33827
32596 44350
1519 8698
5902 13448
25772 47486
33125 2396
29966 30106
15777 25401
14100 46772
38231 34233
23128 7592
3189 270
3313 20381
18439 2886
32434 45027
39159 38948
42878 5707
44075 30598
30841 3024
18727 6757
35173 34117
536 43188
7045 48861
28242 20479
8778 1474
47678 37851
26428 49709
23983 20457
2966 41868
26253 21030
3353 13144
37374 12619
36820 18781
12757 18131
23759 34884
18914 20916
4819 28909
25320 43983
33047 7711
29515 17869
36036 9786
18332 10322
40845 17934
44591 7502
40046 1000
7787 40826
8433 36676
6337 33690
25815 6710
24458 13539
22223 35556
36559 22959
23961 36004
49478 20873
9455 17764
13046 9278
39484 46161
33366 37624
26306 16045
32774 11225
2970 4669
2551 20407
8981 40191
46766 22200
21827 29075
31048 3325
34035 1901
29950 30851
9761 44270
39732 3307
33785 6943
21494 25140
40179 5644
20876 25685
25753 11730
40403 46182
48453 39068
19611 38847
38911 41253
22045 45229
33248 45834
33405 29219
34888 40391
32103 23307
46448 20477
36892 21780
19648 12986
31123 46721
1091 49703
24141 43967
21709 34963
44159 5148
7184 49529
27299 30520
38254 37211
20164 8638
47535 6090
45092 45784
41240 30689
1747 6375
39120 29858
31103 20342
17402 42233
42965 46545
37911 30501
37856 30838
14913 15185
47278 14667
3366 9419
38242 16912
31487 23820
11175 25696
34357 12017
41224 45850
40616 43594
24917 21649
9685 21284
44613 29707
15873 31950
2070 1984
37524 4284
45910 31152
7203 7399
12504 23033
1242 31369
28904 30228
20559 11194
27446 18499
9925 22847
27064 39613
45253 37663
13363 8349
26895 33289
32888 6746
40074 26588
30908 46811
48224 7012
47672 21357
4082 36448
46254 42563
9050 4649
33993 19800
13589 34915
36759 30211
21303 26268
43400 38702
31351 27096
34438 15636
24696 40690
20563 15971
11350 35911
30125 10422
34940 31613
22435 25154
35801 4330
23219 22330
44294 13648
44614 45486
42160 38730
45437 28256
17326 28532
39982 37173
31732 22427
12601 35687
16156 45491
18285 15477
36575 11344
19563 43425
14737 43884
19505 5105
18941 48456
46197 46656
13585 37631
45236 7493
46203 38809
32048 39065
20778 30338
31445 21324
22860 36379
36733 6400
47295 29178
17922 11546
18861 20188
7988 26595
37584 4562
44344 39208
35599 7127
24884 44926
25857 39087
9600 24833
19036 21458
2757 32395
46802 42271
5180 43265
22700 4030
28992 5934
42990 14262
16807 9105
48978 38062
31397 49479
14024 41690
13243 49616
17769 9616
36833 43312
45625 9780
17801 29687
8997 34817
7159 19104
40350 25558
48556 40343
38459 37876
15682 29306
15890 12824
3327 13479
43899 44664
34803 20749
14790 19644
41809 37374
15260 44536
3441 19959
6567 28491
27087 47042
21647 22562
47013 5852
30960 38190
6590 533
44643 40075
9010 33452
340 26490
36068 8360
10351 4091
26668 24198
42788 35972
31176 3482
31291 56
42634 46096
13072 36703
49540 23544
18825 7190
21049 18495
18705 2044
3878 15417
5863 28293
42750 46021
37627 38677
15219 25839
35072 40975
48411 20849
47391 46647
2445 25087
27387 26610
11521 25007
2382 28521
26018 35725
32466 13843
12211 43417
49087 11365
18971 31122
2456 9115
608 12336
19556 36401
37222 25205
39504 23612
7033 27344
21958 10111
18650 18906
29777 43914
42030 8228
35606 8801
34362 761
32370 4702
8795 42493
33045 1030
30673 9437
17881 47274
12637 31897
7383 28622
21672 8899
47915 5549
30076 8993
42487 27254
16861 29887
47095 45574
12203 39612
924 27899
48275 40846
22093 11784
19335 29780
37211 33386
49630 27796
12660 36180
11502 29495
40040 25213
41860 23286
26575 14795
28030 12177
33770 27838
21492 39622
5685 487
26270 32648
43861 47902
6252 15516
12110 46671
9216 32882
21208 17646
16257 26925
448 35794
17091 37772
25138 24050
15436 2193
29278 2482
49399 37235
17498 31672
21603 46196
19789 24156
38173 38029
47375 31558
37545 45253
750 9312
17142 47854
42840 47927
23564 34499
45402 49191
15487 18313
4072 30471
43765 33879
7748 5128
30501 34299
20107 39982
10468 5797
26570 16072
44963 30963
32934 41332
46109 48608
20381 43499
7695 43826
41859 5118
19336 44832
24088 41530
40281 35337
14474 37987
14361 20480
8754 3459
31339 22515
10040 35064
29818 707
49004 30728
39698 29756
24486 33598
27253 30752
46003 37616
35995 48092
30857 21727
49634 27592
35227 23129
43523 19309
14314 18954
49930 10978
16218 2316
44587 45551
49463 39167
39048 49115
5366 19928
34440 47643
29279 36944
34615 17069
46123 4026
5119 41242
36974 31010
7354 37890
4048 11081
35891 37543
33128 3383
13249 43013
37533 19121
35171 48325
9821 40916
34102 1790
7618 18797
13462 31770
46984 5408
32036 8312
5960 33135
33448 5038
29196 18210
3647 16519
29717 8687
8648 40357
33637 18414
27226 18037
29937 16840
36957 931
3784 7311
36622 39573
30303 11444
44091 38783
20197 48429
47401 9905
1427 43199
25949 29272
16677 24234
198 11495
14281 17122
37901 45926
4787 31780
2969 11850
27768 34563
22580 2169
45901 22469
4179 5532
35466 9508
3949 39030
4524 10103
30938 32503
2080 49333
18815 27063
26796 25112
11796 15595
8876 43298
42043 28848
47795 47580
42329 41785
27549 10964
24541 13819
25067 37864
29396 48128
24740 22615
24619 3561
5260 17328
44744 49512
43372 7602
8716 3443
42831 10984
22792 30410
7775 26133
11697 31211
35210 19751
25760 31213
34659 48900
8346 49312
47701 34900
14595 15314
228 24891
49557 44795
1490 46243
19554 25564
30344 31103
44139 17212
47127 34764
35681 778
27796 18927
34861 25036
24857 44466
15052 20689
16221 34751
30188 44753
22686 2689
10167 6381
18065 34819
12353 41775
47516 23189
7396 28298
2112 40009
43267 42734
27476 17865
40300 21953
1026 17717
15773 17504
13506 6441
4410 16735
6613 42884
38925 25635
2201 30220
29258 44256
39177 49093
44042 15847
46091 44033
3191 38583
16039 12775
48533 34076
2900 22113
26363 44415
28768 45239
15358 11792
35374 20531
49440 35889
3700 694
9184 44093
33024 556
18958 4454
15347 784
47941 6403
37756 34424
20900 6810
37846 29226
39186 23037
44076 14380
21016 47531
15526 18567
19777 16509
43268 12654
34161 2231
14487 1554
27104 40593
19694 3728
18033 38938
36486 43032
38776 14210
48183 39282
11478 41818
41026 7982
44483 46405
27998 7863
36429 5662
32482 39629
3073 8514
22572 24639
42161 43018
43998 42462
24980 37098
34372 12109
20889 7265
45634 45591
27285 12076
26756 16603
9780 19305
19654 30603
24672 43286
12051 4963
49442 41864
35254 29717
31033 18114
15793 27983
14769 45366
19710 43751
46372 21195
9461 16865
30345 10615
3777 4850
36857 18173
27046 4089
27297 25088
36523 25467
34734 21801
8788 3937
25456 16924
16712 17346
13326 11661
21645 28874
42383 4549
5182 32226
29478 13152
24319 39997
6060 25732
35104 11695
12484 42303
3378 32248
17594 7107
24719 9429
44150 35431
39648 28263
39514 14313
2592 42162
4770 6964
12332 28940
49919 46885
47469 16974
44005 6770
36625 2285
14223 4779
31418 4615
13690 37444
21822 47681
19870 16424
1005 29222
13882 1230
12454 32618
48594 9756
7689 42787
48948 41966
49436 57
31387 2480
15899 43556
45589 25591
39611 17462
13403 9936
25994 45879
15685 21616
36182 25647
21078 37660
18551 243
24948 33777
30557 46374
34974 32158
42515 31336
23545 28578
23570 26471
33608 47695
32590 4595
30541 35398
6463 14802
47345 217
49915 25194
20987 45172
13313 31593
24295 7944
20508 37175
27128 35082
2997 23523
36866 21853
14502 44685
48579 19847
9564 26255
1063 3618
36262 41437
38276 42407
37955 5942
47187 23944
27367 35038
19346 22287
9989 5273
12858 30123
21619 49838
15075 19003
24894 42454
37342 13312
16105 36339
32723 2578
36087 25177
42901 12518
44883 19587
22123 45606
16865 25566
32023 41329
47420 45144
48471 31884
32152 5562
30201 41471
11026 28704
48023 9172
23081 2340
11093 12655
9173 1663
47207 47169
35819 38860
32003 15630
12062 32063
35530 25479
42062 4129
3850 35426
34338 42167
2217 20168
4872 32748
3180 34993
419 29446
27027 1076
9011 2428
41334 22236
15168 3674
4455 22133
46346 47253
9898 26576
600 7746
14335 13873
33144 42851
29886 43734
24459 34284
3962 30040
41795 44439
43697 35165
40405 9762
43207 48566
31973 37969
1031 15269
434 4721
34880 2417
26958 48200
777 9280
1097 32041
34696 42850
47330 1250
18006 30882
35111 40526
18789 3002
1124 15905
32914 45961
45735 42519
44174 8555
28219 942
11749 11289
7014 41463
6313 3275
34367 20142
9759 6377
12579 29897
40618 40058
34502 11187
16543 38735
23229 4192
17520 6969
26012 7483
5179 32581
24449 38993
26610 40346
30081 14456
37028 4136
15939 13281
45695 27933
14802 22109
19660 48361
44830 26347
5284 21250
42844 7917
42592 44833
49781 37747
2077 35776
6128 9001
26561 21076
24856 13975
36222 2988
31196 38869
41730 11368
620 21988
46062 4144
11232 17950
5419 9257
32759 49647
28437 27208
42265 11014
21711 45633
37084 24244
6250 36269
34614 10814
2789 28749
15058 15968
13856 38142
45370 2668
37145 6552
31163 40137
17767 24651
3052 10339
4873 1025
44855 31914
18375 5291
36931 417
43130 11759
2157 5842
20611 46317
1027 42714
38472 38911
9450 18595
49300 27278
46709 45450
26103 31196
5043 45375
19614 8317
10647 13511
36960 9378
15760 41932
37139 17757
25504 34282
44371 29519
35427 27003
21741 11440
25156 40013
49520 45330
48480 2466
9172 39078
45175 11797
47459 47003
5140 32761
32820 41104
48855 19740
22667 22797
3520 27446
6402 300
28646 36551
15214 15443
4982 12577
22322 7701
39661 34748
40231 6271
39034 40562
25999 23718
21390 49882
1942 35372
41558 33263
17913 14371
29528 30423
32153 43210
14952 13639
23319 18116
36244 12696
24604 7385
28302 44909
12173 31092
44545 32606
38396 11556
43298 10471
24909 43919
5617 2826
40542 3541
19358 42262
16152 23868
46735 18682
4818 13736
5377 28487
17562 16475
10108 21909
24904 40424
46641 49704
41544 29698
10111 2839
48475 6844
25535 48524
20754 3438
23639 35217
6983 11527
5998 1905
341 31789
29147 33745
23588 7607
49896 4644
17680 15421
6700 47278
8684 29152
5722 38844
12281 37996
28245 21363
29416 27464
36503 13026
36356 48962
33584 44359
26742 21345
6770 15078
1722 7218
5874 21374
23195 14928
36322 6427
6100 15540
39121 48350
39194 27040
21262 13105
25247 24611
809 14462
19127 4819
25415 30867
5551 38345
47504 31747
36670 3562
15909 28565
37484 9499
34152 14167
11114 39940
44913 29819
24952 11670
11109 25385
9100 24477
17624 8940
19735 29999
17591 47175
32318 12725
4147 41421
10959 23501
28487 17675
18086 13253
27598 22013
19645 8337
31735 2104
5042 45365
23667 37269
16496 3910
16161 18390
47245 8946
40963 7282
32493 30510
38916 30054
40415 27409
12816 11220
30007 49830
7011 22517
8880 14409
19967 19344
444 39560
25933 10276
21773 41812
40645 40078
24897 11137
21597 37888
28851 36226
21938 15054
42667 5668
38955 26981
8922 34195
19690 32062
39533 14185
45567 38770
13164 31031
31393 30328
11642 18296
26100 951
20916 47843
19101 28057
48161 48247
45545 16165
41478 16242
32179 21450
37741 28459
15888 37976
21358 14576
24646 9763
18370 333
25752 27380
23922 2899
7464 2626
36953 30845
13095 48070
38813 33045
35759 2204
11792 34808
1764 31410
47659 45656
30253 6423
46424 29652
13740 32460
28735 15763
19093 5446
45406 36602
4533 49354
26814 815
44105 45427
9122 47959
41507 26649
19847 14288
15862 23489
16560 19385
43167 15668
10102 5947
46874 1044
24707 31444
4848 43846
29431 19978
39187 46092
31408 30100
38158 37381
26268 48975
35021 38251
33202 1600
45332 29809
27414 30394
35629 9085
2410 46081
23563 26566
45983 12121
35187 24276
41824 41079
5570 30429
7168 46131
16269 41511
43097 90
43562 41112
23266 4634
10902 21818
42402 34795
40153 2144
2904 19438
36912 27912
42273 49342
44399 17681
42385 45748
26190 40141
49328 35550
21732 37699
28211 13576
6944 44871
692 5306
16957 40663
14550 22001
33468 48219
48946 3593
34000 33734
36569 44215
38045 23855
45067 3380
37699 7273
14486 25098
29215 23960
24519 30498
25634 40576
30348 2679
44536 23959
38574 24015
45249 42479
9880 36621
22608 46195
1610 4392
31639 36750
6852 46488
19362 13417
27262 21950
5627 15640
7607 35366
47852 7443
9285 42536
22829 31359
20441 49302
22484 38019
29841 13750
13558 49360
31650 48826
22827 49866
31206 14775
6398 21002
28716 23116
47317 17522
45664 33002
29652 44580
20901 27718
4403 18163
19679 3570
2929 4153
46582 24433
7543 22625
1481 29650
42466 31866
44378 32864
10772 34517
48529 8042
15986 30813
33817 46520
11433 34859
36170 44454
10495 34922
21692 19154
36691 29621
27943 40695
30282 24127
15195 45432
26546 4301
41272 12344
12089 30008
12216 5722
41975 5255
43078 25604
28321 11719
25925 18899
1914 5043
48326 7168
40247 10799
12932 18085
29464 7342
38811 45684
28152 9697
25483 32528
292 9864
46186 13387
14077 34124
13487 41110
18242 1488
49305 19214
46122 27299
4101 44722
6669 35484
35186 8653
12253 31058
23973 22722
21364 27534
12916 29089
29987 48347
7469 42251
17194 1408
43956 19105
32079 12391
34585 4126
41885 1445
20540 15226
39124 34054
25470 37926
40063 22466
25726 42340
38470 21385
7487 31861
22802 38887
23068 43638
40460 45670
11307 34745
44145 35945
46268 29181
19494 30016
40271 19929
38678 37176
5555 8648
44048 20087
8779 11255
20525 17040
7725 14863
15636 31736
7665 24373
11997 18884
45446 3102
9265 9722
33478 29880
25459 10903
27410 40543
39088 10538
9036 46650
25147 35083
27725 18694
12174 11946
41649 11493
35218 46407
45445 45408
42288 43671
11354 10059
36367 15592
10936 7663
18930 2697
9195 20751
12262 37653
20617 8289
29557 28895
40594 17067
23530 24227
629 12092
31760 13446
8948 36864
12788 46343
25163 2274
36804 43618
42800 20772
32439 9696
44873 24440
46540 29389
29089 35381
32028 10656
10962 34973
5418 19764
37054 7962
2023 1634
49877 26514
14453 32730
19143 30019
2143 20986
18013 10228
14736 282
35233 48399
18919 35793
11024 33254
29972 21711
37071 42418
48662 46233
32461 19370
36027 31059
33477 49425
7420 37600
37534 43706
7485 9640
17557 37044
35594 47746
24043 28974
35524 22197
49597 45164
2727 7361
49808 47949
47120 31391
28926 2627
35806 9138
14323 36108
6712 7660
48234 20191
49241 1626
16223 26322
19511 40470
2113 14442
17224 29228
22845 23423
5701 6061
28775 21389
7694 3607
15529 39856
13755 42030
48341 12790
38531 38236
45164 34501
22979 14559
46580 18215
39995 12827
41470 1478
28061 5479
10878 35286
40381 29194
9125 44373
13542 44012
13563 5727
3891 33541
37361 25849
22992 12744
34884 32144
18422 20825
39116 39530
35309 39655
11035 33526
21211 43698
46141 23663
19179 26055
18962 46922
37535 28026
17521 24225
33713 25305
44519 24434
6241 799
8886 18655
49159 22605
26975 23027
3886 29202
18175 36768
42985 5741
8316 14136
45969 47701
8697 29113
16363 48597
9585 27238
46622 29000
21109 18916
16224 10735
49904 47711
44318 27777
25737 47750
32078 27145
9318 9147
37843 38482
41446 39187
17611 5642
41145 9414
27147 13618
24588 19873
29622 31105
4950 34427
41526 21982
6102 4333
26402 38711
33792 49553
49140 24627
18234 434
45529 26835
24188 41865
29799 17913
31985 27166
21450 11462
38140 36426
163 30286
48020 46547
6105 37219
47903 49496
30045 8974
41605 13059
43526 12191
45698 25020
23477 18971
4151 36299
35025 32152
26065 2768
14276 19792
28158 38353
13884 19918
32422 32382
17599 36654
21160 48488
18586 30373
22136 14715
35869 1759
37876 161
8559 10095
37103 17215
31808 19672
22528 41980
44732 41718
49956 30969
3173 8139
3011 42849
6526 43642
41038 27339
30120 11756
1068 32237
8143 45079
28921 42257
29919 16040
45 1865
28037 7823
13260 18168
45128 32313
8646 4373
42599 39249
19784 48862
10419 23709
17959 38081
6118 31490
42900 37066
23622 28579
16410 16903
5402 41157
24370 44952
43550 31198
42528 45499
10848 7838
3394 24459
25975 33589
41000 48036
20022 37701
47579 1150
45839 17010
49495 10673
15345 38120
42958 3835
5977 9578
46118 20951
6238 30215
72 45435
13987 8880
31249 23422
5108 10703
38908 3467
14824 17870
34043 23670
44564 27494
29168 41698
609 23330
529 3193
45587 18997
22517 19115
7904 34709
27677 41874
45485 5035
8663 33677
31307 12702
4642 41159
15005 12010
25105 6194
5855 39241
47892 49325
6713 10954
6764 35633
20536 21143
19612 20724
8987 44891
25083 19732
49359 17791
8726 44922
42047 45742
44377 45112
9363 23759
4484 6281
34768 35024
36916 38014
556 23045
39998 846
42600 8976
10756 33959
28843 18443
23016 24446
47346 31779
13963 27001
41162 22303
49039 10685
9921 6713
26982 14279
40376 10129
44995 32990
28993 14491
14238 12349
5682 36613
6585 40202
9176 45198
49313 34450
8072 34872
38639 46698
47842 36118
25168 46024
28141 49566
20612 7469
9164 27352
16239 30179
18152 5007
42246 7640
5522 8601
36268 1139
39388 31426
39323 22821
39820 45289
18673 23762
45252 9111
1758 28963
43150 39168
19769 22417
13465 11286
33932 46524
39776 19968
49011 1885
25674 48789
19369 7773
42348 14573
3577 8436
15686 45498
32433 9330
25290 45092
7389 14849
15800 20148
32741 8215
41818 8534
38924 5152
4654 27841
34622 45274
791 7322
23665 5095
20741 1233
8650 31737
25352 49633
37250 2787
27582 12869
23948 7066
35807 2150
44758 43240
11323 33652
30869 38875
4784 3885
1094 30742
38494 7794
4426 16582
904 2837
17183 4342
14139 19769
2611 674
3963 49451
26082 6325
18776 8113
41195 39440
46703 13462
32837 38510
45994 13109
26364 12110
41979 43949
35236 23039
40374 1918
10007 5950
18185 9540
5479 48903
20311 18179
33509 37995
13317 22796
10183 23082
35153 10523
21414 32810
25607 47747
38433 40171
41570 15849
44634 33090
42150 37371
4333 4479
20328 6495
45789 37889
28672 917
47839 34658
15640 14222
3795 46912
16023 12554
28475 18472
7602 11258
29713 49416
40128 35202
39901 284
3607 47537
43653 6468
48608 14026
43127 33043
48540 46384
11512 31111
7828 24017
831 45753
46393 38626
8993 12133
45974 28814
744 44141
10737 7034
32533 11853
22722 23254
34276 24879
33897 27794
47237 14043
16991 33702
10943 14913
24371 26712
8319 7396
49138 49900
17614 20597
48034 8102
7737 30534
1924 7230
21956 34061
28137 8908
17825 32494
34332 49957
4186 46186
17233 18893
46683 47326
37792 2662
41126 5391
5051 21504
32516 32356
29832 7584
33475 25218
23602 18587
3634 29947
32743 39348
37152 48246
10937 20448
24097 29096
10310 14803
16720 36302
6744 26692
37612 19045
44180 28047
47369 12373
7559 31174
14969 44508
48548 24081
33347 11751
2887 838
806 44182
16027 6893
3014 25977
30918 28709
23854 34254
9836 43159
11729 44337
2318 5571
36233 7814
46795 9396
42973 25875
27484 26256
14714 45550
21090 38703
27280 6667
47205 11058
20968 4241
17778 23837
5105 13048
37457 22193
24433 13125
7826 26496
32902 8046
44128 15262
3452 27834
11754 47527
14627 32710
33802 18253
3010 46760
26276 38137
4518 38906
30481 17890
18502 42195
20362 26230
5662 23338
36248 31184
29934 43692
523 31755
24178 33517
13152 18278
19110 9659
36950 29795
19918 7081
48469 8008
40811 32070
15898 32590
30404 15128
24136 41181
38778 8822
32333 1948
12808 48353
48003 3464
35820 4472
49839 32646
16065 44441
9868 1754
418 11738
26873 25077
1567 39623
35491 44513
22704 21428
41678 10010
45447 19842
96 40762
49738 6314
24660 49819
48371 5015
6813 43325
13448 49258
34722 32257
15609 30542
32246 19239
3926 43391
9331 32631
46639 32130
18339 33083
6097 17149
2878 35425
15170 35824
34063 1159
27071 2071
45931 28208
24412 7808
30046 25142
49015 29499
5565 20615
38062 29004
6264 30125
33124 2359
8750 2154
41761 11592
25845 36482
4905 19861
37213 46273
28508 10758
43414 32210
8567 28226
15518 8814
19116 20478
17105 46906
20645 25499
45923 31946
48193 7169
21382 37281
20845 44239
29672 43259
17823 36293
15310 44917
4895 35350
13285 37501
8921 30791
38320 31190
7142 36848
10185 10244
6925 3653
10773 25650
29463 17262
30544 32421
20581 24760
26642 44335
7913 23119
35123 18641
23481 21004
13608 1845
20206 38697
30366 2957
17368 8402
7859 24014
5926 22864
10330 48632
44962 38271
19938 1763
46184 40971
45671 22365
39539 24942
2644 6380
21483 28060
9721 22620
5978 23421
46607 26997
16268 23021
23314 3700
25969 43336
33651 16006
3209 16228
44380 42473
19585 20454
17051 38833
11395 5567
2037 45089
29636 4293
36435 19983
49027 22125
36053 11127
16375 1292
6208 21373
30281 30207
9162 43108
7960 27688
784 37228
4042 33736
14568 27602
12985 17474
24396 1338
44977 45611
41308 30783
42251 38535
5508 1458
38164 20744
38412 24756
16963 37379
4915 25579
1429 21131
4226 37522
12960 6405
42336 32006
29061 6558
8441 45277
6028 44245
21729 13495
2799 22018
30212 32554
3319 32950
11010 43738
37611 22253
28388 10921
47477 40294
25887 19630
32515 23812
1933 28574
44776 13223
27962 32569
11326 41645
23197 4937
14072 35117
12266 14030
18022 18833
18341 17378
29230 3116
9741 19486
2271 37587
40579 26348
40435 14804
16108 40932
42421 48686
32696 6027
27001 47036
36090 37893
31394 6209
3997 38789
5749 22076
18336 17916
25102 4409
42117 37122
34460 34804
16329 27991
41338 13746
35630 5025
1280 42700
25068 33073
23535 19655
31437 28372
35686 43481
31764 35387
22547 20536
32925 13113
21077 27153
25453 26366
17724 16467
11785 40958
1709 33776
20898 29703
39133 35886
14354 11836
1921 1220
18412 41147
3840 46094
30913 33832
34697 12226
23425 32716
38273 13957
15255 43307
10462 48642
6563 30625
16244 17560
43049 41808
15805 34913
17468 40267
34976 28425
48304 37102
3665 47620
14380 41076
23253 3925
11385 34228
11541 13150
15503 23874
38832 30310
20841 9683
48373 15754
45720 9862
23514 48919
38769 44913
1849 19679
46102 28534
45912 26887
23048 20884
37202 4223
36937 41546
9313 13341
36904 27030
32259 17494
35529 18812
20255 10525
11506 16807
32142 45014
2488 39403
5916 15476
15246 26599
39431 9828
14340 12578
1307 1816
31326 16095
40248 20352
13204 30420
8552 31811
22332 36689
46986 28583
11631 27658
21207 42397
3904 2426
1437 13238
9681 10444
38445 17873
46183 8942
9284 1910
7270 16935
34492 18205
23914 43167
4754 36092
24484 11534
46173 42225
25926 47349
38406 31841
6622 1305
22057 3626
21143 5501
8943 39427
28631 19529
41895 4167
31930 26674
42545 23819
20794 44019
11417 43086
36830 5919
45454 26011
40221 47464
23385 9212
14631 15470
43617 7336
38598 48135
11492 32785
24798 7907
20108 34208
48104 43531
45122 38039
19302 16503
11647 32536
47765 5915
118 15603
46007 8014
37542 20540
25664 38295
37191 48316
11933 25556
20855 49046
40068 48757
14477 15463
41920 27714
37064 9456
6823 7001
32518 11479
9218 14032
21704 17993
48847 28802
5100 26764
22729 16667
20940 38633
11003 3666
41694 32137
5815 24557
46463 45851
43911 7404
22004 35766
29271 27773
747 44744
13742 16145
45428 18202
4443 9497
22970 23790
16821 31145
7081 46903
47214 20197
84 1382
3156 42297
25293 39703
28720 2282
48011 48461
27503 43400
27134 3584
32315 45265
24820 44014
23019 15708
35785 16580
24599 36224
6648 25212
31424 20269
37884 41875
42662 45916
49693 23781
45034 7999
14784 35056
29576 15492
4831 28994
2190 25459
19328 516
1316 25755
20888 16747
17114 19720
6864 49589
22401 15432
11149 19492
24607 13788
10546 10501
47972 28761
4916 41377
35852 20787
22148 42234
38931 26627
40216 2221
31637 17960
46171 5250
2032 32224
28268 30874
42837 48297
10814 27064
39802 21806
28456 47015
10296 27681
3510 6580
6637 45776
21699 17103
13471 33184
12451 4350
26823 23060
36315 27583
47320 39461
47840 47791
35398 35896
17385 48352
43293 21416
18450 29705
19491 45562
15568 49937
6286 3415
3253 42034
25750 42048
37472 12042
36023 41298
32175 29059
10066 42016
3573 8919
23648 202
251 26258
28024 41177
5743 20025
19304 20561
43387 37737
40966 5390
39336 7264
31479 10344
13086 16359
6357 46765
1687 42545
11196 8526
41825 38930
19125 44942
5370 26891
7570 20933
20209 29589
26049 31351
30864 8750
32054 17084
43322 11370
5973 45054
42066 38865
35660 21469
25397 18468
12117 13020
24316 27165
24999 24092
24210 11921
12228 25789
2925 24729
17256 37382
30479 14712
17263 1359
14828 1506
17601 36604
36979 42409
4040 40109
9905 14989
49299 5832
45644 30306
43744 12994
6338 17157
43788 45958
22531 11060
35485 3263
27132 26283
49576 40502
38649 28109
14911 17050
36281 9782
25370 5837
27436 24113
35096 11150
45028 7691
31119 926
15444 47094
31213 34462
19586 28519
5175 29735
25874 44146
46813 32385
2276 7767
32906 13314
37436 12488
33871 17446
37453 18872
44403 32386
40651 25040
9664 8533
7883 28267
49624 13541
29429 39328
11330 14128
10956 18545
13887 47626
12631 44381
8270 12411
2797 27416
27747 11821
5136 26774
28534 9565
13233 1886
9692 19019
38998 17158
16901 15433
20956 40481
47652 29556
4392 16274
5704 38202
25435 44845
36462 30027
26042 5619
36180 677
21374 30729
18102 8730
34059 21185
30026 45418
811 13908
45903 46750
40833 25133
34247 46430
27499 27741
7375 48242
9807 39138
9713 16793
37133 4788
38187 6245
49702 36504
6923 3851
36877 3416
6619 21815
18750 15391
22536 30864
26929 23220
17311 39740
25104 43961
42913 39206
31824 46503
37489 49037
39909 352
31002 16624
11286 33066
18050 40610
26410 24966
9428 19826
40518 25867
39889 43992
44618 24308
45460 8667
26328 36672
2542 2696
21725 38043
45254 17059
15570 11133
3231 33014
48874 32299
31144 22229
17602 30677
24409 8646
1326 5876
22143 20796
19862 46548
20379 34762
18373 28373
32219 9293
45626 17066
6437 2895
14940 8381
8808 32717
19693 18416
48741 49010
21029 23632
17657 28187
47763 18542
27314 17251
42308 40170
5852 49910
12317 17286
28949 20514
13854 28559
26685 10813
48559 20680
31750 48292
49775 32197
33850 9914
3684 36417
33769 43085
4301 41724
20390 28836
46503 3488
33214 12382
26437 15065
8890 12003
34360 2351
37269 30819
11387 17055
12633 10719
13155 46266
16351 30615
2168 28602
29914 7604
3314 32435
23618 2674
46179 28936
13049 23365
17956 46467
30424 36757
33104 31799
26015 30000
41643 32309
8119 7373
44642 47171
2003 9703
24410 8104
32034 22912
38932 6133
29236 13352
11639 18620
38462 11840
22922 11030
22561 49148
10717 17878
16952 36913
45145 43460
18683 38383
1799 13920
3254 38244
10677 271
37504 34473
14046 37408
14507 11834
42427 27291
14753 5036
44414 16133
13549 32645
17635 44362
42703 6181
26838 21539
33639 1702
1315 18631
44709 44651
584 44607
31071 7995
11351 25833
39397 24482
555 38689
14665 6952
16541 21204
39869 10078
20019 1893
46711 5313
46490 30162
42123 46381
18048 43224
27775 31448
24673 29757
22854 41180
14301 17651
30586 38942
19802 43124
44381 381
34121 21590
40869 43003
26028 40788
38305 29695
6706 21294
482 47943
33523 48125
43409 37301
24526 8476
36796 13853
42425 3191
38914 42182
39915 18544
18526 21180
19561 3640
44854 48746
31572 4635
4184 35859
22039 39472
18120 24995
41983 6066
21309 26140
18146 16723
17115 11667
43000 15734
46603 26144
42695 5846
19582 1345
12345 13647
9826 10679
33902 25461
15749 26372
3721 18674
39324 42413
26483 49320
43289 42865
44615 7904
9171 19566
1669 32169
42953 28336
19373 48228
17002 20323
27432 44890
26516 39552
25446 8605
48283 23531
2315 43616
38210 6299
46405 24082
37490 13099
12447 32088
22490 29193
47616 25434
14573 31224
44979 17596
35038 36901
41833 39344
31178 27727
44032 5913
23495 49578
19674 27692
43098 24133
36586 40231
11871 12214
19254 28450
6397 41333
30854 27920
8385 6092
48557 2651
47526 33643
36637 22397
49999 30378
11998 44332
44546 14696
21997 42442
42890 44974
5853 46769
14566 10163
14637 32462
48773 34556
20126 41259
27557 42417
21714 34386
24359 5504
17077 19052
38376 30686
19271 28663
30394 5190
7719 31301
30838 9740
3518 8375
41576 19688
38246 16296
38032 28032
4668 19365
12750 37260
32800 3128
7853 36110
44611 5016
25014 2956
34724 33648
27074 7054
3544 33467
9882 27848
9003 27068
13127 6193
22458 30452
26817 43310
37317 47207
29988 37256
9387 16606
20735 23296
46903 16703
11820 38376
5297 5359
31955 32994
21800 1067
41356 7467
11589 48531
41583 43358
3802 30336
309 11768
17926 11942
13723 25753
49886 2967
11050 5459
37768 27280
10384 46163
32085 19507
5770 20575
8481 38484
28424 47455
41517 49634
28142 43927
28117 29488
31287 40883
25122 17372
306 22370
2473 12268
34982 13833
13069 12130
47885 5127
24452 48958
923 39588
21117 16995
49601 44133
34802 28430
12490 35021
1175 1175
44352 384
271 25883
41071 7647
48078 872
16307 42979
14829 31269
45451 30158
22568 26549
20454 43105
8450 48775
6732 39446
25137 47574
32987 31898
38580 19845
20062 40534
10946 40419
4279 23641
19543 45264
19060 44159
29880 45240
47700 44244
34098 25887
39084 19835
34349 5744
22141 8198
28421 910
45009 12505
8769 7335
22462 1042
32125 45616
23544 1758
49160 13713
12349 31531
10806 42509
1254 42582
14970 15846
14702 28560
47656 41030
8599 35297
13841 12512
48109 5643
38647 19721
33072 30372
11075 9711
24025 27649
46604 1430
2449 7633
24589 10886
41965 9990
16764 48417
35045 46046
40838 30900
3185 1287
3144 29460
43383 38354
7086 15901
42833 13195
1294 19323
3162 37319
45204 25673
7589 3338
29119 21880
24921 517
35867 6729
16564 41315
31091 46734
45998 27243
10036 32487
13468 48306
45561 37924
44941 39049
41309 47912
610 36327
19734 19057
27583 26194
43363 31858
6618 33644
43417 47489
34099 44478
17694 31976
40816 15199
39691 46812
8990 34624
27449 1247
6876 27657
33528 37776
47106 20700
40482 36259
7716 4163
18528 17554
7472 42488
6965 27338
32620 31021
13019 7664
13091 32427
17236 40810
34285 42349
13217 22726
23457 29382
46101 45713
26854 28589
19357 1364
10511 18876
2583 47593
35923 12597
32530 30753
13612 28713
45103 15212
31501 33269
21667 14399
15369 38513
180 39460
836 43055
44017 30702
5833 8596
7238 19228
37628 47383
43846 46622
32382 25584
9775 27320
5904 44113
33536 42763
4919 48142
47421 23610
6639 30955
16771 10619
42228 40754
15150 13580
19401 18512
17310 45266
3283 49104
6542 5649
11450 43717
2586 31647
19043 8461
23608 11357
44353 13074
20494 39699
27919 32256
48401 6613
7596 27262
6226 32357
49690 19901
3008 15383
9070 13726
43474 36493
42415 3084
21540 1189
23431 23514
28687 17093
40751 23400
17584 44364
48043 11451
6092 32996
24421 2096
22461 4173
11985 22134
7461 28222
26231 7470
29920 40473
17815 14857
25279 7910
45214 36831
31343 14687
27640 31875
42523 22304
10931 23282
7410 3059
