41906 27265
7297 59719
1640 38716
48599 31633
18025 52578
16050 37287
14629 44460
9145 28716
48266 11880
6718 40064
44349 24888
48541 51064
58470 23502
35742 40066
5698 1889
38699 56530
27652 44858
2083 57669
1953 54955
6141 47663
14329 63796
15248 58443
33119 8563
39454 31660
1740 60320
36782 31990
13032 7402
46926 58170
42591 26954
45963 28881
35714 3013
27494 4151
14447 17146
29440 42925
38619 20594
18232 811
53047 46175
56971 56908
426 44429
49730 34395
52811 50301
10464 48735
45754 37792
27697 47434
22299 37029
18211 14680
10190 62637
14111 43899
62732 57223
50037 22171
22060 34020
6699 34283
6079 45105
24899 45914
6339 40517
23527 6242
55542 28368
22542 43367
39566 47622
17336 16291
52896 31584
2848 22660
47824 43497
30109 44322
35143 42036
8181 25224
63775 9743
60444 54987
24808 54162
5165 36592
36179 58463
19214 40168
54356 3577
41199 764
40536 42166
58029 61235
56473 10285
23701 33133
37838 55630
12602 30756
46175 55829
4559 32496
3004 56979
43337 10840
14936 4907
50664 49246
18966 32221
5230 21014
56055 15788
15257 21686
56786 63580
6620 18230
24912 3300
18218 33223
29715 14596
41661 36078
54665 42161
23910 24815
10660 26430
24261 53550
23284 15401
13731 5167
43921 30088
17497 29111
45995 52512
61385 37555
44797 29367
42470 5769
4680 56138
39921 32667
41614 29300
11216 20714
35006 7780
47785 32596
16044 48840
10709 42820
30295 1165
24868 6727
17692 26440
60647 27024
41944 2349
45100 36513
36501 35986
14393 12
44867 54127
21253 5957
55238 51891
50353 39598
50856 63123
3666 40572
15011 41782
53858 19963
2104 58335
52760 33315
20674 36854
26291 13557
17547 42900
4338 44006
13827 29899
59844 62283
61795 22339
37171 23813
57434 54088
47050 3557
20623 53516
13935 14610
42955 55334
32718 29784
25929 21757
57979 36711
59936 50294
42130 40617
30072 39319
9364 31008
17360 46967
9151 43069
16163 23809
48824 46919
36790 29658
35323 7473
17220 6386
48957 49763
38312 43183
28078 14533
58840 144
38243 22372
26176 23275
23724 54388
14374 41528
9066 63206
33393 52424
32344 19136
5958 35894
49531 34209
3088 24504
56434 46013
7186 6968
10017 3001
41121 58778
10485 10759
51910 32272
44597 9205
27667 53861
39087 46980
4164 48662
25217 47289
25010 26819
39053 7010
30675 16666
34677 40033
16477 12840
63641 12291
36257 7914
56413 60963
61764 55850
753 25749
44584 14129
47234 29953
7508 54038
44677 51212
57986 12490
35191 46976
49210 22147
17487 7063
50371 49621
42007 27163
22294 3048
7311 60728
19235 41501
28493 54885
10366 44050
29736 38589
213 8076
62510 50604
47324 63978
57400 29525
47165 29976
17262 43153
63694 38622
32807 62665
49936 33044
11709 8824
33272 63168
59810 32692
6974 285
57051 34758
40980 48249
19559 3184
55160 36257
41875 61297
33271 28365
39910 54973
13036 38347
63822 31650
24505 60580
49972 63866
10588 51189
35349 60370
62489 59650
51029 11614
60453 45339
34758 37917
60195 11381
38 47874
39253 53428
21244 8414
32022 6787
1277 25390
7332 43092
60890 39358
23789 39726
57588 57849
54505 21093
52873 33038
20154 57763
15693 25210
3797 27438
15786 39912
57542 60026
37183 45385
62060 49963
5162 16269
5614 17931
47967 26075
31850 63151
53479 22470
4536 63603
49847 19279
34912 29678
50190 52744
8242 8741
8415 9056
43238 27050
31149 39488
62053 45877
36032 58094
10822 49049
17371 33574
34582 19590
57176 55252
39754 45974
27731 35902
63201 56408
13881 20573
60878 46654
35344 48289
49498 61310
47837 36280
45212 41457
13183 14244
46724 13166
20429 13744
26149 40906
44020 46818
63971 19044
24473 44998
28712 22630
58958 60372
33920 44065
29589 8695
7931 46557
16247 42605
14726 62805
4197 11654
22157 33024
1379 35553
38556 45503
36302 41739
15081 21128
38565 46554
14433 7564
472 49859
4653 23085
46390 36850
41360 31482
3859 38195
15004 37398
4418 61780
59338 43723
2059 46539
56338 27360
21655 44188
4644 49013
33696 58581
15598 55142
18251 34990
43843 18739
31813 57507
14041 55529
35340 27682
8672 52974
47406 837
61310 34258
57828 6978
37424 1657
37763 24961
30977 9525
15926 3478
51421 43926
30997 3710
52921 13101
26678 17497
12479 49165
6182 51481
6353 10548
43188 18784
28250 44787
23220 16421
27760 9597
26942 55010
30607 4066
56613 45259
47781 51404
3551 19343
44130 13370
42825 49388
42349 35467
6450 2118
3973 23507
26387 53349
47725 29662
22237 6717
52468 40378
56471 56888
7162 44272
16296 48464
12557 36824
12466 56679
35147 14701
29401 48655
9187 42410
27649 36784
12026 25487
18255 15572
30319 33484
16372 51401
57311 52222
60508 52352
4941 45622
29042 18851
52955 45413
56450 43549
56097 3079
36067 60719
6417 25008
3316 25399
42739 27301
35428 62699
54790 51650
968 44902
63505 20491
6113 63297
60711 36185
49386 3526
55621 850
15492 48738
10900 16472
26635 13310
31827 40670
31547 56941
14009 51179
56666 56391
26283 57025
59143 29037
3843 54394
10790 14782
24837 59736
142 41536
25587 46179
17381 46501
60721 42444
51385 24101
51455 49487
29820 38561
18695 35823
27723 48396
45652 39544
62739 12876
47875 50866
51339 47508
36423 63196
43377 12682
47082 19280
31895 29414
10145 11628
12446 44739
19446 4881
14268 12254
63486 63077
3833 11390
37958 48175
48218 33676
35534 7822
3995 24721
49020 2664
20553 28083
3747 18292
3287 36478
38285 17318
31247 8525
32955 10547
60253 38273
55884 55445
34808 16713
10318 370
3728 21664
62966 30562
33282 46511
5251 61440
55794 10146
12179 2618
4491 10074
38997 60859
4454 21144
44251 39118
56481 3333
15415 50703
26462 61105
7857 40985
61709 40345
58346 55257
37335 43378
16136 19737
37941 32149
38963 51768
2605 37531
40592 36056
5373 23468
27475 4777
43082 51383
38252 46379
37043 20832
34262 34433
20734 14416
61257 62718
17090 12051
13387 34119
43892 4469
46937 51529
20591 33105
15643 10445
17408 27259
25939 35592
8578 35196
63706 26439
42304 6026
19661 22899
29965 14497
20721 57895
60885 13983
49275 43473
61325 21751
4755 21697
611 23646
30035 19240
40709 14317
36897 62280
6553 49327
4802 40520
35235 34767
13970 31121
33154 36788
63590 53982
8681 49292
61163 42553
22873 577
57729 7519
4509 43840
57624 22676
16010 29208
24218 15752
18677 59278
10339 42092
28717 40220
54641 60202
35601 40707
46108 15980
19826 62843
40087 2614
52895 44732
42859 58043
34665 21033
513 24994
43770 60027
53550 52181
36347 61931
19621 7431
61064 25289
43476 16816
6789 35405
61534 47447
57549 18536
8801 1620
17333 59726
7565 33874
58309 53878
7015 50496
48656 24574
63807 33706
10188 52614
17849 33341
18466 29201
39639 31904
13804 2874
47030 19428
22472 58870
13343 42699
45056 12617
41566 20993
55897 33679
17301 5397
33123 62143
32017 6289
16458 10971
59333 62671
59518 50681
55451 35257
3330 34945
6049 481
41569 41087
63651 4291
54353 13814
18133 43932
2890 41256
233 50698
21860 13971
50537 56686
8574 44919
41754 27801
17168 54767
10590 6811
48578 13473
28957 35243
36155 54313
46247 46055
28029 57583
36760 48587
634 50804
63751 28524
4932 42374
61935 53527
57876 61588
45287 4727
59240 48949
9769 44961
35756 10077
2362 1557
54697 30096
24197 46981
38176 21740
36211 2483
9706 5736
28167 4801
8353 63856
2742 11665
20203 52050
23898 16510
58916 36575
61151 4617
52175 37681
56408 53846
2615 14919
58912 59703
23450 16951
13768 26715
44700 25431
16354 29565
43709 41302
6737 26506
23179 28379
51126 20736
36693 1107
57943 25527
57326 44126
26633 7754
40676 35051
49118 387
10129 42037
60671 47205
60941 40525
15515 4145
56663 49543
10650 48887
52422 38379
53135 2983
11604 45934
57765 55591
27021 4758
1625 23443
11755 60821
48272 32954
60588 6956
21771 18995
51275 51570
61002 44950
26983 19750
52576 39752
43904 5670
56628 18450
48173 50154
53134 60732
16264 28684
17486 24997
10434 25895
51602 53879
45959 43302
7085 2020
25071 31064
57159 10245
2538 34962
56269 14410
30848 8938
14578 48940
13080 25625
53516 52218
60192 52264
30167 55671
22916 35765
20001 19332
53775 62924
52124 41553
57104 9443
14916 19534
14610 44387
1551 58129
43256 59911
12657 63267
26114 52103
21513 56829
18259 47798
56647 42464
4550 24454
50681 62744
18293 62225
23013 731
42041 36276
33385 57329
26194 36378
44533 9266
55291 8077
35142 2738
21703 330
61554 37534
1809 39103
7560 25827
57478 35203
17119 35883
11703 62062
38050 5579
63081 19969
17398 13767
2508 49041
7105 48591
39097 59215
28480 47576
22655 22535
47746 13877
51540 27044
20558 59352
28600 42332
39729 55802
33517 33591
7579 9336
25245 10549
58950 12059
37788 14470
12458 40429
16694 54707
2909 16564
46451 12736
28578 7512
111 11886
34074 43974
60659 52407
52856 37179
35288 55854
45014 3565
47149 55797
61622 49221
48625 61104
48303 35970
43951 30230
12913 42250
23870 36023
28266 4794
4586 19049
62186 44020
43532 4415
60344 16430
21640 6436
40840 12938
20573 47553
63471 38050
55576 31929
8168 62361
47170 21683
58986 23406
19682 8403
33235 43995
20270 42958
43706 15371
26765 6557
21377 18687
26372 40601
45693 4575
19377 58991
36334 63578
8342 20827
12573 31842
27555 29534
43577 21519
61628 40393
24848 43216
44389 20033
49030 45447
59167 38285
11406 9988
40339 37065
37297 37150
19724 23888
26613 52934
35910 20732
54640 62827
27 28070
19915 11052
18804 317
13775 20527
28174 16134
51496 51490
38010 14518
39759 46675
42907 48485
21119 41998
30474 28582
28953 18133
28978 55058
44278 23560
14006 8802
33501 44537
31011 48037
52019 21730
59060 57534
62904 31455
52169 30334
48232 29187
11121 23511
43179 50776
5558 20020
18599 31915
33781 36155
43507 7133
41481 11520
40584 42307
21967 39756
6121 5373
53637 55168
62391 18391
49227 56277
15393 63931
44093 9176
20344 58413
14723 35299
52859 12874
13051 17252
9657 48074
1601 58087
3029 41067
16047 5012
31139 47673
40061 4942
55689 58466
50364 1221
4773 55679
29847 33239
27161 41395
58074 2045
41273 53258
37728 38135
12743 37939
47078 26551
45637 50411
25165 38669
32400 13944
26192 59396
15990 2403
9672 36150
42996 17080
45065 35617
364 58589
58502 35369
49216 30940
56390 42855
50466 63422
58030 9741
6986 23975
51015 25723
27863 14635
14342 58422
11527 63786
52699 38641
62782 48053
45608 56176
33945 19071
30445 8775
3292 30455
36531 32842
16332 33451
60128 5935
55597 26004
7954 23847
29915 32911
8739 695
52522 43430
30451 15656
43751 55574
34809 52858
36630 40242
39024 44838
20795 10869
62262 49625
49497 33695
58421 9200
29005 29244
40151 10435
53413 11741
47139 37117
58460 62175
33082 37082
27967 63247
54433 57161
59432 9582
35906 48230
29224 47973
58800 31687
10431 61550
48737 23515
56459 2649
31109 14341
29496 49904
16987 31959
49269 15188
16204 4120
55042 17325
41790 24212
18174 15337
50189 2806
50966 43817
34164 13552
31759 33941
41075 59489
15680 51870
17997 23675
28828 25435
5078 30781
46763 60156
18726 29796
15368 57774
17808 3044
22011 2616
20953 42502
58526 21239
35400 6765
5281 46121
9069 34169
9885 41522
15156 54372
25103 17924
45479 54715
10015 48622
46296 17257
14022 37922
4210 35675
27189 37367
26713 11394
21685 24685
35561 42840
30535 24807
27249 23941
4081 38515
13556 42818
54585 58867
27535 54754
25525 5102
59300 33861
50450 16488
38279 24664
62002 59458
45582 14608
1281 33841
56147 26598
57715 23128
50175 53559
37729 56867
24929 22613
31260 31907
387 51948
61784 31596
23053 58142
19570 63872
49380 433
25559 32889
55932 57805
58435 9108
62485 28830
54771 10854
27461 15073
35273 5053
48990 33721
48145 42171
35792 18404
52421 13862
39535 9847
58839 12250
14454 10313
31997 23739
14381 39455
17888 47010
28563 53540
31828 7755
1903 43327
25485 15096
22029 27173
43836 53162
44509 21642
52308 47203
26498 7428
47460 31557
10817 44252
55084 31380
30631 31394
60264 13809
8365 38719
40781 10568
35005 42419
1768 54616
59437 26929
25823 1472
38791 15970
36988 2828
43451 8382
1777 37585
5502 38821
42124 10560
28090 8830
8894 41258
56810 33597
30258 2569
11910 58380
3296 37505
17050 9625
24845 3665
21454 10902
13872 16926
29800 60454
21421 11799
22119 33859
49888 62800
57649 26572
24847 39280
18236 36937
49284 41788
62339 63188
54521 57574
27628 47157
16533 47709
54717 43369
5368 53825
30823 18577
1271 62080
49089 5620
35352 14195
3414 29439
62386 39750
22936 30895
14695 56840
42608 31567
4497 11179
51199 14377
62737 54419
42714 26921
2639 39377
49430 9353
2034 52076
62234 38185
16206 53770
13066 50299
55000 11920
1336 40843
40720 43231
9987 33477
15634 17336
8273 10992
31036 47461
43874 44931
7497 22458
36961 60448
62113 29719
14285 39095
30477 38706
45841 4512
16794 15062
50260 24787
24176 25262
10997 8665
39708 7116
39797 1086
49017 13262
47079 34257
7507 56335
50974 59595
53694 33054
10733 44851
20385 27512
63353 54167
37925 9802
1683 39683
60876 6312
20445 63575
37736 31187
44391 59088
59509 40289
62795 39310
24597 2559
25996 57525
61701 51372
46860 34828
12998 32987
4981 49309
38804 7702
45261 6108
63130 31605
41107 43214
15916 8542
6679 59113
45692 39550
50626 35343
19765 54233
55725 79
44844 58784
39349 61456
52792 50782
7934 44471
52182 42549
37089 28279
51291 34213
2692 27570
22755 24274
34914 57333
28075 2847
43354 45721
24286 34723
4520 28113
33159 15040
42438 61501
22363 52580
830 31597
55678 51745
27529 50376
53893 24985
32126 22972
6917 38604
28412 52732
23737 48588
41654 59498
58431 49909
54311 54867
30130 45660
46355 37757
10027 6404
28541 27885
11544 63156
48091 16681
34194 31270
42629 50192
17701 15238
40365 59644
52967 56299
60269 5494
35270 18565
50767 39210
31687 57460
30466 35634
28546 26782
54116 16896
47909 12388
38829 359
17590 46475
21123 48736
55818 51736
16089 467
54443 37879
61252 34246
5680 7723
18280 34064
57779 472
29544 24578
15982 42897
49184 13463
30456 45074
37346 52710
39999 20703
43791 26795
24838 23742
22047 6986
1881 10144
32395 27924
55769 42702
21301 38363
11918 16623
31953 17125
13902 56032
23254 35135
52287 27759
16932 37007
22305 23963
18328 40101
57693 18060
39070 44605
45953 26048
57679 49478
18106 13350
36425 27082
666 36183
33858 51367
62133 36541
12522 31620
5611 11713
15818 24263
47191 36641
26636 36367
32020 31704
36385 16632
49688 20097
15750 37857
45260 22568
31202 50738
42330 46236
46652 26092
32167 48221
29372 9049
51966 56034
1131 56612
6099 43207
19284 7805
14523 49009
26503 15059
45337 29269
15946 51322
20068 45831
43514 62210
38113 10604
24185 6572
31016 14055
36273 63764
34795 26252
22529 51517
27886 22180
48886 52485
36071 36083
21679 40241
23057 45683
46063 44864
29737 46321
17755 3412
20095 10535
16476 25501
15109 41673
7908 347
47271 52716
12622 5970
20680 53953
7836 63663
48686 30912
35119 60678
62317 39338
49951 28533
45231 5777
12134 4200
12553 17242
14181 14534
48406 24304
31733 5246
18121 39914
47487 2475
38640 47481
49821 25188
34383 60994
39112 26257
18547 40237
6589 43004
54568 34145
12722 18775
19415 46636
14909 39156
23651 3766
11760 61979
19810 50700
928 53755
46401 11487
63887 41963
8296 32399
17978 28769
2983 702
3574 13220
36265 55743
19146 43050
45706 60999
61872 52686
8276 33958
41804 18744
56916 12763
49335 2203
32171 51378
6724 39290
57195 33460
804 33805
37622 45774
18635 15183
30763 40318
31374 11108
28867 44173
22329 2364
12083 23576
3368 15680
16547 42928
61674 19
56474 10319
31309 5692
7477 18084
53879 51097
4283 26178
26261 23143
32228 43887
4856 25897
37816 63002
41252 38410
44988 13128
3514 33931
9944 1008
9778 48296
53160 46113
36887 4497
62202 60240
19913 5910
5583 36019
16266 18645
7763 47589
36574 54380
50099 36643
27275 59967
39736 38204
39068 22813
51822 22773
40529 53446
14791 18122
50836 14831
34248 39739
63066 12749
29525 29804
59540 60930
29015 26474
19488 37678
56372 305
38570 17112
28104 11472
20014 26682
37266 33177
40700 63666
3948 36611
39953 4744
48503 32976
6504 19285
62102 22281
49987 62064
13618 7669
40994 52622
13830 33639
17344 16889
43282 57417
5321 35253
10293 53291
15720 51996
11392 37677
36176 16394
4920 45495
10259 29018
176 24713
26773 36908
62701 31696
45179 50461
38917 15944
30797 49642
19088 22261
2140 50830
15171 30072
18882 44669
46332 30194
18529 58755
46071 38459
56336 56494
29756 1793
4665 31587
45049 7620
15298 16897
60550 4428
17338 25079
51632 63831
51856 51686
40964 14443
38653 44363
43332 45953
52685 15069
61189 52440
12965 20692
27862 27029
7522 62617
35689 23141
14734 33850
42444 35105
9765 638
59534 45929
17409 54538
54175 17259
9322 16270
63891 18828
3909 6096
10874 26145
51946 44152
20160 49073
63547 53810
49084 22413
54018 4983
37304 36344
60372 61040
18915 11698
28781 31232
8150 20570
30717 23170
45134 14324
19929 58610
45858 37599
26379 17635
61780 11979
17842 62071
32799 48901
35389 44769
32362 60966
28689 59634
5272 12463
39193 32703
2613 48308
58290 13086
28314 15392
48139 48198
21124 15864
39565 57197
16409 17394
1696 63112
5986 15022
15003 13289
44191 54719
54786 16365
56395 54811
37697 40541
38478 23333
62311 10224
1360 51049
50120 6992
44059 7857
53833 60306
17663 5144
37765 44291
2637 43479
50012 32288
49563 40228
11482 435
30835 50086
34011 56171
42698 35487
28982 2770
60036 55576
18230 31608
11895 24327
38361 40677
28567 20672
41602 32267
53363 58860
32226 57737
5980 58786
30803 37652
22804 56936
26762 18005
21844 32166
21041 11985
43918 50087
6856 60032
56213 33498
10540 18368
21615 26076
26978 14556
45461 49164
32472 37793
18889 8405
43424 3549
61945 34455
26245 52381
53318 27734
49841 31348
36052 61582
2405 35440
29808 2135
5772 32931
20613 22760
16542 25803
21187 56388
7598 44980
50630 50850
26489 11456
56683 29963
33725 7889
54063 45761
76 33962
43101 30152
56975 20687
35560 45169
30277 552
27083 775
3553 44179
12294 13812
33977 24867
23710 38077
40805 6603
49575 21328
32670 23698
40987 40160
28970 56482
49807 17020
3383 12266
13341 35951
17502 17227
35994 15542
8587 17656
60796 30891
18877 40180
28713 22486
57728 23982
45761 12053
31767 32688
7958 27784
1892 13798
41290 27466
39904 45922
52384 49296
15683 24400
46517 23926
10380 55990
20366 26254
36100 18326
897 29539
36193 11790
26739 37448
6109 8595
63697 37742
55143 44959
59830 14980
7436 53359
30242 6546
62067 47240
7699 17692
42449 52697
54536 15454
10091 36395
32662 28326
61123 56120
46964 24962
19128 12850
33350 9559
46230 52432
17920 48402
27230 9801
54705 30998
31622 52801
30948 639
15974 11575
29936 27625
36128 32742
9480 8813
25139 58542
12492 55666
60416 41331
39281 33883
33309 34996
48910 47223
57628 62646
8947 51468
56625 31892
4576 19664
18105 16448
50639 36841
51774 56263
55995 37214
27194 3127
22275 26110
61227 6487
51624 45256
33276 10705
17510 3935
53776 14121
169 53335
18537 63811
47583 31231
19567 54983
54885 41279
38466 62943
38006 29482
43250 48798
32090 21933
56706 17025
9739 23657
29265 23614
35297 36724
31742 36536
22619 61070
21787 53086
36171 16890
49996 22554
35615 1300
24721 26986
29842 7946
61136 23010
21089 56844
56991 44538
12364 39688
45712 13039
15651 37805
37474 62497
25099 42590
15307 42542
56100 35288
50827 11439
26921 51139
2861 18653
20853 23273
48805 21306
63660 44119
46218 33453
59863 31949
53177 50774
24985 48269
25303 29291
43496 58303
51931 5139
53789 24974
42731 40218
9969 18778
32462 30393
2427 41400
8274 9493
32919 56903
38679 10983
21758 41982
56997 52935
6578 60855
57291 22112
55381 27645
28856 41372
6535 40129
34469 37463
59667 26528
29946 55634
1006 59446
47347 4676
9448 5185
26869 10617
57078 22520
42912 14957
10117 20545
4904 20767
30769 42796
51219 19095
17369 46559
22188 17530
40846 39675
45398 42248
26050 25917
42588 17777
5264 58176
55822 29157
21533 51182
55860 56545
44195 61524
56318 23801
34972 49015
24905 38465
20753 34141
41078 29511
47102 27132
58160 10966
49769 12052
31979 55982
57173 1514
35457 8195
2353 47696
40466 15377
4485 43387
15386 16492
41364 61633
44853 48751
60355 45921
18834 49135
62766 5248
48941 13801
5924 10939
28441 26021
6452 6751
49832 6263
41534 4181
46131 61394
57186 57586
6587 31011
29077 35943
10903 3528
45483 1728
19626 50524
59207 26019
1898 34340
3015 50135
21259 5456
52177 6812
3678 17201
19227 40508
23493 10177
24566 5526
28226 42916
9541 61053
16004 58031
34811 25549
27005 20275
62916 15032
44683 16214
51939 48339
11801 18624
11141 29043
11474 41058
5176 8285
39944 8604
57072 34521
63352 54954
40614 11181
44770 1873
15784 2304
32616 43487
59824 23386
38218 56386
9380 59984
15217 21313
30222 56639
41806 31206
16645 30618
30119 57076
16734 35428
43703 61267
616 17853
58911 35950
52733 29154
30491 8855
59062 62160
18851 45720
44408 63340
35822 11603
10354 38721
4841 39164
28950 29921
61947 41357
22647 49081
38508 41672
19606 57495
41874 36962
27808 28507
45241 34306
16391 41930
29940 41913
55398 34983
19800 20294
13056 59568
25212 22753
55925 31566
31668 35368
6990 14886
15546 52738
24994 5870
37482 28958
23525 20177
37671 23972
19391 27015
45828 17027
19349 10206
1438 19895
54398 692
43138 7
25940 34297
17989 53437
531 49696
62321 55572
56694 8933
44945 22537
51008 18794
48803 30750
3215 35069
59679 546
39742 62861
48836 60430
32554 32240
54581 62060
59255 49511
59175 31266
18757 19636
50839 599
52355 50193
15082 28210
39785 52296
52556 19197
23090 39126
14353 15153
41722 52217
12461 474
40691 35928
16426 24488
44418 12359
49518 26984
47247 57814
50297 36737
43201 28647
44621 25871
54942 16378
8964 10701
41173 46855
6368 62609
59206 42336
41122 25541
42359 54292
2584 24797
20247 14457
51683 17235
28890 5192
2187 27672
37983 40982
23912 15700
47996 33857
8613 50105
5907 52427
59614 59635
19341 40188
21412 52926
48987 45478
27231 44869
11511 17817
13160 18657
8662 42498
51545 48689
35351 34862
57440 53007
23977 17618
34790 27061
32886 12321
59867 55934
17861 4487
54426 11955
10784 8954
16841 18979
59904 7233
54047 41740
61879 29842
31579 40484
52855 29673
19343 17835
48927 45907
57043 40813
22199 32244
52707 12307
7548 63912
30693 1272
4935 9972
9225 3253
49425 35060
14786 1451
56371 12186
44324 6703
47463 18489
44198 17642
26045 62358
55427 46872
52730 28733
36525 47652
23972 538
5919 15258
51819 5912
25859 9876
913 966
17332 32348
35165 14234
8100 22408
29805 27542
24156 20420
44095 51494
49088 52394
44063 32663
17182 24340
38310 30389
24971 45675
53898 51867
41848 2080
61623 21644
24345 5258
7101 55283
44227 49190
15324 9575
30899 3673
1641 17466
40603 50834
57950 25718
61812 4679
36793 35599
21497 30812
59983 11902
39983 12596
14508 58701
42445 55152
4143 16390
41642 53560
53993 63615
30427 54281
59598 827
45946 7993
19805 50342
42549 46838
26759 16316
7647 25219
9161 50544
2972 29030
62015 16199
2439 48341
19947 2197
32285 13054
7611 30202
6370 48191
15388 50528
58148 6158
35229 34154
8891 43648
25471 13661
29730 30988
24315 25502
43941 44660
48703 20455
45645 61356
61996 21173
35403 10395
27468 41233
38492 47726
48646 2765
47619 48807
10127 61435
58027 36018
27190 34140
42921 8005
6490 16602
54637 31538
32070 41847
40348 19584
26747 13024
61542 23621
18334 58165
2145 3414
45239 56601
24284 43693
14239 14273
29058 7401
29144 15465
15474 41479
56063 28454
23769 21268
6512 988
44937 10969
24074 52062
35683 18095
59094 38319
42260 7842
23507 25940
3969 51718
26093 15932
18081 586
12440 2753
8006 38082
55577 51346
54015 45270
29801 31148
6008 45116
43436 39074
13901 10158
42055 62152
41910 50515
39135 5865
1400 16301
3315 10335
51564 32763
21857 5991
15963 44955
8253 40544
51576 22179
37001 61005
13449 49779
62983 40969
54383 3936
50146 3918
36321 23300
13577 42243
38430 10088
14153 45963
53285 35151
62398 63109
15270 7039
62371 8247
50750 31972
9671 15249
51685 20758
59018 36593
39059 51680
186 62376
18172 49591
56257 22762
9483 52791
8520 58445
35404 28752
16427 48051
52332 12647
11436 1400
7205 45171
43324 24758
56784 23473
1690 47475
8638 63016
974 63271
23478 58895
51773 2588
51671 31805
15594 46310
38592 28673
21219 36637
1035 19315
11420 35569
17392 45682
3435 32119
8308 12438
48610 37140
27589 12231
34478 35627
7449 22785
48868 21213
4166 47999
31212 30697
29379 18044
50989 56864
23727 54484
33636 39236
38907 59931
7147 56398
29623 36342
33020 10509
14520 4514
61959 34809
40312 10160
2842 29451
47661 19378
51330 53702
59556 63953
56819 35495
43182 24060
34174 29759
19768 48
30019 50851
42162 41814
2042 33159
3987 24841
31391 48081
55529 12160
26321 57864
27937 1227
44965 40615
7076 56154
32131 23861
46688 50858
59619 40646
29070 15650
4817 21018
58935 47252
5295 4152
21110 43142
39866 35322
9722 53678
4305 25395
8271 12444
18024 34346
40916 44776
41490 32608
38363 50184
35938 36141
46672 10102
21312 40177
24963 18556
39151 21142
34771 26857
19327 42003
29735 21105
33132 7240
39678 6309
28194 34289
6500 43182
51977 4370
45992 2869
7499 54736
55889 61460
42908 8505
42659 11708
57522 57246
50395 2050
36133 13244
47241 7016
56721 31810
14092 12558
28186 6472
29594 2086
58202 37422
14975 42058
27120 54808
22213 25468
54226 43118
29721 32107
26132 34461
27263 40893
47816 45962
6232 38686
20484 16774
27969 3217
20482 24010
43589 14466
16705 39712
24531 47045
10004 4645
45012 858
60489 63806
31082 60361
4400 13680
5979 42976
54512 32205
5595 60844
6110 58312
28304 54532
6329 5241
48798 30675
48418 52496
24422 41873
53201 3979
8528 23654
36463 36571
3931 48725
38435 61489
36805 58356
36811 27260
21604 53873
43910 24188
8011 52052
26923 46428
23174 3821
57253 53979
43604 40432
61678 17421
49171 34670
27718 2665
56892 48124
60021 4613
47256 54687
3372 19917
62292 5108
62920 14150
20477 34045
23046 6365
6790 6634
37875 47525
33254 15140
13943 34843
10141 25254
43040 12417
31601 12657
14697 34485
55528 62754
7093 16303
22946 37358
55403 62213
36456 11725
24089 36597
7530 49100
49979 36579
18257 27210
37625 48897
14822 6915
52903 50220
28123 41853
55389 37786
36764 23460
50295 44204
63204 30063
40746 46043
40212 43598
44236 27989
42120 57857
36487 6823
1721 10933
39912 51935
60889 11823
43112 36043
54360 26317
45448 33076
17528 22120
62334 43093
11824 10367
17910 63674
46053 39317
49966 29034
20250 61180
60394 23090
22271 59146
23005 20654
401 36051
11889 21277
57008 55369
9389 24362
37115 63880
43080 50082
26266 63791
4561 28220
9298 54143
48561 47571
41496 21198
2010 39873
6014 15776
48898 36907
34766 35759
14099 14020
24655 24581
27515 50182
29731 36061
22341 60696
10316 48797
24252 16652
20424 23594
47291 29649
62332 29328
50911 26024
61697 13
37198 47600
39075 2272
5568 18644
57891 39044
3448 1069
10197 33923
10317 8853
49443 58349
40491 19782
3262 431
44170 19683
5347 14542
17833 14079
29040 56081
43381 20638
27789 1423
31829 50563
39786 53867
62524 45202
27144 53893
17903 18086
14128 60235
49476 36285
33578 33507
7460 36460
22622 37400
28175 60682
7268 37462
18563 10140
44448 6180
44466 2474
38872 30171
31892 23309
34534 10231
43722 9071
20213 17367
2977 24058
14452 62409
25904 38153
39278 16375
3591 15270
504 16794
13398 53155
19754 19681
13844 6024
50290 37388
8994 26202
50081 37295
16746 60155
18970 14250
21504 48121
7864 5060
507 47421
32597 21280
63838 51964
28224 31624
11515 11332
8467 32000
24918 54114
34904 58919
46116 45194
63691 46062
32786 37764
36617 53708
54615 59485
43782 6250
52836 39010
23211 42091
4724 19687
26023 2450
56477 47894
48631 52976
2773 37768
28589 25006
1229 62589
30131 51127
60370 63009
5103 60416
56500 50522
20517 21915
37733 22802
28134 57659
37579 53553
26505 28463
46498 27298
41953 60965
27374 56875
18974 7900
7549 57003
26545 50489
1367 14859
21285 49000
11264 42781
52516 55672
40510 39473
30153 60861
54528 750
45195 41543
60279 50949
23715 41432
5776 25067
28621 3548
55345 19975
6938 34366
62812 2699
28553 20927
38593 35385
26244 37023
34339 9803
5155 21420
25937 32926
63774 45729
20335 14471
48878 10040
22251 3311
14521 44148
21828 47945
51061 25748
11019 29204
5006 49339
33456 39003
41500 37700
7473 33078
34774 5904
33421 14555
12708 28308
59371 18992
50871 51536
22897 25843
23010 9701
47670 8664
53671 22032
42300 5410
53415 31186
9680 37450
15485 48845
6738 3232
9598 35924
16776 26162
12929 17207
11371 5576
39479 26118
10019 32888
49822 28475
49752 50714
42960 45736
4939 8545
11610 49941
50650 8839
41154 31518
32383 36655
30406 12984
49444 31973
36945 25908
49800 42746
37977 37443
29420 12852
44639 36777
60566 40370
57806 48213
36995 34358
42140 16138
41635 15881
40929 4696
21182 17450
56640 50907
41106 28185
20719 21196
9894 44875
28821 60565
4476 37750
30732 5872
28981 7375
41379 44024
19846 27105
52189 27758
18002 23939
38760 22827
3682 12484
23065 21020
33249 22579
4863 38921
20343 42953
30261 1587
29617 50442
2465 19977
3729 11093
24166 22920
54507 40385
18814 53844
5029 52613
42249 28981
61634 40841
56053 9557
5918 28867
40306 2942
38934 60570
33232 53620
25198 15302
30325 13087
38033 44916
36328 24499
51893 62594
48426 49659
58713 47743
2689 55887
29474 5624
59576 7365
53073 48470
37465 3575
42719 15929
12337 40699
21072 60735
39650 9679
31171 56935
32858 54556
9887 53749
4055 18854
29526 901
6784 22497
53148 45469
58926 62860
54879 7293
22508 19997
46814 29496
5527 30880
33067 1491
42345 21750
11309 13698
2566 48498
16237 35259
46375 13886
62612 13357
28798 35811
34346 34293
34259 49176
39965 16952
10404 35967
23849 31656
24436 40832
60158 47837
18540 9264
25390 45553
26790 45794
50756 43796
22176 1206
44493 24682
39184 38208
3432 59379
51723 43485
41346 34525
42422 2850
21932 16742
4320 11163
21607 3940
6194 18614
36567 13153
44459 51721
25334 45648
18622 40499
16515 17779
47431 3479
55809 30472
43029 42911
59399 547
39499 4365
57232 25471
9855 43279
21848 17781
5342 43450
38191 55843
43491 59826
9269 43261
60080 23608
22926 56642
20332 7071
63173 1251
45776 19169
43394 56847
25688 63511
8451 42560
62630 25332
46455 15150
61473 24950
5553 33328
20289 63552
63143 6528
24687 59237
42172 20674
51883 31763
21528 56805
53293 39132
8376 34837
43917 63892
46061 12218
54327 13034
48417 32811
44920 30015
59799 36746
34498 60710
6125 46693
42338 1409
43940 2606
27749 62320
33325 60442
23713 34696
1195 19984
23764 21861
20242 32109
11814 25782
14038 48785
22396 10290
50211 1205
31869 22727
12584 44848
14847 23063
9016 23291
10155 40976
5058 19814
19386 15480
55341 32851
51651 18080
6629 53209
63777 4064
50521 41012
35375 16888
54731 57585
48408 25374
57913 58354
34507 53403
2474 1932
61785 36369
22071 18363
57436 14784
50221 9943
40504 22400
8589 58798
39142 25746
24689 43053
10110 8996
10634 5754
11852 47835
54484 25049
45407 34126
50535 44434
40943 40138
53022 57194
59157 40995
10849 44992
47264 14905
28684 27351
2864 15753
26927 37546
23875 10011
44327 27949
47159 20473
15567 59621
29112 39674
40016 21581
18674 29437
49309 35536
49057 8636
51368 13551
29421 42761
15336 9082
34997 38079
15675 35479
20282 44830
52994 52436
51405 13259
30738 56531
59243 9052
54730 20251
12716 45124
24107 46212
44454 58894
37384 34329
28875 59610
30257 8864
50426 62353
18467 59573
50996 50466
25027 9513
32959 43007
34568 61148
27438 37018
10621 60104
53536 10358
13088 20808
52512 4445
39628 36526
9071 34929
57214 47150
16385 7759
3420 12068
42021 20815
31496 55019
57287 57648
24328 9537
36343 47650
61230 1933
62746 50164
46623 20886
55437 57681
33811 27135
55783 26952
8171 19881
18682 29033
5497 48865
62586 61196
10507 53851
17878 58598
29447 41737
59331 61162
33644 48388
63195 17944
54464 9959
28671 51060
6011 12317
59671 6998
14552 8621
53524 12108
29566 1717
57976 49968
22911 40107
60980 40433
1748 17490
27191 39689
3491 37162
25983 40132
32900 15134
24508 39084
15452 15217
25308 61369
5349 45048
24571 1710
14716 23545
1848 5209
20886 45099
61003 51107
6494 31235
54997 8788
46839 32921
42596 55453
21974 39631
51864 30721
9572 46663
9018 42571
2511 24508
18801 12058
60123 55846
54380 25393
30963 32208
45618 31055
54468 9013
9096 10734
49732 12666
46239 14830
30744 2113
29400 26778
40328 62810
345 984
59367 60650
5193 17686
1246 27070
16773 14586
14134 48652
54721 43997
9799 13293
35967 49662
61986 13407
62508 4335
34589 11605
27739 60759
7287 28789
50868 63331
62664 40440
15574 61491
19737 45080
7986 21293
3130 61509
15627 29986
27514 58169
63770 16174
52029 28021
40817 26534
29958 50871
4117 2742
7266 39842
54834 62114
59320 54024
32757 24929
39108 47200
35131 20507
1078 25832
41416 40076
33776 48659
37687 37483
15856 38916
47091 35138
9410 34422
19089 42035
28131 57396
103 46145
40293 51572
23123 2524
15766 34122
37400 7165
27301 29597
12276 29944
43541 54199
43793 57526
62833 2780
34308 57527
23633 16104
4436 33994
34476 35250
35657 25927
61619 48181
51539 2573
33268 36550
36317 25389
1333 33825
25589 50146
57235 62470
30811 3231
2854 12443
41660 19083
25355 28807
24465 26086
16624 57960
48977 19960
1065 50704
23403 54239
51677 18738
4428 30235
22597 10911
15803 27687
48035 19296
43064 40183
41174 60230
6794 61590
50562 45217
38136 33881
48182 59224
49590 9322
21792 30382
8744 63832
2906 42343
23089 29603
35784 5928
62378 47360
53315 32812
42127 7417
11475 11782
54421 51035
51062 38368
44872 58611
30450 45621
45574 35810
31362 8868
41402 25761
11946 27104
53183 21199
8838 29550
4136 1633
46927 11723
50869 29733
29995 38687
2424 58761
19232 46704
13212 58707
2871 13234
51847 57839
13073 29799
58052 5911
2747 62131
20683 63099
61170 45333
20322 42506
33777 59452
26099 46627
53439 52199
35589 10748
31025 47080
16602 48056
2400 8097
49368 5977
42396 7482
12525 46284
18751 29452
23395 41555
56502 23786
51174 5591
3133 61423
56741 46353
42975 25172
21754 47637
17906 51844
8158 33533
52386 40113
24119 10480
28637 24818
58294 36068
26216 24944
48714 2878
28819 50349
58631 11200
25340 59786
22220 21968
12244 37061
32520 57102
45356 43223
32606 56537
24075 9837
60576 10625
52252 56939
34032 9477
17480 61233
52505 50408
5415 46665
47651 3363
27821 27498
5173 20190
28221 20285
39483 47852
62901 50373
11827 29246
35749 18926
19253 41056
21051 11843
61398 7705
5248 58887
21491 8623
43315 13295
19376 232
20087 40801
63127 50161
39494 16588
47033 801
27926 30058
10922 32613
45205 56061
29092 32680
23039 35619
29304 52918
2776 377
47633 39845
57019 63748
59744 32340
23106 15590
40295 14214
28505 38592
17994 43220
41909 31177
51871 29737
3760 26880
4918 28959
43987 5204
41781 39402
26622 39329
23810 61790
33626 16038
52501 62229
49146 35871
44526 18227
63820 63848
2041 41199
9358 36540
55619 53748
39818 54084
44440 13608
51205 3206
63571 12114
2281 9717
62968 3609
4407 42814
15467 22874
51021 2407
42282 9528
24008 55957
23734 2126
25091 43713
37175 37886
2123 54921
39656 39537
10056 19559
44504 21700
29487 60319
24312 5748
24381 3214
29095 7137
50010 27326
5039 11682
37613 10574
9024 44047
34699 18638
24049 40049
26086 43315
20604 45320
42570 45866
18265 38992
16359 37506
7435 51597
1699 36843
48214 62942
12193 62187
32706 49109
33931 37944
25362 23606
59870 61046
36810 63879
7718 6104
17156 50366
50789 19615
17059 21157
46140 24155
29247 58821
14063 24835
40100 53757
18716 4435
45481 49706
60063 28006
32192 55268
13119 36076
8038 4255
8896 19192
55891 30856
4854 8818
29626 7997
11316 45523
58896 56323
46752 17985
29171 21576
5754 34541
53118 27117
44691 34384
55413 13753
20945 45602
43768 13701
22769 40112
46501 3814
4256 7164
36045 37446
35532 47824
19030 41221
58415 34666
19658 5746
55795 31698
10323 47453
46650 45132
46502 39635
60774 51655
45890 46322
41793 18822
11410 27988
52016 39902
23691 55562
33342 20742
14696 17018
63150 63527
13172 37693
51909 40845
9102 23191
63379 61326
51798 8501
32377 40259
1723 36873
23652 32532
36309 34060
37505 47788
24177 41410
30632 32620
52669 32277
36153 52952
8505 11791
40105 57912
62139 39939
5651 15252
4309 46438
63260 19038
26094 12685
46985 104
47112 7747
31370 1572
34452 30467
26922 40991
50408 52215
26833 7729
53959 48331
37677 55580
4834 13588
8214 52401
20777 40325
42097 27174
4861 61395
29490 2982
30529 21876
44572 22915
33906 36728
22579 52825
8411 41780
57538 13916
54333 741
51136 41984
36131 13186
41930 45221
38522 18457
11926 16674
50318 51787
8457 4446
28353 20171
32956 19680
59685 33207
56900 36045
3632 21229
54487 50269
8138 402
33955 7461
10029 44947
19932 21843
10791 63834
10615 25956
21146 62019
46487 37285
14777 61641
22677 1909
34007 54529
58650 11511
18616 12716
55440 21661
5169 54646
16424 22148
12865 60443
41620 44072
62502 31399
17987 60042
8204 31097
40962 52249
61625 2331
40268 42314
34963 8897
6123 31556
32937 10184
42008 41105
11052 30188
38785 58462
38054 56704
10106 35191
11220 58716
43171 21962
40926 30309
47228 51380
59114 53358
39659 27129
22127 60804
55217 48667
60551 3672
36938 54730
2700 34150
54083 19618
56609 37025
1860 47512
5324 44447
2980 20677
42039 36385
50530 35120
37800 61972
17345 13649
42673 37841
13816 44925
50264 63410
37496 52399
27302 60044
40509 58198
41877 52153
1985 23174
32640 4340
58262 9785
41102 18381
35755 55099
18984 2043
42069 22227
19799 24592
31651 41060
16049 35015
52737 55208
52911 10877
44892 37420
26614 39695
19493 25531
29724 12281
4783 39007
45129 7658
3927 56663
10360 51272
28810 49253
27239 20204
31736 46221
30438 56219
13371 20612
22295 46521
63229 2073
9416 17793
20486 27124
63123 5689
62952 32575
20927 57479
48117 15575
56412 24353
22635 29617
26131 54360
8570 19834
49851 14165
62084 34413
33750 19813
36809 11470
6959 7356
20914 24525
15843 51443
30571 2451
8030 50974
17530 13245
29465 59858
16248 6069
9233 29084
6345 33161
3317 1635
19020 52365
25176 31632
56634 59308
40330 32772
27403 10098
16271 12466
56709 22290
59134 60532
10467 31685
53313 48002
21459 57271
37860 34317
47260 20340
20495 50826
12441 21453
61390 9391
10443 50429
32655 57135
33734 6440
30594 53880
32687 33827
57612 44350
20221 8698
32596 13448
1519 47486
5902 2396
25772 30106
33125 25401
29966 46772
15777 56677
14100 34233
38231 7592
23128 270
3189 20381
3313 2886
18439 45027
32434 55583
39159 38948
57825 57140
55237 5707
42878 60979
44075 30598
30841 58274
18727 3024
35173 6757
536 34117
55521 50213
7045 43188
28242 48861
8778 20479
57833 1474
63466 37851
47678 49709
62165 20457
50061 41868
26428 58467
23983 61062
2966 21030
26253 13144
3353 12619
37374 18781
36820 18131
12757 34884
23759 20916
63461 50646
18914 28909
4819 43983
25320 7711
33047 17869
29515 9786
50096 10322
36036 17934
18332 7502
54088 1000
40845 40826
44591 36676
40046 33690
7787 6710
8433 13539
6337 35556
25815 22959
24458 36004
52095 20873
22223 17764
36559 9278
23961 46161
49478 52692
9455 62881
13046 37624
39484 16045
33366 11225
26306 4669
32774 20407
62979 40191
2970 58475
2551 22200
8981 62299
46766 29075
21827 3325
52689 63560
31048 1901
34035 30851
29950 59199
9761 44270
39732 3307
58533 6943
33785 25140
62121 63606
21494 5644
40179 61445
20876 25685
63377 11730
25753 46182
40403 39068
48453 58411
55221 38847
19611 41253
38911 54800
22045 45229
33248 45834
54283 29219
33405 40391
34888 23307
32103 20477
46448 21780
36892 53572
19648 12986
31123 46721
53461 49703
1091 43967
24141 53039
21709 34963
44159 5148
7184 60476
27299 49529
38254 50098
20164 30520
52217 37211
58902 8638
47535 6090
57154 53272
45092 52583
41240 60273
1747 45784
39120 30689
31103 6375
17402 29858
42965 20342
51309 63983
50867 42233
37911 46545
37856 50233
14913 30501
47278 30838
3366 15185
38242 14667
31487 9419
11175 56433
34357 62133
41224 61884
61450 16912
40616 61528
50765 23820
55127 25696
24917 12017
9685 45850
53849 60114
44613 43594
15873 21649
2070 51694
37524 56413
45910 57830
7203 21284
12504 29707
1242 31950
28904 1984
20559 4284
27446 31152
9925 7399
27064 23033
45253 31369
13363 30228
26895 55429
32888 11194
61085 18499
40074 50328
60328 22847
30908 39613
57201 37663
55600 8349
48224 33289
47672 6746
4082 26588
46254 53580
9050 46811
33993 62235
13589 7012
36759 21357
21303 36448
43400 42563
31351 4649
34438 51933
24696 19800
20563 34915
11350 30211
30125 26268
59777 38702
34940 27096
22435 15636
35801 40690
23219 15971
44294 35911
50594 10422
56863 31613
62229 25154
44614 4330
42160 22330
61026 13648
45437 53341
17326 45486
39982 38730
31732 28256
12601 63624
16156 28532
18285 37173
36575 51599
19563 22427
14737 35687
19505 45491
50540 15477
18941 11344
46197 43425
13585 43884
45236 5105
46203 48456
32048 46656
20778 37631
31445 54838
22860 62464
36733 7493
52128 38809
47295 39065
17922 30338
18861 21324
7988 36379
37584 6400
44344 61890
35599 29178
24884 11546
58705 20188
25857 26595
53634 4562
62437 39208
63914 7127
52732 44926
9600 53351
19036 39087
2757 50551
61876 53731
46802 24833
5180 21458
22700 32395
60556 42271
28992 43265
42990 4030
16807 5934
48978 14262
31397 53546
14024 9105
13243 58148
54261 38062
62439 59196
17769 49479
36833 41690
45625 53074
17801 61800
8997 49616
7159 9616
40350 43312
48556 9780
38459 29687
15682 34817
15890 19104
3327 25558
43899 40343
59323 37876
34803 29306
14790 12824
41809 13479
15260 44664
3441 57503
6567 20749
27087 19644
21647 37374
47013 52059
30960 59848
6590 44536
44643 19959
50513 60195
9010 28491
340 47042
36068 59974
10351 22562
26668 5852
42788 38190
63069 533
57567 40075
31176 33452
31291 26490
42634 55551
13072 8360
49540 55870
18825 63577
21049 4091
18705 24198
62823 59053
3878 35972
59503 3482
50380 56
5863 46096
42750 36703
37627 53789
15219 23544
35072 7190
48411 56443
47391 18495
55728 56734
2445 2044
59850 15417
60390 28293
62316 46021
27387 38677
57819 25839
54894 40975
11521 20849
60270 46647
2382 25087
54802 26610
26018 25007
51640 28521
32466 35725
12211 13843
49087 43417
57167 11365
18971 31122
57459 9115
2456 12336
608 36401
19556 25205
37222 55269
39504 23612
7033 55048
21958 27344
18650 10111
29777 18906
42030 57196
35606 43914
34362 8228
32370 8801
58279 761
8795 4702
55776 42493
33045 1030
30673 9437
17881 47274
12637 57993
53007 31897
7383 61923
21672 28622
60760 8899
47915 5549
30076 8993
42487 61732
16861 52819
47095 27254
12203 56371
924 29887
48275 58562
22093 51704
51824 45574
19335 39612
37211 27899
62170 40846
49630 11784
12660 29780
11502 33386
40040 27796
56109 36180
41860 53745
58789 29495
26575 25213
54198 23286
28030 14795
33770 12177
21492 27838
5685 39622
26270 487
43861 60586
6252 32648
12110 55497
9216 47902
60563 15516
21208 46671
16257 32882
448 17646
17091 26925
25138 35794
15436 37772
29278 24050
49399 2193
17498 2482
21603 37235
19789 31672
38173 46196
47375 24156
37545 61246
750 38029
17142 31558
42840 45253
23564 62349
45402 9312
15487 47854
4072 47927
43765 34499
7748 56319
30501 49191
20107 51045
10468 18313
26570 30471
44963 33879
32934 5128
58663 34299
58183 58322
46109 39982
50453 5797
20381 16072
62085 30963
7695 41332
41859 48608
60040 43499
19336 43826
24088 5118
40281 44832
14474 41530
14361 35337
8754 52305
31339 37987
10040 20480
29818 61951
49004 3459
39698 59218
24486 22515
27253 35064
46003 51022
35995 707
59822 30728
30857 29756
49634 33598
35227 59380
52560 30752
43523 37616
54107 48092
14314 21727
49930 27592
16218 23129
44587 52313
49463 19309
39048 18954
57222 10978
63355 2316
5366 45551
34440 39167
29279 49115
34615 19928
46123 47643
62529 51448
5119 36944
60113 17069
36974 4026
7354 41242
4048 31010
54315 37890
35891 11081
59172 37543
33128 3383
13249 43013
37533 19121
35171 53012
9821 48325
62191 40916
61749 1790
56000 18797
34102 31770
63427 5408
7618 8312
63803 33135
13462 5038
46984 55801
62306 51365
32036 18210
5960 16519
58910 8687
33448 40357
29196 18414
52999 18037
3647 56221
29717 16840
8648 931
33637 63307
27226 7311
29937 39573
36957 11444
3784 59647
36622 38783
30303 48429
44091 9905
52883 43199
20197 29272
47401 24234
1427 52943
25949 11495
16677 17122
53508 51284
198 45926
61686 61480
14281 31780
37901 11850
4787 52388
2969 34563
27768 56493
22580 2169
45901 22469
4179 5532
35466 9508
3949 39030
58604 53853
4524 10103
30938 54894
2080 32503
18815 49333
26796 27063
11796 50487
50396 25112
8876 15595
63730 43298
42043 28848
47795 47580
42329 41785
27549 10964
24541 13819
61053 37864
25067 48128
29396 55171
56992 22615
60105 3561
59426 63487
24740 17328
24619 49512
5260 53709
44744 7602
43372 3443
57315 10984
63714 30410
8716 26133
42831 31211
56380 19751
22792 31213
7775 48900
11697 49312
35210 34900
25760 15314
34659 24891
8346 44795
47701 46243
14595 25564
54711 31103
228 17212
49557 61417
1490 34764
19554 57035
30344 60572
44139 778
47127 18927
35681 52253
27796 63576
34861 25036
24857 44466
53960 20689
15052 34751
16221 44753
30188 2689
22686 6381
10167 60144
18065 34819
12353 41775
57358 23189
47516 55329
50168 28298
7396 40009
2112 60165
53050 42734
43267 56254
27476 17865
40300 21953
50205 17717
57918 17504
58265 52581
1026 6441
15773 16735
13506 42884
4410 63244
6613 25635
38925 30220
2201 50670
29258 44256
39177 49093
44042 15847
46091 61880
57162 44033
3191 38583
16039 63463
48533 12775
2900 34076
26363 22113
28768 44415
15358 45239
35374 11792
62083 20531
49440 35889
56606 694
50861 44093
3700 556
9184 54506
33024 4454
18958 784
15347 62342
53464 6403
60057 34424
47941 6810
37756 60929
20900 29226
37846 23037
39186 14380
62543 47531
44076 18567
60620 16509
21016 12654
15526 2231
19777 1554
57427 40593
61823 63514
43268 3728
34161 38938
14487 43032
27104 58588
19694 54753
18033 14210
63566 39282
36486 41818
38776 7982
57653 46405
48183 7863
59742 5662
11478 56128
41026 39629
44483 8514
27998 24639
36429 43018
32482 50061
3073 58976
22572 42462
42161 37098
43998 52639
24980 12109
51499 58721
34372 7265
20889 45591
45634 12076
27285 16603
26756 19305
9780 30603
19654 43286
24672 4963
12051 41864
49442 29717
35254 18114
31033 50421
15793 27983
55663 45366
14769 59205
19710 43751
56200 50455
46372 50471
9461 21195
52808 16865
30345 10615
59949 51167
3777 4850
36857 18173
27046 50929
27297 4089
36523 25088
34734 25467
8788 21801
25456 3937
62927 16924
16712 53268
13326 17346
21645 11661
42383 28874
5182 4549
29478 32226
55518 13152
24319 39997
6060 25732
35104 11695
62776 42303
63927 32248
12484 7107
3378 9429
17594 35431
24719 50379
44150 28263
39648 14313
39514 62771
2592 42162
57254 6964
4770 59809
12332 28940
52734 46885
49919 16974
62284 6770
47469 2285
44005 4779
36625 4615
14223 37444
31418 47681
13690 16424
56982 50938
59444 29222
21822 1230
19870 58754
59572 32618
1005 9756
13882 42787
12454 41966
48594 57
7689 2480
48948 43556
49436 25591
31387 17462
59929 9936
15899 45879
45589 21616
39611 59286
60397 25647
13403 37660
25994 243
59974 33777
15685 46374
36182 62113
21078 32158
50825 31336
18551 28578
24948 26471
30557 55316
34974 47695
42515 51180
23545 53234
63805 51471
60454 4595
23570 35398
33608 14802
57856 217
32590 25194
30541 45172
6463 53607
52614 61360
47345 31593
62381 7944
49915 37175
55033 35082
20987 23523
59922 21853
13313 44685
24295 19847
20508 26255
27128 3618
2997 41437
36866 42407
56629 5942
14502 23944
48579 35038
9564 55925
1063 22287
60466 5273
36262 55128
38276 30123
37955 49838
47187 50234
27367 19003
19346 42454
9989 13312
12858 62476
21619 36339
15075 2578
24894 25177
37342 63354
54616 12518
16105 19587
32723 45606
36087 25566
42901 58751
44883 61380
22123 41329
16865 45144
50028 61363
53844 31884
32023 5562
47420 58014
62059 41471
48471 28704
32152 63713
30201 61867
11026 9172
48023 2340
52100 12655
23081 1663
11093 47169
9173 38860
47207 15630
35819 32063
32003 25479
12062 4129
58286 51953
35530 35426
42062 42167
3850 20168
34338 32748
2217 34993
54990 54674
55490 53201
4872 29446
53609 1076
61288 2428
3180 22236
50092 3674
419 22133
27027 51628
9011 47253
55218 63114
41334 26576
15168 7746
4455 13873
46346 52895
9898 42851
600 43734
14335 34284
33144 30040
29886 44439
24459 57030
3962 57296
61791 35165
41795 9762
43697 48566
40405 37969
59819 15269
62272 4721
43207 2417
31973 48200
1031 9280
434 32041
34880 42850
61025 1250
26958 30882
777 59453
1097 40526
34696 3002
47330 15905
18006 45961
35111 42519
18789 8555
1124 942
32914 11289
53292 41463
45735 3275
44174 59288
28219 20142
52834 53788
59623 52016
11749 6377
7014 29897
6313 40058
34367 11187
9759 54746
60184 38735
12579 4192
40618 53596
34502 53574
16543 6969
53426 7483
23229 32581
17520 38993
52097 52375
26012 40346
5179 14456
24449 4136
26610 52721
30081 13281
37028 27933
15939 22109
45695 53184
14802 54782
19660 48361
44830 63993
54268 26347
55566 21250
5284 7917
42844 44833
56245 37747
42592 35776
49781 9001
2077 21076
6128 54817
26561 51977
24856 13975
60150 50085
36222 2988
31196 38869
62330 11368
41730 21988
620 4144
46062 63807
11232 17950
5419 9257
32759 49647
55400 27208
28437 11014
42265 45633
61430 24244
21711 36269
37084 10814
56228 28749
6250 15968
58642 38142
34614 2668
2789 63729
15058 6552
13856 51843
59066 55534
56893 61700
45370 40137
58167 24651
37145 50965
31163 10339
17767 1025
3052 61402
4873 31914
44855 5291
18375 417
58938 62234
61216 11759
36931 5842
43130 46317
2157 42714
63370 38911
55734 58125
20611 18595
1027 27278
62043 45450
38472 52915
9450 51921
49300 50631
53785 31196
46709 45375
53799 8317
26103 13511
5043 9378
19614 41932
10647 17757
36960 34282
15760 29519
37139 27003
54700 62736
55670 11440
25504 40013
44371 45330
58755 2466
35427 39078
21741 11797
25156 47003
49520 32761
48480 61059
9172 61506
51807 41104
45175 54165
47459 51288
5140 19740
32820 22797
48855 27446
22667 300
3520 36551
6402 15443
28646 12577
15214 7701
54964 34748
4982 6271
22322 40562
39661 23718
50398 56540
40231 49882
39034 35372
25999 33263
50696 14371
21390 30423
1942 50485
41558 61170
17913 43210
51351 13639
29528 18116
32153 63662
14952 12696
23319 7385
36244 52207
24604 60592
28302 44909
12173 55299
44545 63593
38396 31092
43298 32606
24909 11556
5617 10471
50605 43919
40542 2826
19358 3541
52302 42262
16152 23868
46735 18682
4818 13736
5377 28487
17562 16475
10108 21909
24904 40424
46641 52767
51374 58333
41544 49704
10111 29698
48475 2839
25535 6844
20754 48524
23639 3438
6983 35217
5998 11527
341 61412
63404 51479
29147 1905
23588 31789
49896 33745
17680 7607
6700 4644
8684 58660
5722 15421
12281 47278
28245 29152
29416 38844
36503 37996
36356 21363
33584 27464
26742 13026
6770 48962
1722 44359
5874 58876
23195 21345
36322 15078
6100 51051
39121 7218
39194 21374
51409 14928
21262 6427
56605 15540
25247 48350
809 27040
19127 57009
61925 13105
25415 24611
51064 58417
5551 14462
47504 4819
59057 30867
36670 38345
59324 31747
15909 3562
37484 58360
34152 28565
11114 9499
44913 14167
24952 39940
11109 29819
9100 11670
17624 25385
19735 24477
17591 8940
32318 29999
60078 47175
4147 12725
10959 41421
28487 23501
18086 17675
27598 13253
19645 22013
31735 8337
51293 2104
5042 45365
23667 37269
16496 3910
16161 18390
47245 8946
40963 7282
32493 55814
38916 30510
40415 30054
12816 27409
30007 11220
7011 49830
8880 22517
19967 14409
444 58092
25933 19344
21773 39560
55156 10276
40645 51744
24897 52073
52696 41812
56506 40078
21597 59348
28851 11137
21938 37888
61175 36226
53444 62819
53972 15054
56329 5668
42667 26981
38955 56163
8922 34195
19690 32062
60225 56506
39533 14185
45567 38770
13164 31031
31393 54853
63520 30328
11642 18296
26100 951
20916 47843
19101 28057
48161 48247
45545 57187
41478 16165
32179 16242
37741 21450
51248 28459
15888 37976
21358 14576
24646 58447
18370 60358
53510 9763
51503 62619
25752 58868
23922 333
7464 27380
36953 2899
13095 2626
38813 30845
35759 48070
11792 50372
63800 33045
50307 2204
62551 60490
1764 34808
47659 61671
30253 31410
46424 53066
13740 52299
28735 45656
52278 62993
19093 6423
54479 29652
45406 32460
4533 15763
53672 5446
55561 36602
52145 49354
52105 815
26814 45427
44105 47959
60061 26649
9122 14288
41507 60849
19847 23489
15862 19385
16560 15668
43167 63589
10102 5947
46874 1044
63718 31444
51713 43846
24707 19978
4848 62809
29431 46092
39187 30100
31408 56225
38158 37381
26268 48975
35021 38251
33202 1600
56993 29809
45332 30394
27414 50583
35629 9085
2410 57292
51821 46081
23563 26566
45983 12121
58688 51765
53235 57119
35187 24276
62669 41079
41824 30429
5570 46131
7168 41511
61934 90
16269 56387
43097 41112
43562 4634
23266 63934
10902 58553
42402 62686
40153 21818
2904 34795
36912 2144
42273 19438
44399 27912
42385 49342
26190 17681
49328 45748
21732 40141
62917 35550
28211 37699
6944 52067
692 13576
60095 51623
16957 44871
14550 5306
33468 40663
48946 57728
34000 22001
36569 48219
38045 3593
45067 33734
37699 44215
14486 23855
29215 58195
24519 3380
25634 7273
30348 25098
50617 23960
44536 30498
38574 40576
45249 2679
62615 23959
9880 24015
22608 62761
1610 42479
31639 36621
6852 46195
19362 4392
27262 36750
5627 46488
7607 63435
54482 13417
47852 61765
9285 21950
22829 15640
20441 35366
22484 7443
29841 42536
51398 31359
13558 60383
59778 49302
31650 38019
22827 57091
31206 61738
6398 13750
28716 49360
47317 48826
45664 49866
29652 14775
20901 21002
4403 23116
19679 58847
2929 17522
53097 33002
46582 44580
7543 27718
1481 18163
55652 3570
59587 4153
42466 24433
59642 22625
44378 29650
52433 31866
10772 32864
48529 34517
15986 54367
33817 8042
11433 30813
36170 46520
10495 34859
21692 44454
36691 54093
27943 34922
30282 58947
15195 19154
52282 29621
26546 40695
41272 24127
12089 52423
12216 63386
41975 45432
43078 53006
28321 57877
25925 4301
1914 12344
48326 58452
40247 57933
57875 30008
12932 5722
29464 5255
38811 25604
28152 58848
25483 11719
292 18899
46186 5043
14077 7168
13487 10799
18242 18085
49305 7342
46122 45684
53001 9697
52168 32528
4101 9864
63921 57344
6669 13387
52397 34124
57147 41110
35186 1488
12253 19214
23973 27299
21364 44722
12916 35484
29987 8653
7469 31058
17194 22722
43956 27534
56534 29089
32079 48347
34585 42251
41885 1408
20540 19105
39124 12391
25470 4126
40063 1445
25726 57134
38470 52560
7487 15226
22802 54720
23068 34054
55412 63277
59749 59762
40460 59730
11307 37926
53330 22466
44145 61906
46268 42340
52469 51566
19494 21385
40271 31861
38678 38887
5555 43638
44048 45670
8779 34745
20525 55176
7725 35945
15636 29181
62694 30016
7665 19929
11997 37176
61270 8648
45446 63454
9265 51731
33478 20087
25459 11255
27410 51726
39088 17040
9036 14863
62266 31736
25147 24373
27725 18884
12174 50447
63576 55412
41649 3102
35218 9722
45445 62728
42288 61103
11354 29880
36367 10903
10936 40543
62443 10538
18930 46650
9195 35083
12262 18694
20617 11946
55181 11493
29557 55007
40594 46407
62722 45408
56723 59292
23530 43671
629 52066
31760 10059
8948 63027
12788 15592
59971 7663
25163 2697
36804 20751
60844 37653
42800 8289
32439 28895
59678 17067
44873 24227
62572 12092
60902 13446
46540 36864
55044 46343
29089 2274
32028 43618
10962 20772
5418 63304
37054 9696
2023 24440
52159 29389
49877 35381
14453 10656
19143 34973
2143 19764
18013 7962
14736 1634
35233 26514
18919 32730
11024 61086
51167 61120
29972 30019
37071 20986
48662 10228
60228 282
50196 48399
32461 35793
36027 33254
33477 21711
7420 42418
37534 46233
7485 19370
17557 31059
50798 58719
35594 63367
53955 49425
24043 37600
35524 43706
53911 9640
49597 52402
2727 37044
49808 47746
47120 28974
28926 22197
35806 45164
14323 7361
63163 47949
6712 31391
48234 58994
54400 2627
63759 9138
49241 61455
16223 36108
19511 7660
57332 20191
2113 1626
61593 26322
17224 40470
22845 55108
59738 14442
53526 29228
5701 23423
28775 6061
56708 21389
7694 3607
50832 39856
53208 42030
15529 12790
13755 38236
53131 34501
48341 14559
38531 51203
45164 50273
22979 18215
56430 12827
46580 1478
39995 5479
41470 35286
28061 55670
10878 29194
40381 44373
9125 44012
51436 5727
13542 33541
53316 25849
13563 12744
52786 32144
3891 20825
37361 39530
22992 39655
34884 33526
18422 60025
39116 43698
35309 23663
11035 26055
21211 59423
46141 46922
19179 55955
18962 28026
37535 24225
17521 25305
56231 24434
33713 799
58993 18655
44519 22605
53424 23027
6241 59377
8886 29202
49159 57299
51492 36768
26975 5741
3886 14136
18175 47701
56823 58184
42985 29113
8316 48597
45969 27238
56760 52671
8697 29000
16363 18916
9585 10735
46622 62478
21109 47711
54296 58834
16224 27777
49904 47750
55284 58749
44318 27145
25737 9147
32078 54757
9318 38482
37843 39187
41446 5642
17611 9414
41145 13618
27147 19873
24588 31105
29622 56855
4950 34427
41526 21982
52075 4333
57680 38711
50390 49553
6102 24627
26402 60437
33792 434
49140 26835
18234 41865
45529 17913
57496 27166
24188 11462
29799 36426
31985 30286
21450 46547
38140 37219
163 49496
56945 8974
50734 13059
55520 12191
48020 54545
6105 25020
47903 18971
30045 36299
41605 32152
43526 2768
45698 53923
23477 54150
55713 19792
4151 54696
52146 38353
35025 19918
26065 32382
14276 36654
28158 48488
54058 30373
13884 14715
32422 1759
17599 51854
21160 161
54287 10095
18586 17215
22136 19672
35869 41980
37876 54673
8559 41718
37103 30969
55865 8139
31808 42849
51663 43642
22528 58504
58600 62551
44732 27339
49956 11756
3173 32237
3011 45079
6526 42257
41038 16040
51373 1865
54835 7823
30120 50117
1068 18168
8143 32313
56208 4373
62289 39249
28921 48862
29919 23709
45 38081
28037 31490
13260 37066
45128 28579
8646 63962
57813 16903
42599 41157
19784 44952
10419 31198
57307 45499
57449 53627
17959 7838
6118 24459
42900 33589
23622 48036
16410 37701
5402 1150
24370 55397
43550 17010
42528 10673
10848 38120
3394 3835
25975 9578
41000 20951
20022 30215
47579 57562
45839 45435
49495 8880
15345 23422
61297 10703
42958 3467
5977 17870
46118 23670
6238 27494
72 41698
13987 23330
31249 3193
5108 18997
59313 19115
38908 34709
14824 41874
34043 5035
44564 33677
29168 12702
609 50230
529 41159
45587 12010
22517 50115
53551 6194
7904 39241
56384 49325
27677 10954
45485 35633
8663 21143
31307 57177
4642 20724
15005 54187
25105 55378
5855 44891
47892 52421
52820 19732
6713 17791
6764 44922
20536 45742
61859 45112
57737 23759
19612 6281
8987 35024
25083 38014
50690 23045
53305 53957
49359 60715
57312 846
8726 8976
42047 33959
44377 18443
9363 24446
4484 51040
34768 31779
36916 27001
556 22303
39998 10685
42600 6713
10756 14279
28843 10129
23016 32990
47346 14491
13963 54499
41162 12349
49039 52109
9921 58790
26982 36613
40376 40202
44995 45198
28993 54488
56359 34450
14238 55449
5682 34872
58760 46698
6585 36118
9176 46024
49313 49566
8072 52598
38639 7469
47842 27352
25168 30179
61155 5007
28141 7640
20612 53664
51845 8601
9164 1139
16239 31426
18152 22821
42246 62156
5522 45289
63358 23762
36268 9111
39388 60604
39323 28963
63607 58310
39820 39168
18673 60014
51051 50043
45252 22417
1758 11286
55568 46524
55514 19968
43150 1885
57399 48789
19769 53384
13465 7773
33932 14573
39776 8436
63829 56153
62427 45498
49011 9330
25674 45092
19369 14849
42348 20148
3577 8215
61437 60815
58846 8534
52022 5152
15686 27841
32433 45274
25290 50006
7389 63530
15800 7322
32741 5095
41818 1233
38924 50771
4654 31737
34622 49633
58244 60149
791 2787
23665 12869
20741 7066
8650 2150
25352 51974
56415 43240
54983 33652
37250 38875
27582 3885
23948 30742
35807 7794
44758 16582
11323 2837
62686 4342
30869 19769
50487 60181
4784 674
1094 49451
38494 6325
4426 51274
904 8113
17183 39440
14139 13462
2611 38510
3963 13109
51727 12110
26082 43949
59657 23039
18776 1918
41195 5950
46703 9540
32837 55435
50274 48903
60362 18179
63439 37995
45994 22796
26364 23082
59209 10523
41979 56043
62159 32810
35236 51171
40374 47747
10007 40171
18185 15849
5479 33090
20311 37371
59966 4479
33509 6495
13317 53713
52958 37889
10183 50020
35153 917
21414 34658
25607 14222
38433 46912
41570 12554
50019 18472
54692 11258
62374 49416
44634 35202
42150 284
4333 47537
20328 6468
45789 14026
28672 33043
47839 55791
55475 46384
15640 31111
3795 24017
16023 45753
61021 38626
28475 12133
7602 28814
29713 44141
40128 7034
39901 11853
3607 54706
61019 23254
43653 24879
48608 27794
43127 14043
48540 33702
11512 14913
7828 26712
831 7396
46393 49900
8993 20597
45974 8102
744 30534
10737 7230
32533 34061
22722 8908
34276 32494
33897 49957
51314 63108
53904 46186
47237 18893
16991 63878
10943 47326
24371 2662
8319 5391
49138 21504
51192 32356
57244 7584
17614 25218
48034 18587
58093 29947
7737 39348
50557 48246
1924 20448
21956 60836
63480 55122
28137 29096
17825 14803
34332 36302
4186 26692
17233 19045
46683 56058
37792 28047
41126 12373
5051 56150
32516 60620
29832 58639
33475 55120
23602 52589
3634 31174
32743 44508
56320 24081
37152 11751
10937 838
24097 44182
10310 63913
16720 63280
63327 6893
6744 25977
58607 28709
37612 34254
44180 43159
47369 44337
7559 5571
14969 7814
48548 9396
33347 25875
62451 26256
2887 45550
56276 38703
56553 6667
806 60363
16027 58487
3014 11058
30918 4241
23854 23837
62423 13048
9836 22193
11729 13125
56197 61098
2318 55315
36233 26496
52633 8046
46795 15262
63988 54927
42973 27834
27484 47527
14714 32710
21090 18253
60866 50124
27280 46760
47205 50199
20968 38137
17778 38906
54133 17890
5105 59124
37457 51741
24433 52494
7826 42195
32902 26230
44128 23338
3452 31184
11754 43692
14627 59343
52714 63391
33802 31755
3010 33517
26276 18278
4518 9659
57475 50332
30481 29795
56757 7081
18502 8008
50694 62017
55368 32070
20362 32590
59278 15128
5662 41181
36248 8822
29934 1948
523 61513
24178 48353
13152 3464
19110 54416
36950 4472
51414 32646
19918 44441
48469 1754
40811 11738
15898 25077
30404 39623
24136 44513
38778 21428
32333 10010
50634 19842
50849 40762
12808 61037
48003 6314
35820 49819
49839 5015
52165 43325
16065 49258
9868 60249
418 50304
26873 32257
1567 60037
62038 30542
35491 61227
22704 19239
41678 43391
55023 32631
45447 32130
57489 33083
59443 17149
58961 59625
96 62385
49738 53051
59542 56340
24660 35425
55641 35824
48371 1159
59692 50068
63745 2071
6813 28208
13448 57680
34722 7808
15609 25142
61317 29499
32246 20615
3926 55894
9331 63074
46639 29004
18339 30125
6097 2359
2878 2154
15170 11592
58805 36482
55411 63131
34063 56385
27071 51078
45931 19861
58693 57980
24412 46273
30046 10758
49015 32210
5565 28226
38062 8814
6264 20478
33124 46906
8750 25499
41761 31946
53738 50071
25845 7169
4905 37281
63022 44239
37213 63536
60679 43259
28508 36293
43414 44917
8567 35350
15518 37501
19116 30791
17105 31190
55766 36848
20645 55991
52483 10244
60759 60986
45923 3653
54520 25650
48193 17262
21382 32421
20845 59976
29672 24760
17823 60712
15310 44335
4895 23119
13285 50232
8921 18641
51114 21004
50473 60393
38320 1845
7142 38697
10185 2957
6925 8402
10773 54850
29463 24014
30544 22864
20581 53055
26642 48632
7913 38271
35123 1763
23481 50148
50485 58416
13608 40971
61615 22365
20206 24942
30366 6380
17368 28060
55869 22620
7859 23421
5926 26997
10330 23021
52927 3700
44962 43336
19938 16006
54159 16228
46184 62356
45671 42473
39539 20454
2644 38833
61930 5567
54784 45089
56137 4293
21483 56947
9721 19983
5978 60799
46607 22125
16268 11127
23314 1292
25969 59354
33651 21373
3209 61730
44380 30207
19585 43108
17051 56582
53746 27688
11395 37228
2037 33736
62814 27602
56008 17474
29636 1338
36435 45611
49027 30783
36053 38535
16375 1458
6208 20744
30281 24756
62926 37379
62648 25579
52024 21131
9162 37522
7960 6405
784 52975
4042 32006
54420 6558
51181 45277
14568 44245
58796 13495
12985 22018
53981 32554
60813 32950
24396 53180
44977 50129
41308 43738
42251 22253
5508 10921
38164 40294
38412 19630
16963 23812
53265 28574
4915 13223
1429 32569
4226 41645
12960 55531
42336 51587
29061 4937
53039 55076
8441 55728
6028 35117
61864 14030
63438 18833
53012 17378
21729 3116
63715 19486
2799 37587
30212 26348
3319 52731
11010 14804
37611 40932
28388 48686
53850 6027
47477 47036
25887 55325
32515 37893
1933 6209
61452 38789
44776 22076
27962 17916
11326 4409
23197 37122
14072 52507
12266 34804
18022 62063
18341 27991
29230 13746
57897 62029
9741 52144
2271 5025
59537 42700
40579 53985
40435 61791
16108 33073
42421 52700
62207 19655
32696 28372
27001 43481
57854 35387
36090 20536
31394 13113
3997 27153
5749 26366
18336 16467
25102 40958
61753 33776
63531 29703
60561 59350
42117 50033
57977 35886
52246 11836
34460 57731
16329 1220
41338 41147
52571 46094
35630 33832
52092 56539
1280 12226
25068 62425
51244 32716
61067 13957
23535 43307
31437 53996
35686 48642
51213 30625
31764 17560
22547 41808
59409 34913
32925 53015
21077 40267
25453 55888
17724 50405
11785 28425
1709 37102
20898 47620
39133 41076
14354 3925
1921 34228
53130 13150
51023 23874
18412 30310
3840 9683
52996 15754
30913 9862
34697 48919
23425 44913
50256 50170
38273 19679
15255 55321
10462 28534
6563 26887
16244 20884
43049 56374
15805 54409
17468 4223
34976 41546
53497 13341
51855 55442
48304 27030
3665 17494
50073 53983
14380 18812
63067 59488
55477 10525
52258 16807
60167 45014
23253 39403
62973 15476
55393 26599
11385 60041
11541 59587
15503 9828
38832 12578
20841 1816
61733 16095
48373 52236
45720 54214
23514 20352
38769 30420
1849 31811
46102 36689
45912 28583
23048 27658
37202 42397
36937 2426
9313 13238
36904 10444
61588 17873
63667 8942
53111 1910
62865 16935
32259 51752
35529 52661
20255 18205
11506 43167
32142 36092
2488 11534
5916 42225
61621 55871
15246 59267
39431 47349
14340 31841
1307 51265
59973 1305
31326 3626
59225 56334
59882 5501
40248 63716
13204 39427
52852 19529
8552 56831
22332 4167
46986 26674
11631 23819
52588 44019
55332 43086
60985 58047
21207 5919
3904 26011
1437 55038
9681 47464
38445 55231
46183 9212
9284 15470
50749 7336
7270 60911
59005 48135
34492 32785
56405 7907
23914 34208
4754 43531
24484 54329
46173 38039
61521 50798
25926 60234
38406 16503
6622 32536
22057 57971
60223 5915
21143 15603
8943 62938
61050 8014
62211 50672
28631 52868
51895 20540
41895 61441
31930 54548
42545 38295
20794 48316
11417 25556
60017 52812
36830 49046
45454 48757
58301 15463
40221 27714
51577 59675
23385 9456
14631 7001
43617 11479
38598 14032
53377 17993
11492 28802
24798 26764
20108 16667
48104 56552
45122 38633
19302 3666
60299 32137
11647 63350
47765 24557
118 45851
46007 7404
37542 61041
25664 35766
55756 27773
50518 63499
37191 44744
61115 16145
11933 18202
61658 57635
20855 51399
53006 9497
40068 23790
14477 31145
41920 46903
37064 63588
6823 53830
32518 20197
9218 1382
21704 42297
48847 39703
5100 2282
63675 55147
22729 48461
20940 43400
11003 52360
41694 3584
58021 45265
5815 51695
60705 44014
46463 15708
43911 16580
59504 36224
60325 25212
58108 20269
22004 41875
29271 45916
747 23781
63497 53232
13742 59846
63393 7999
45428 35056
4443 56817
22970 15492
16821 56207
51579 28994
7081 25459
47214 516
84 25755
3156 16747
25293 19720
28720 58509
48011 53917
27503 49589
59636 15432
57970 19492
27134 13788
32315 61068
57788 58344
24820 10501
23019 28761
35785 41377
24599 20787
6648 57637
54317 58439
31424 50250
51691 42234
56627 26627
37884 51729
42662 2221
49693 17960
45034 56784
14784 5250
63901 53950
29576 51083
4831 32224
52377 30874
55428 48297
2190 27064
19328 55127
1316 21806
20888 47015
17114 27681
6864 62879
61618 53756
22401 6580
11149 54028
58192 61991
24607 45776
10546 17103
47972 33184
4916 4350
35852 23060
59288 27583
22148 39461
38931 47791
40216 53309
31637 35896
46171 48352
2032 21416
28268 29705
42837 45562
10814 62659
39802 49937
58311 3415
28456 42034
10296 42048
3510 12042
6637 41298
21699 29059
13471 51841
12451 42016
26823 8919
62925 202
36315 26258
47320 58647
47840 41177
35398 20025
17385 20561
43293 37737
18450 5390
19491 7264
15568 10344
6286 16359
3253 63071
25750 46765
37472 50306
36023 54436
55041 42545
32175 50015
10066 8526
3573 55507
23648 38930
251 44942
28024 26891
5743 51947
19304 20933
53995 29589
43387 31351
40966 57247
39336 61281
31479 8750
13086 17084
6357 11370
1687 45054
59346 38865
11196 54184
41825 21469
19125 52398
5370 18468
62967 13020
55298 60339
7570 27165
20209 24092
51438 11921
26049 25789
30864 57436
32054 24729
43322 54702
58758 57957
5973 37382
42066 14712
35660 1359
25397 1506
12117 36604
24316 42409
58032 40109
24999 63193
24210 14989
12228 5832
59610 30306
2925 12994
17256 17157
61193 45958
30479 55826
17263 11060
14828 3263
54859 26283
17601 40502
36979 28109
4040 58964
9905 17050
49299 9782
45644 5837
43744 24113
6338 11150
59840 60091
43788 7691
22531 926
52965 47094
35485 34462
27132 28519
49576 50683
38649 29735
14911 54216
36281 44146
58646 32385
55103 7767
25370 58316
53636 58352
62703 13314
27436 12488
35096 56488
45028 53308
56813 51258
31119 17446
59401 18872
57781 58603
15444 32386
31213 25040
19586 8533
5175 28267
25874 56121
55964 13541
46813 39328
2276 14128
32906 54008
37436 18545
33871 47626
52459 44381
37453 12411
44403 27416
40651 11821
9664 26774
7883 61841
49624 9565
29429 1886
11330 19019
10956 17158
13887 15433
52984 40481
12631 29556
8270 16274
2797 59332
27747 38202
5136 44845
62310 59402
28534 30027
13233 5619
53908 677
61633 30729
9692 8730
63903 57111
38998 21185
16901 45418
20956 59337
47652 58582
60912 13908
4392 46750
5704 25133
25435 46430
36462 27741
26042 48242
36180 39138
21374 16793
56140 4788
18102 6245
34059 36504
30026 3851
58968 3416
811 21815
51548 15391
45903 30864
40833 23220
60140 39740
34247 43961
51229 52577
27499 39206
7375 46503
63185 49037
9807 53075
9713 63375
37133 352
59360 16624
38187 33066
49702 40610
60580 24966
6923 19826
36877 25867
51089 43992
6619 24308
51495 8667
18750 36672
56851 2696
60156 38043
57681 59239
22536 17059
57534 11133
26929 33014
17311 32299
25104 22229
42913 63218
31824 30677
37489 8646
39909 5876
31002 20796
60525 46548
11286 34762
18050 28373
26410 9293
9428 17066
40518 60906
39889 60244
44618 2895
45460 8381
26328 32717
2542 57127
63517 54710
57604 18416
21725 49010
45254 23632
15570 28187
3231 18542
48874 57471
31144 17251
17602 40170
24409 54368
1326 49910
22143 17286
53569 61256
52013 20514
19862 28559
20379 10813
18373 20680
60832 48292
32219 32197
56246 50049
45626 9914
60058 36417
6437 55905
59275 43085
14940 41724
8808 60406
19693 28836
48741 3488
61786 12382
50727 63166
54122 63927
21029 15065
17657 12003
47763 2351
27314 30819
60148 17055
42308 10719
5852 46266
12317 30615
28949 28602
13854 7604
54000 32435
26685 2674
48559 28936
31750 23365
49775 46467
33850 36757
56833 31799
63765 30000
53807 32309
3684 7373
33769 55433
51872 47171
59217 56812
4301 9703
20390 8104
46503 22912
33214 6133
26437 13352
8890 56897
51152 18620
55791 11840
34360 59496
62466 11030
37269 49148
61835 63459
11387 53909
12633 17878
57356 36913
54587 43460
13155 38383
54853 13920
60174 38244
16351 271
2168 34473
29914 50257
3314 37408
23618 11834
46179 27291
13049 5036
17956 16133
60741 61193
53970 32645
30424 44362
33104 6181
26015 21539
41643 1702
8119 18631
44642 44651
2003 44607
61301 7995
24410 25833
32034 24482
38932 38689
29236 6952
11639 59722
57048 21204
60726 10078
38462 1893
61933 5313
22922 30162
22561 54441
10717 46381
54897 43224
16952 31448
62629 29757
54452 41180
45145 17651
62347 38942
18683 43124
1799 381
61541 21590
3254 63456
10677 43003
55957 40788
37504 29695
51107 21294
14046 47943
56172 48125
14507 52235
42427 37301
14753 8476
44414 13853
13549 56576
17635 3191
42703 52531
26838 42182
33639 18544
1315 21180
56665 52308
51138 3640
50304 48746
44709 4635
584 35859
31071 39472
63669 24995
58050 6066
11351 26140
39397 16723
52486 11667
555 15734
14665 50521
16541 56723
39869 26144
52763 5846
20019 1345
46711 55860
46490 13647
42123 10679
18048 25461
27775 51085
24673 26372
55810 18674
22854 42413
59963 49320
61539 42865
14301 61952
30586 7904
19802 19566
44381 32169
34121 52501
54023 28336
40869 48228
26028 52846
38305 20323
6706 44890
482 39552
33523 8605
43409 23531
55266 43616
55010 6299
24526 54530
36796 24082
42425 60414
38914 13099
39915 32088
18526 29193
19561 25434
44854 31224
62946 17596
31572 36901
4184 39344
22039 27727
18120 5913
41983 49578
21309 27692
60894 53150
18146 24133
17115 40231
43000 12214
46603 28450
42695 41333
19582 27920
12345 6092
9826 2651
33902 33643
50167 22397
15749 30378
3721 44332
52785 14696
56186 42442
52584 44974
53087 46769
39324 10163
26483 32462
43289 34556
61061 41259
44615 42417
9171 34386
62791 5504
1669 19052
42953 30686
60848 28663
19373 5190
17002 58045
27432 31301
26516 61731
25446 9740
48283 8375
2315 61485
38210 19688
46405 62132
37490 16296
63734 59891
12447 28032
22490 19365
47616 37260
58627 3128
14573 36110
44979 5016
35038 2956
41833 33648
51440 7054
31178 33467
44032 27848
23495 27068
60752 6193
19674 30452
55406 43310
62785 47207
55093 37256
43098 53270
57442 16606
36586 23296
11871 16703
19254 38376
6397 5359
30854 50375
8385 32994
48557 1067
58066 7467
47526 48531
52976 43358
36637 30336
49999 11768
11998 51523
44546 11942
21997 55241
42890 25753
5853 2967
14566 5459
63899 27280
14637 58394
48773 46163
57111 19507
20126 20575
27557 38484
51649 47455
21714 59774
24359 49634
17077 43927
38376 29488
19271 40883
30394 60352
55786 17372
7719 22370
30838 57105
3518 53085
56780 12268
41576 13833
38246 12130
38032 5127
63384 48958
4668 39588
62477 16995
12750 57123
32800 44133
7853 59972
56853 28430
44611 35021
25014 1175
34724 384
60292 25883
27074 7647
3544 872
62313 59470
55984 42979
9882 31269
9003 30158
13127 63759
22458 26549
26817 56937
37317 43105
29988 48775
9387 39446
20735 47574
56518 31898
46903 19845
11820 40534
51049 53290
5297 40419
31955 23641
21800 45264
41356 44159
11589 45240
60554 44244
41583 25887
3802 52733
309 19835
61070 5744
17926 8198
13723 62294
49886 910
50695 12505
11050 7335
37768 53476
50102 1042
10384 45616
32085 60525
51460 56297
50042 1758
51102 13713
5770 31531
8481 42509
59485 60294
28424 42582
41517 15846
28142 28560
58112 55188
28117 41030
31287 56243
25122 51775
306 35297
2473 12512
34982 5643
13069 19721
47885 50445
24452 30372
923 9711
21117 63352
49601 27649
54607 1430
34802 7633
12490 10886
1175 9990
44352 48417
271 46046
41071 59478
48078 59815
16307 30900
14829 1287
45451 56348
58886 29460
22568 38354
20454 15901
8450 13195
6732 19323
25137 37319
32987 54359
38580 54647
20062 25673
10946 3338
4279 21880
53992 517
60083 6729
19543 41315
19060 60562
29880 46734
47700 60274
34098 27243
39084 55615
34349 32487
22141 48306
28421 37924
45009 39049
8769 47912
22462 36327
32125 19057
23544 58563
49160 62413
12349 26194
10806 31858
53216 33644
57832 62921
1254 47489
14970 61630
14702 44478
47656 53523
8599 56862
13841 31976
48109 15199
58528 46812
38647 61897
33072 34624
11075 1247
59123 27657
24025 37776
46604 20700
60562 36259
51913 4163
2449 17554
24589 42488
57446 27338
41965 31021
16764 7664
50545 32427
35045 40810
40838 42349
3185 22726
59075 29382
3144 45713
43383 28589
7086 1364
42833 63542
54796 18876
1294 47593
3162 12597
45204 30753
7589 59424
58136 28713
29119 15212
24921 33269
62158 14399
35867 38513
16564 59167
31091 60917
45998 39460
10036 55932
13468 55212
45561 62168
44941 43055
41309 30702
610 8596
19734 19228
27583 47383
43363 46622
6618 25584
43417 27320
34099 54597
17694 44113
40816 42763
39691 48142
58788 23610
8990 52165
27449 30955
54438 52413
6876 55348
33528 10619
47106 40754
40482 13580
7716 18512
18528 45266
7472 49104
51431 5649
6965 43717
32620 31647
13019 8461
61841 11357
13091 13074
50985 63351
17236 39699
54494 32256
34285 6613
13217 52002
23457 27262
46101 32357
26854 19901
19357 15383
10511 13726
2583 36493
35923 3084
32530 1189
13612 23514
45103 17093
31501 23400
21667 44364
15369 62102
180 11451
836 54261
44017 56326
5833 32996
7238 2096
54738 52876
37628 4173
43846 22134
32382 28222
9775 7470
5904 40473
51088 14857
33536 7910
4919 36831
60052 14687
47421 31875
6639 62656
16771 22304
42228 51439
15150 23282
58876 50422
19401 3059
17310 50469
62128 57522
3283 36506
6542 17531
61508 9908
11450 55929
57288 60753
2586 57259
55853 60113
19043 39603
23608 43876
52534 6826
44353 46295
20494 3305
27919 28694
48401 52363
7596 29959
6226 55155
55788 49530
49690 7270
3008 6940
63422 51227
55837 40015
9070 39955
43474 51260
42415 56256
60714 6677
21540 53977
23431 36863
28687 2751
40751 33247
17584 6909
57572 10948
48043 41283
6092 7738
24421 57074
53410 13461
22461 23701
11985 10292
7461 47734
61820 19145
26231 46411
29920 58127
17815 58374
54769 33155
25279 62153
45214 48009
55750 57049
31343 6508
52423 10112
27640 42408
42523 23838
52227 21929
10931 53685
7410 9030
8685 8060
60597 55614
47607 13232
3844 28778
55336 27247
10447 50412
6797 50400
