7297 10285
1640 33133
18025 30756
16050 32496
14629 10840
9145 4907
6718 32221
5698 21014
27652 15788
2083 21686
1953 18230
6141 3300
14329 33223
15248 14596
33119 24815
1740 26430
13032 15401
27494 5167
14447 30088
29440 29111
18232 29367
426 5769
10464 32667
27697 29300
22299 20714
18211 7780
10190 32596
14111 1165
22060 6727
6699 26440
6079 27024
24899 2349
6339 12
23527 5957
22542 19963
17336 33315
2848 13557
30109 29899
8181 22339
24808 23813
5165 3557
19214 14610
23701 29784
12602 21757
4559 31008
3004 23809
14936 29658
18966 7473
5230 6386
15257 14533
6620 144
24912 22372
18218 23275
29715 19136
23910 24504
10660 6968
24261 3001
23284 10759
13731 32272
17497 9205
4680 26819
11216 7010
16044 16666
10709 12840
30295 12291
24868 7914
17692 25749
14393 14129
21253 29953
3666 12490
15011 22147
2104 7063
20674 27163
26291 3048
17547 8076
4338 29525
13827 29976
20623 33044
13935 8824
32718 32692
25929 285
30072 3184
9364 28365
17360 31650
9151 11614
16163 11381
17220 8414
28078 6787
26176 25390
23724 21093
14374 33038
9066 25210
33393 27438
32344 16269
5958 17931
3088 26075
7186 22470
10017 19279
10485 29678
27667 8741
4164 9056
25217 27050
25010 33574
30675 19590
16477 20573
753 14244
7508 13166
17487 13744
22294 19044
7311 22630
19235 8695
28493 11654
10366 33024
29736 21128
213 7564
17262 23085
32807 31482
11709 27360
33272 18739
6974 27682
19559 837
33271 6978
13036 1657
24505 24961
10588 9525
38 3478
21244 3710
32022 13101
1277 17497
7332 10548
23789 18784
20154 16421
15693 9597
3797 4066
15786 19343
5162 13370
5614 2118
31850 23507
4536 29662
8242 6717
8415 14701
31149 25487
10822 15572
17371 33484
27731 18851
13881 3079
13183 25008
20429 25399
26149 27301
24473 20491
28712 3526
33920 850
29589 16472
7931 13310
16247 29037
14726 14782
4197 24101
22157 12876
1379 12682
15081 19280
14433 29414
472 11628
4653 4881
3859 12254
15004 11390
4418 33676
2059 7822
21655 24721
4644 2664
33696 28083
15598 18292
18251 17318
31813 8525
14041 10547
8672 16713
30977 370
15926 21664
30997 30562
26678 10146
12479 2618
6182 10074
6353 21144
28250 3333
23220 19737
27760 32149
26942 23468
30607 4777
3551 20832
6450 14416
3973 12051
26387 4469
22237 33105
7162 10445
16296 27259
12557 26439
12466 6026
29401 22899
9187 14497
27649 13983
12026 21751
18255 21697
30319 23646
16372 19240
4941 14317
29042 31121
6417 577
3316 7519
968 22676
6113 29208
15492 15752
10900 15980
26635 2614
31827 21033
31547 24994
14009 7431
26283 25289
3843 16816
10790 18536
24837 1620
142 33874
25587 24574
17381 33706
29820 33341
18695 29201
27723 31904
31895 2874
10145 19428
12446 12617
19446 20993
14268 33679
3833 5397
3995 6289
20553 10971
3747 481
3287 4291
31247 13814
32955 13971
10318 27801
3728 6811
33282 13473
5251 28524
12179 4727
4491 10077
4454 1557
15415 30096
26462 21740
7857 2483
16136 5736
2605 4801
5373 11665
27475 16510
20734 4617
17090 14919
13387 16951
20591 26715
15643 25431
17408 29565
25939 26506
8578 28379
19661 20736
29965 1107
20721 25527
4755 7754
611 387
30035 4145
6553 2983
4802 4758
13970 23443
33154 32954
8681 6956
22873 18995
4509 19750
16010 5670
24218 18450
18677 28684
10339 24997
28717 25895
19826 2020
513 31064
19621 10245
6789 14410
8801 8938
17333 25625
7565 19332
7015 9443
10188 19534
17849 24454
18466 731
13804 9266
22472 8077
13343 2738
17301 330
33123 25827
32017 5579
16458 19969
3330 13767
6049 22535
18133 13877
2890 27044
233 33591
21860 9336
8574 10549
17168 12059
10590 14470
28957 16564
28029 12736
634 7512
4932 11886
9769 3565
2362 30230
24197 4794
9706 19049
28167 4415
8353 16430
2742 6436
20203 12938
23898 31929
2615 21683
23450 23406
13768 8403
16354 15371
6737 6557
23179 18687
26633 4575
10129 20827
15515 31842
10650 29534
11604 21519
27021 20033
1625 9988
11755 23888
21771 20732
26983 28070
16264 11052
17486 317
10434 20527
7085 16134
25071 14518
2538 28582
30848 18133
14578 23560
13080 8802
30167 21730
22916 31455
20001 30334
14916 29187
14610 23511
1551 20020
12657 31915
26114 7133
21513 11520
18259 5373
4550 18391
18293 9176
23013 12874
33385 17252
26194 5012
21703 4942
1809 1221
7560 33239
17119 2045
11703 26551
17398 13944
2508 2403
7105 17080
28480 30940
22655 9741
20558 23975
28600 25723
33517 14635
7579 19071
25245 8775
12458 30455
16694 32842
2909 33451
28578 5935
111 26004
12913 23847
23870 32911
28266 695
4586 15656
21640 10869
20573 33695
8168 9200
19682 29244
33235 10435
20270 11741
26765 9582
21377 31687
26372 23515
19377 2649
8342 14341
12573 31959
27555 15188
24848 4120
11406 17325
19724 24212
26613 15337
27 2806
19915 13552
18804 33941
13775 23675
28174 25435
21119 30781
30474 29796
28953 3044
28978 2616
14006 21239
33501 6765
31011 17924
11121 17257
5558 11394
18599 24685
33781 24807
21967 23941
6121 5102
15393 33861
20344 16488
14723 24664
13051 14608
9657 33841
1601 26598
3029 23128
16047 22613
31139 31907
4773 31596
29847 433
27161 32889
12743 9108
25165 28830
32400 10854
26192 15073
15990 5053
9672 33721
364 18404
6986 13862
27863 9847
14342 12250
11527 10313
33945 23739
30445 7755
3292 15096
16332 27173
7954 21642
29915 7428
8739 31557
30451 31380
20795 31394
29005 13809
33082 10568
27967 26929
29224 1472
10431 15970
31109 2828
29496 8382
16987 10560
16204 8830
18174 33597
31759 2569
15680 9625
17997 3665
28828 10902
5078 16926
18726 11799
15368 33859
17808 26572
22011 18577
20953 5620
5281 14195
9069 29439
9885 30895
15156 31567
25103 11179
10015 14377
14022 26921
4210 9353
27189 11920
26713 33477
21685 17336
30535 10992
27249 22458
4081 29719
13556 4512
27535 15062
25525 24787
1281 25262
24929 8665
31260 7116
387 1086
23053 13262
19570 33054
25559 27512
27461 9802
14454 6312
31997 31187
14381 2559
17888 32987
28563 7702
31828 6108
1903 31605
25485 8542
22029 79
26498 28279
10817 27570
30631 24274
8365 2847
1768 28113
25823 15040
1777 31597
5502 24985
28090 22972
8894 6404
30258 27885
11910 16681
3296 31270
17050 15238
24845 5494
21454 18565
13872 26782
29800 16896
21421 12388
22119 359
24847 467
18236 7723
27628 472
16533 24578
5368 13463
30823 20703
1271 26795
3414 23742
22936 6986
14695 10144
4497 27924
2639 16623
2034 17125
16206 27759
13066 23963
1336 18060
9987 26048
15634 13350
8273 27082
31036 31620
7497 11713
14285 24263
30477 31704
16794 16632
24176 20097
10997 22568
7507 26092
10733 9049
20385 7805
1683 15059
20445 29269
24597 10604
25996 6572
12998 14055
4981 26252
15916 22180
6679 3412
19765 10535
7934 25501
2692 347
22755 5970
28075 30912
24286 28533
4520 5777
33159 4200
22363 17242
830 14534
27529 24304
32126 5246
6917 2475
28412 25188
23737 26257
30130 18775
10027 3766
28541 11487
11544 32399
17701 28769
31687 702
30466 13220
28546 33958
17590 18744
21123 12763
16089 2203
5680 33460
18280 33805
29544 15183
15982 11108
30456 2364
24838 23576
22047 15680
1881 19
32395 10319
21301 5692
11918 18084
31953 26178
13902 23143
23254 25897
16932 13128
22305 33931
18328 1008
18106 4497
666 5910
33858 18645
12522 22813
5611 22773
15818 18122
26636 14831
32020 12749
15750 29804
31202 26474
32167 305
29372 17112
1131 11472
6099 26682
19284 33177
14523 4744
26503 32976
15946 19285
20068 22281
24185 7669
31016 33639
22529 16889
27886 16394
21679 29018
23057 24713
29737 31696
17755 15944
20095 22261
16476 30072
15109 30194
7908 1793
12622 31587
20680 7620
7836 16897
12134 4428
12553 25079
14181 14443
31733 15069
18121 20692
18547 27029
6589 23141
12722 33850
19415 638
14909 17259
23651 16270
11760 18828
19810 6096
928 26145
8296 22413
17978 4983
2983 11698
3574 31232
19146 20570
8276 23170
32171 14324
6724 17635
804 11979
18635 12463
30763 32703
31374 13086
28867 15392
22329 15864
12083 17394
3368 15022
16547 13289
31309 16365
7477 23333
4283 10224
26261 6992
32228 7857
4856 5144
3514 32288
9944 435
9778 2770
19913 31608
5583 24327
16266 20672
7763 32267
27275 18005
14791 32166
29525 11985
29015 33498
19488 18368
28104 26076
20014 14556
3948 8405
6504 3549
13618 27734
13830 31348
17344 2135
5321 32931
10293 22760
15720 25803
11392 11456
4920 29963
10259 7889
176 33962
26773 30152
30797 20687
19088 552
2140 775
15171 13812
18882 24867
18529 6603
29756 21328
4665 23698
15298 17020
17338 12266
12965 17227
27862 15542
7522 17656
14734 30891
9765 22486
17409 23982
9322 12053
3909 32688
10874 27784
20160 13798
18915 27466
28781 24400
8150 23926
30717 26254
19929 18326
26379 29539
17842 11790
32799 8595
32362 14980
28689 6546
5272 17692
2613 15454
28314 28326
21124 24962
16409 12850
1696 9559
5986 9801
15003 30998
1360 639
17663 11575
2637 27625
11482 32742
30835 8813
28982 33883
18230 31892
11895 19664
28567 16448
32226 3127
5980 26110
30803 6487
22804 10705
26762 3935
21844 14121
21041 31231
6856 29482
10540 21933
21615 17025
26978 23657
32472 23614
18889 16890
26245 22554
2405 1300
29808 26986
5772 7946
20613 23010
16542 13039
21187 11439
7598 18653
26489 23273
33725 21306
76 33453
30277 31949
27083 29291
3553 5139
12294 24974
33977 18778
23710 30393
32670 9493
28970 10983
3383 22112
13341 27645
17502 26528
8587 4676
18877 5185
28713 10617
31767 22520
7958 14957
1892 20545
15683 20767
10380 19095
20366 17530
897 25917
26739 17777
6109 29157
7436 23801
30242 29511
7699 27132
10091 10966
32662 12052
19128 1514
33350 8195
17920 15377
27230 16492
31622 5248
30948 13801
15974 10939
29936 26021
9480 6751
25139 6263
12492 4181
33309 31011
8947 3528
4576 1728
18105 26019
27194 5456
22275 6812
33276 17201
17510 10177
169 5526
18537 25549
19567 20275
32090 15032
9739 16214
29265 18624
31742 29043
22619 8285
21787 8604
24721 11181
29842 1873
21089 2304
12364 23386
15651 21313
25099 31206
15307 30618
26921 17853
2861 29154
20853 8855
24985 11603
25303 29921
9969 28507
32462 20294
2427 22753
8274 31566
32919 14886
21758 5870
6578 28958
28856 20177
6535 23972
29946 27015
1006 17027
9448 10206
26869 19895
10117 692
4904 7
30769 8933
17369 22537
22188 18794
26050 30750
5264 546
21533 32240
24905 31266
20753 19636
31979 599
2353 28210
4485 19197
15386 15153
18834 474
5924 24488
28441 12359
6452 26984
6587 28647
29077 25871
10903 16378
19626 10701
1898 25541
3015 24797
21259 14457
3678 17235
19227 5192
23493 27672
24566 15700
28226 33857
9541 17817
16004 18657
27005 17618
11801 27061
11141 12321
11474 4487
5176 11955
15784 8954
32616 18979
9380 7233
15217 29842
30222 29673
16645 17835
30119 32244
16734 12307
616 1272
30491 9972
18851 3253
10354 1451
4841 12186
28950 6703
22647 18489
19606 17642
27808 28733
16391 538
29940 15258
19800 5912
13056 9876
25212 966
31668 32348
6990 14234
15546 22408
24994 27542
23525 20420
19391 32663
19349 24340
1438 30389
25940 2080
17989 21644
531 5258
3215 9575
32554 3673
18757 17466
15082 25718
23090 4679
14353 30812
12461 11902
16426 12596
8964 16390
6368 827
2584 7993
20247 16316
28890 25219
2187 29030
23912 16199
8613 2197
5907 13054
19341 30202
21412 6158
27231 13661
11511 30988
13160 25502
8662 20455
23977 21173
32886 10395
17861 2765
10784 8005
16841 16602
31579 31538
19343 19584
22199 13024
7548 23621
30693 3414
4935 14273
9225 7401
14786 15465
26045 28454
23972 21268
5919 988
25859 10969
913 18095
17332 7842
8100 25940
29805 15932
24156 586
17182 2753
24971 31148
24345 10158
7101 5865
15324 16301
30899 10335
1641 32763
21497 5991
14508 22179
4143 3936
30427 3918
19805 23300
26759 10088
7647 7039
9161 8247
2972 31972
2439 15249
19947 20758
32285 22762
7611 28752
6370 12647
15388 1400
8891 24758
25471 23473
29730 2588
24315 31805
27468 28673
10127 19315
27190 32119
6490 12438
32070 12231
26747 22785
18334 21213
2145 30697
24284 18044
14239 10509
29058 4514
29144 10160
15474 29451
23769 19378
6512 24060
24074 29759
23507 48
3969 33159
26093 24841
18081 12160
12440 1227
8006 23861
29801 15650
6008 21018
13901 4152
1400 25395
3315 12444
21857 32608
15963 10102
8253 18556
13449 21142
13577 26857
14153 21105
15270 7240
9671 6309
186 4370
18172 2869
9483 8505
8520 11708
16427 2050
11436 13244
7205 7016
1690 31810
8638 12558
974 6472
23478 2086
15594 25468
21219 32107
1035 16774
11420 3217
17392 24010
3435 14466
8308 4645
27589 858
7449 13680
4166 32205
31212 5241
29379 30675
23727 3979
33636 23654
7147 27260
29623 24188
33020 3821
14520 17421
2842 2665
19768 4613
30019 19917
2042 5108
3987 14150
31391 6365
26321 6634
27937 15140
7076 25254
32131 12417
29070 12657
4817 16303
5295 11725
21110 27210
9722 6915
4305 23460
8271 30063
18024 27989
21312 6823
24963 10933
19327 11823
29735 26317
33132 33076
28194 22120
6500 10367
7499 29034
14092 23090
28186 20654
29594 21277
14975 24362
27120 28220
22213 21198
29721 15776
26132 14020
27263 24581
6232 16652
20484 23594
27969 29649
20482 29328
16705 26024
24531 13
10004 2272
31082 18644
4400 1069
5979 33923
5595 8853
6110 19782
28304 431
6329 19683
24422 14542
8528 14079
3931 20638
21604 1423
8011 18086
26923 33507
23174 10140
27718 6180
3372 2474
20477 30171
23046 23309
6790 10231
33254 9071
13943 17367
10141 24058
31601 16375
14697 15270
7093 16794
22946 19681
24089 6024
7530 26202
18257 14250
14822 5060
28123 21280
1721 31624
17528 11332
11824 32000
17910 6250
20250 19687
22271 2450
23005 25006
401 21915
11889 22802
9389 28463
26266 27298
4561 7900
9298 14859
2010 750
6014 25067
14099 3548
24655 19975
27515 2699
29731 20927
22341 9803
10316 21420
24252 32926
20424 14471
5568 10040
3448 3311
10197 25748
10317 29204
3262 33078
5347 5904
17833 14555
29040 28308
27789 18992
31829 25843
27144 9701
17903 8664
14128 22032
33578 5410
7460 31186
22622 3232
28175 26162
7268 17207
18563 5576
31892 26118
20213 32888
2977 28475
14452 8545
25904 8839
3591 31518
504 12984
13398 31973
19754 25908
13844 12852
8994 16138
16746 15881
18970 4696
21504 17450
7864 28185
507 21196
32597 5872
28224 7375
11515 27105
8467 27758
24918 23939
32786 22827
23211 12484
4724 21020
26023 22579
2773 1587
28589 19977
1229 11093
30131 22920
5103 28981
20517 9557
28134 28867
26505 2942
27374 15302
18974 13087
7549 24499
26545 5624
1367 7365
21285 3575
11264 15929
30153 9679
23715 18854
5776 901
28621 22497
6938 7293
28553 19997
26244 29496
5155 30880
25937 1491
20335 21750
22251 13698
14521 13886
21828 13357
11019 16952
5006 31656
33456 9264
7473 1206
33421 24682
12708 2850
22897 16742
23010 11163
9680 3940
15485 18614
6738 13153
9598 17779
16776 3479
12929 30472
11371 547
10019 4365
4939 25471
11610 17781
32383 23608
30406 7071
29420 1251
21182 19169
20719 25332
9894 15150
28821 24950
4476 33328
30732 6528
28981 20674
19846 31763
18002 12218
3682 13034
23065 32811
33249 30015
4863 1409
20343 2606
30261 19984
29617 21861
2465 32109
3729 25782
24166 10290
18814 1205
5029 22727
5918 23063
33232 23291
25198 19814
30325 15480
2689 32851
29474 18080
12337 4064
21072 16888
31171 25374
32858 1932
9887 18363
4055 14784
29526 9943
6784 22400
22508 25746
5527 8996
33067 5754
11309 25049
2566 14905
16237 27351
28798 15753
10404 10011
23849 27949
24436 20473
18540 21581
25390 29437
26790 8636
22176 13551
3432 9082
21932 13259
4320 9052
21607 20251
6194 8864
25334 9513
18622 10358
16515 20808
9855 4445
21848 7759
5342 12068
9269 20815
22926 9537
20332 1933
25688 20886
8451 27135
5553 26952
20289 19881
24687 29033
21528 17944
8376 9959
6125 12317
27749 6998
33325 8621
23713 12108
1195 1717
23764 17490
20242 15134
11814 15217
14038 1710
22396 23545
31869 5209
12584 31235
14847 8788
9016 32921
10155 30721
5058 24508
19386 12058
6629 25393
2474 32208
22071 31055
8589 9013
24689 10734
10110 12666
10634 14830
11852 2113
10849 26778
28684 984
2864 17686
26927 27070
23875 14586
15567 13293
29112 13407
18674 4335
29421 11605
15336 28789
15675 21293
20282 29986
30738 16174
12716 28021
24107 26534
28875 2742
30257 24929
18467 20507
25027 25832
32959 2524
27438 7165
10621 29597
13088 29944
9071 2780
16385 16104
3420 33994
31496 25927
24328 2573
33811 25389
8171 33825
18682 3231
5497 12443
10507 19083
17878 28807
29447 26086
33644 19960
28671 18738
6011 30235
14552 10911
29566 27687
22911 19296
1748 33881
27191 9322
3491 30382
25983 29603
32900 5928
24508 32812
15452 7417
25308 11782
5349 8868
24571 25761
14716 27104
1848 21199
20886 29550
6494 1633
21974 11723
9572 29733
9018 13234
2511 29799
18801 5911
30963 10748
9096 8097
30744 5977
29400 7482
345 29452
5193 23786
1246 5591
16773 25172
14134 33533
9799 10480
27739 24818
7287 24944
15574 2878
19737 11200
7986 21968
3130 9837
15627 10625
27514 9477
29958 3363
4117 27498
7266 20190
32757 20285
1078 29246
33776 18926
15856 11843
9410 7705
19089 8623
28131 13295
103 232
23123 16588
15766 801
27301 30058
12276 32613
23633 32680
4436 377
33268 32340
1333 15590
25589 14214
30811 31177
2854 29737
25355 26880
24465 28959
16624 5204
1065 16038
23403 18227
4428 13608
22597 3206
15803 12114
6794 9717
21792 3609
8744 22874
2906 2407
23089 9528
11475 2126
30450 19559
31362 21700
11946 5748
8838 3214
4136 7137
29995 27326
2424 11682
19232 10574
13212 18638
2871 23606
13073 6104
2747 19615
20683 21157
20322 24155
33777 24835
26099 4435
31025 28006
16602 4255
2400 19192
12525 30856
18751 8818
23395 7997
3133 17985
21754 21576
17906 27117
8158 13753
24119 13701
28637 3814
26216 7164
28819 5746
25340 31698
22220 18822
12244 27988
32520 20742
32606 17018
24075 23191
17480 8501
5415 32532
27821 32620
5173 32277
28221 11791
11827 15252
19253 19038
21051 12685
5248 104
21491 7747
19376 1572
20087 30467
27926 7729
10922 13588
29092 27174
23039 2982
29304 21876
2776 22915
23106 13916
28505 741
17994 13186
3760 18457
4918 16674
26622 4446
23810 20171
33626 19680
2041 33207
9358 21229
2281 402
4407 7461
15467 21843
24008 25956
23734 1909
25091 11511
2123 12716
10056 21661
29487 22148
24312 31399
24381 31097
29095 2331
5039 8897
9024 31556
24049 10184
26086 30188
20604 21962
18265 30309
16359 27129
7435 3672
1699 19618
12193 20677
32706 13649
33931 23174
25362 4340
7718 9785
17156 18381
17059 2043
29247 22227
14063 24592
18716 10877
32192 25531
13119 12281
8038 7658
8896 20204
4854 20612
29626 2073
11316 17793
29171 27124
5754 5689
20945 32575
22769 15575
4256 24353
19030 29617
19658 19834
10323 14165
11410 19813
23691 11470
33342 7356
14696 24525
13172 2451
9102 13245
32377 6069
1723 29084
23652 33161
24177 1635
30632 31632
8505 32772
5651 10098
4309 12466
26094 22290
31370 31685
26922 20340
26833 21453
4834 9391
8214 6440
20777 33827
4861 8698
29490 13448
30529 2396
33906 30106
22579 25401
8411 7592
11926 270
8457 20381
28353 2886
32956 5707
3632 30598
8138 3024
33955 6757
10029 20479
19932 1474
10791 20457
10615 21030
21146 13144
14777 12619
22677 18781
18616 18131
5169 20916
16424 28909
12865 7711
17987 17869
8204 9786
6123 10322
32937 17934
11052 7502
10106 1000
11220 33690
22127 6710
2700 13539
1860 22959
5324 20873
2980 17764
17345 9278
13816 16045
27302 11225
1985 4669
32640 20407
18984 22200
19799 29075
31651 3325
16049 1901
26614 30851
19493 3307
29724 6943
4783 25140
3927 5644
10360 25685
28810 11730
27239 29219
31736 23307
30438 20477
13371 21780
22295 12986
9416 5148
20486 30520
20927 8638
22635 6090
26131 30689
8570 6375
33750 29858
6959 20342
20914 30501
15843 30838
30571 15185
8030 14667
17530 9419
29465 16912
16248 23820
9233 25696
6345 12017
3317 21649
19020 21284
25176 29707
27403 31950
16271 1984
10467 4284
21459 31152
20495 7399
12441 23033
10443 31369
32655 30228
33734 11194
30594 18499
32687 22847
20221 8349
32596 33289
1519 6746
5902 26588
25772 7012
33125 21357
29966 4649
15777 19800
14100 30211
23128 26268
3189 27096
3313 15636
18439 15971
32434 10422
30841 31613
18727 25154
536 4330
7045 22330
28242 13648
8778 28256
26428 28532
23983 22427
2966 15477
26253 11344
3353 5105
12757 7493
23759 30338
18914 21324
4819 6400
25320 29178
33047 11546
29515 20188
18332 26595
7787 4562
8433 7127
6337 24833
25815 21458
24458 32395
22223 4030
23961 5934
9455 14262
13046 9105
33366 9616
26306 9780
32774 29687
2970 19104
2551 25558
8981 29306
21827 12824
31048 13479
29950 20749
9761 19644
33785 19959
21494 28491
20876 22562
25753 5852
19611 533
22045 33452
33248 26490
33405 8360
32103 4091
19648 24198
31123 3482
1091 56
24141 23544
21709 7190
7184 18495
27299 2044
20164 15417
1747 28293
31103 25839
17402 20849
14913 25087
3366 26610
31487 25007
11175 28521
24917 13843
9685 11365
15873 31122
2070 9115
7203 12336
12504 25205
1242 23612
28904 27344
20559 10111
27446 18906
9925 8228
27064 8801
13363 761
26895 4702
32888 1030
30908 9437
4082 31897
9050 28622
33993 8899
13589 5549
21303 8993
31351 27254
24696 29887
20563 27899
11350 11784
30125 29780
22435 33386
23219 27796
17326 29495
31732 25213
12601 23286
16156 14795
18285 12177
19563 27838
14737 487
19505 32648
18941 15516
13585 32882
32048 17646
20778 26925
31445 24050
22860 2193
17922 2482
18861 31672
7988 24156
24884 31558
25857 9312
9600 18313
19036 30471
2757 33879
5180 5128
22700 5797
28992 16072
16807 30963
31397 5118
14024 20480
13243 3459
17769 22515
17801 707
8997 30728
7159 29756
15682 33598
15890 30752
3327 21727
14790 27592
15260 23129
3441 19309
6567 18954
27087 10978
21647 2316
30960 19928
6590 17069
9010 4026
340 31010
10351 11081
26668 3383
31176 19121
31291 1790
13072 18797
18825 31770
21049 5408
18705 8312
3878 33135
5863 5038
15219 18210
2445 16519
27387 8687
11521 18414
2382 18037
26018 16840
32466 931
12211 7311
18971 11444
2456 9905
608 29272
19556 24234
7033 11495
21958 17122
18650 31780
29777 11850
32370 2169
8795 22469
33045 5532
30673 9508
17881 10103
12637 32503
7383 27063
21672 25112
30076 15595
16861 28848
12203 10964
924 13819
22093 22615
19335 3561
12660 17328
11502 7602
26575 3443
28030 10984
33770 30410
21492 26133
5685 31211
26270 19751
6252 31213
12110 15314
9216 24891
21208 25564
16257 31103
448 17212
17091 778
25138 18927
15436 25036
29278 20689
17498 2689
21603 6381
19789 23189
750 28298
17142 17865
23564 21953
15487 17717
4072 17504
7748 6441
30501 16735
20107 25635
10468 30220
26570 15847
32934 12775
20381 22113
7695 11792
19336 20531
24088 694
14474 556
14361 4454
8754 784
31339 6403
10040 6810
29818 29226
24486 23037
27253 14380
30857 18567
14314 16509
16218 12654
5366 2231
29279 1554
5119 3728
7354 14210
4048 7982
33128 7863
13249 5662
9821 8514
7618 24639
13462 12109
32036 7265
5960 12076
33448 16603
29196 19305
3647 30603
29717 4963
8648 29717
33637 18114
27226 27983
29937 21195
3784 16865
30303 10615
20197 4850
1427 18173
25949 4089
16677 25088
198 25467
14281 21801
4787 3937
2969 16924
27768 17346
22580 11661
4179 28874
3949 4549
4524 32226
30938 13152
2080 25732
18815 11695
26796 32248
11796 7107
8876 9429
27549 28263
24541 14313
25067 6964
29396 28940
24740 16974
24619 6770
5260 2285
8716 4779
22792 4615
7775 16424
11697 29222
25760 1230
8346 32618
14595 9756
228 57
1490 2480
19554 25591
30344 17462
27796 9936
24857 21616
15052 25647
16221 243
30188 33777
22686 32158
10167 31336
18065 28578
12353 26471
7396 4595
2112 14802
27476 217
1026 25194
15773 31593
13506 7944
4410 23523
6613 21853
2201 19847
29258 26255
3191 3618
16039 5942
2900 23944
26363 22287
28768 5273
15358 30123
3700 19003
9184 13312
33024 2578
18958 25177
15347 12518
20900 19587
21016 25566
15526 31884
19777 5562
14487 28704
27104 9172
19694 2340
18033 12655
11478 1663
27998 15630
32482 32063
3073 25479
22572 4129
24980 20168
20889 32748
27285 29446
26756 1076
9780 2428
19654 22236
24672 3674
12051 22133
31033 26576
15793 7746
14769 13873
19710 30040
9461 9762
30345 15269
3777 4721
27046 2417
27297 9280
8788 32041
25456 1250
16712 30882
13326 3002
21645 15905
5182 8555
29478 942
24319 11289
6060 3275
12484 20142
3378 6377
17594 29897
24719 11187
2592 4192
4770 6969
12332 7483
14223 32581
31418 14456
13690 4136
21822 13281
19870 27933
1005 22109
13882 26347
12454 21250
7689 7917
31387 9001
15899 21076
13403 13975
25994 2988
15685 11368
21078 21988
18551 4144
24948 17950
30557 9257
23545 27208
23570 11014
33608 24244
32590 10814
30541 28749
6463 15968
20987 2668
13313 6552
24295 24651
20508 10339
27128 1025
2997 31914
14502 5291
9564 417
1063 11759
27367 5842
19346 18595
9989 27278
12858 31196
21619 8317
15075 13511
24894 9378
16105 17757
32723 29519
22123 27003
16865 11440
32023 2466
32152 11797
30201 32761
11026 19740
23081 22797
11093 27446
9173 300
32003 15443
12062 12577
3850 7701
2217 6271
4872 23718
3180 33263
419 14371
27027 30423
9011 13639
15168 18116
4455 12696
9898 7385
600 31092
14335 32606
33144 11556
29886 10471
24459 2826
3962 3541
31973 23868
1031 18682
434 13736
26958 28487
777 16475
1097 21909
18006 29698
18789 2839
1124 6844
32914 3438
28219 11527
11749 1905
7014 31789
6313 33745
9759 7607
12579 4644
16543 15421
23229 29152
17520 21363
26012 27464
5179 13026
24449 21345
26610 15078
30081 7218
15939 21374
14802 14928
19660 6427
5284 15540
2077 27040
6128 13105
26561 24611
24856 14462
31196 4819
620 30867
11232 31747
5419 3562
32759 28565
28437 9499
21711 14167
6250 29819
2789 11670
15058 25385
13856 24477
31163 8940
17767 29999
3052 12725
4873 23501
18375 17675
2157 13253
20611 22013
1027 8337
9450 2104
26103 3910
5043 18390
19614 8946
10647 7282
15760 30510
25504 30054
21741 27409
25156 11220
9172 22517
5140 14409
32820 19344
22667 10276
3520 11137
6402 15054
28646 5668
15214 26981
4982 32062
22322 14185
25999 31031
21390 30328
1942 18296
17913 951
29528 28057
32153 16165
14952 16242
23319 21450
24604 28459
28302 14576
12173 9763
24909 333
5617 27380
19358 2899
16152 2626
4818 30845
5377 33045
17562 2204
10108 31410
24904 6423
10111 29652
25535 32460
20754 15763
23639 5446
6983 815
5998 26649
341 14288
29147 23489
23588 19385
17680 15668
6700 5947
8684 1044
5722 31444
12281 19978
28245 30100
29416 1600
33584 29809
26742 30394
6770 9085
1722 26566
5874 12121
23195 24276
6100 30429
21262 90
25247 4634
809 25224
19127 21818
25415 2144
5551 19438
15909 27912
11114 17681
24952 13576
11109 5306
9100 22001
17624 3593
19735 33734
17591 23855
32318 3380
4147 7273
10959 25098
28487 23960
18086 30498
27598 2679
19645 23959
31735 24015
5042 4392
23667 13417
16496 21950
16161 15640
32493 7443
12816 31359
30007 13750
7011 14775
8880 21002
19967 23116
444 17522
25933 33002
21773 27718
24897 18163
21597 3570
28851 4153
21938 24433
8922 22625
19690 29650
13164 31866
31393 32864
11642 8042
26100 30813
20916 19154
19101 29621
32179 24127
15888 4301
21358 12344
24646 30008
18370 5722
25752 5255
23922 25604
7464 11719
13095 18899
11792 5043
1764 7168
30253 10799
13740 18085
28735 7342
19093 9697
4533 32528
26814 9864
9122 13387
19847 1488
15862 19214
16560 27299
10102 8653
24707 31058
4848 22722
29431 27534
31408 29089
26268 1408
33202 19105
27414 12391
2410 4126
23563 1445
5570 15226
7168 22466
16269 21385
23266 31861
10902 29181
2904 30016
26190 19929
21732 8648
28211 20087
6944 11255
692 17040
16957 14863
14550 31736
33468 24373
14486 18884
29215 3102
24519 9722
25634 29880
30348 10903
9880 10538
22608 18694
1610 11946
31639 11493
6852 10059
19362 15592
27262 7663
5627 2697
7607 20751
9285 8289
22829 28895
20441 17067
22484 24227
29841 12092
13558 13446
31650 2274
22827 20772
31206 9696
6398 24440
28716 29389
29652 10656
20901 19764
4403 7962
19679 1634
2929 26514
7543 32730
1481 30019
10772 20986
15986 10228
33817 282
11433 33254
10495 21711
21692 19370
27943 31059
30282 9640
15195 28974
26546 22197
12089 7361
12216 31391
28321 2627
25925 9138
1914 7660
12932 20191
29464 1626
28152 26322
25483 14442
292 29228
14077 23423
13487 6061
18242 21389
4101 3607
6669 12790
12253 14559
23973 18215
21364 12827
12916 1478
29987 5479
7469 29194
17194 5727
32079 33541
20540 25849
25470 12744
25726 32144
7487 20825
22802 33526
23068 23663
11307 26055
19494 28026
5555 24225
8779 25305
20525 24434
7725 799
15636 18655
7665 22605
11997 23027
9265 29202
33478 5741
25459 14136
27410 29113
9036 27238
25147 29000
27725 18916
12174 10735
11354 27777
10936 27145
18930 9147
9195 5642
12262 9414
20617 13618
29557 19873
23530 31105
629 21982
31760 4333
8948 24627
12788 434
25163 26835
32439 17913
29089 27166
32028 11462
10962 30286
5418 8974
2023 13059
14453 12191
19143 25020
2143 18971
18013 32152
14736 2768
18919 19792
11024 19918
29972 32382
32461 30373
33477 14715
7420 1759
7485 161
17557 10095
24043 17215
2727 19672
28926 30969
14323 8139
6712 27339
16223 11756
19511 32237
2113 16040
17224 1865
22845 7823
5701 18168
28775 32313
7694 4373
15529 23709
13755 31490
22979 28579
28061 16903
10878 31198
9125 7838
13542 24459
13563 33589
3891 1150
22992 17010
18422 10673
11035 3835
21211 9578
19179 20951
18962 30215
17521 8880
33713 23422
6241 10703
8886 3467
26975 17870
3886 23670
18175 27494
8316 23330
8697 3193
16363 18997
9585 19115
21109 5035
16224 33677
25737 12702
32078 12010
9318 6194
17611 10954
27147 21143
24588 20724
29622 19732
4950 17791
6102 23759
26402 6281
33792 23045
18234 846
24188 8976
29799 33959
31985 18443
21450 24446
163 31779
6105 27001
30045 22303
23477 10685
4151 6713
26065 14279
14276 10129
28158 32990
13884 14491
32422 12349
17599 7469
21160 27352
18586 30179
22136 5007
8559 7640
31808 8601
22528 1139
3173 31426
3011 22821
6526 23762
30120 9111
1068 28963
8143 22417
28921 11286
29919 19968
45 1885
28037 7773
13260 14573
8646 8436
19784 9330
10419 14849
17959 20148
6118 8215
23622 8534
16410 5152
5402 27841
24370 7322
10848 5095
3394 1233
25975 31737
20022 2787
15345 12869
5977 7066
6238 2150
72 33652
13987 3885
31249 30742
5108 7794
14824 16582
29168 2837
609 4342
529 19769
22517 674
7904 6325
27677 8113
8663 13462
31307 13109
4642 12110
15005 23039
25105 1918
5855 5950
6713 9540
6764 18179
20536 22796
19612 23082
8987 10523
25083 32810
8726 15849
9363 33090
4484 4479
556 6495
10756 917
28843 14222
23016 12554
13963 18472
9921 11258
26982 284
28993 6468
14238 14026
5682 33043
6585 31111
9176 24017
8072 12133
25168 28814
28141 7034
20612 11853
9164 23254
16239 24879
18152 27794
5522 14043
18673 33702
1758 14913
19769 26712
13465 7396
33932 20597
25674 8102
19369 30534
3577 7230
15686 8908
32433 32494
25290 18893
7389 2662
15800 5391
32741 21504
4654 32356
791 7584
23665 25218
20741 18587
8650 29947
25352 20448
27582 29096
23948 14803
11323 26692
30869 19045
4784 28047
1094 12373
4426 31174
904 24081
17183 11751
14139 838
2611 6893
3963 25977
26082 28709
18776 5571
32837 7814
26364 9396
10007 25875
18185 26256
5479 6667
20311 11058
33509 4241
13317 23837
10183 13048
21414 22193
25607 13125
4333 26496
20328 8046
28672 15262
15640 27834
3795 32710
16023 18253
28475 17890
7602 26230
29713 23338
3607 31184
11512 31755
7828 33517
831 18278
8993 9659
744 29795
10737 7081
32533 8008
22722 32070
33897 32590
16991 15128
10943 8822
24371 1948
8319 3464
17614 4472
7737 32646
1924 1754
21956 11738
28137 25077
17825 21428
4186 10010
17233 19842
5051 6314
32516 5015
29832 32257
33475 30542
23602 19239
3634 32631
32743 32130
10937 33083
24097 17149
10310 1159
16720 2071
6744 28208
7559 7808
14969 25142
33347 29499
2887 20615
806 29004
16027 30125
3014 2359
30918 2154
23854 11592
9836 19861
11729 10758
2318 32210
27484 28226
14714 8814
21090 20478
27280 25499
20968 31946
17778 7169
5105 30791
24433 31190
7826 10244
32902 3653
3452 25650
11754 17262
14627 32421
33802 24760
3010 23119
26276 18641
4518 21004
30481 1845
18502 2957
20362 8402
5662 24014
29934 22864
523 1763
24178 22365
13152 24942
19110 6380
19918 28060
15898 22620
30404 23421
24136 26997
32333 23021
12808 3700
16065 16006
9868 16228
418 20454
26873 5567
1567 4293
22704 19983
96 22125
24660 11127
6813 1292
13448 21373
15609 30207
32246 27688
3926 33736
9331 27602
18339 17474
6097 1338
2878 30783
15170 1458
27071 20744
24412 24756
30046 25579
5565 21131
6264 6405
33124 32006
8750 6558
25845 13495
4905 22018
28508 32554
8567 32950
15518 22253
19116 10921
17105 19630
20645 23812
21382 28574
20845 13223
29672 32569
17823 4937
15310 14030
4895 18833
13285 17378
8921 3116
7142 19486
10185 26348
6925 14804
10773 6027
29463 6209
30544 22076
20581 17916
26642 4409
7913 27991
23481 13746
13608 5025
20206 33073
30366 19655
17368 28372
7859 20536
5926 13113
10330 27153
19938 26366
2644 16467
21483 33776
9721 29703
5978 11836
16268 1220
23314 33832
25969 12226
33651 32716
3209 13957
19585 30625
17051 17560
11395 28425
2037 3925
29636 13150
16375 23874
6208 30310
30281 9683
9162 15754
7960 9862
784 19679
4042 28534
14568 26887
12985 20884
24396 4223
5508 13341
16963 27030
4915 17494
1429 18812
4226 10525
12960 16807
29061 15476
8441 26599
6028 9828
21729 12578
2799 1816
30212 16095
3319 20352
11010 30420
28388 31811
25887 28583
32515 27658
1933 2426
27962 13238
11326 10444
23197 17873
14072 8942
12266 1910
18022 16935
18341 18205
29230 11534
9741 31841
2271 1305
16108 3626
32696 5501
27001 19529
31394 4167
3997 26674
5749 23819
18336 5919
25102 26011
16329 9212
1280 15470
25068 7336
23535 32785
31437 7907
31764 16503
22547 32536
32925 5915
21077 15603
25453 8014
17724 20540
11785 25556
1709 15463
20898 27714
14354 9456
1921 7001
18412 11479
3840 14032
30913 17993
23425 28802
15255 26764
10462 16667
6563 3666
16244 32137
15805 24557
17468 7404
3665 27773
14380 16145
23253 18202
11385 9497
11541 23790
15503 31145
20841 20197
23514 1382
1849 2282
23048 3584
9313 15708
32259 16580
20255 25212
11506 20269
32142 23781
2488 7999
5916 15492
15246 28994
14340 25459
1307 516
31326 25755
13204 16747
8552 19720
22332 15432
11631 19492
21207 13788
3904 10501
1437 28761
9681 20787
9284 26627
7270 2221
23914 17960
4754 5250
24484 32224
25926 30874
6622 27064
22057 21806
21143 27681
8943 6580
28631 17103
31930 33184
20794 4350
11417 23060
23385 27583
14631 21416
11492 29705
24798 3415
20108 12042
19302 29059
11647 8919
118 202
25664 26258
11933 20025
20855 20561
14477 5390
6823 7264
32518 10344
9218 16359
21704 8526
5100 26891
22729 20933
20940 29589
11003 31351
5815 8750
22004 17084
29271 11370
747 21469
13742 18468
4443 13020
22970 27165
16821 24092
7081 11921
84 25789
3156 24729
25293 14712
28720 1359
27503 1506
27134 14989
32315 5832
24820 30306
23019 12994
24599 17157
6648 11060
31424 3263
14784 26283
29576 28109
4831 17050
2190 9782
19328 5837
1316 24113
20888 11150
17114 7691
6864 926
22401 28519
11149 29735
24607 32385
10546 7767
4916 13314
22148 12488
31637 17446
2032 18872
28268 32386
10814 25040
28456 8533
10296 28267
3510 13541
6637 14128
21699 18545
13471 12411
12451 27416
26823 11821
17385 26774
18450 9565
19491 1886
15568 19019
6286 17158
3253 15433
25750 29556
32175 16274
10066 30027
3573 5619
23648 677
251 30729
28024 8730
5743 21185
19304 13908
31479 25133
13086 27741
6357 16793
1687 4788
11196 6245
19125 3851
5370 3416
7570 21815
20209 15391
26049 30864
30864 23220
32054 352
5973 16624
25397 33066
12117 24966
24316 19826
24999 25867
24210 24308
12228 8667
2925 2696
17256 17059
30479 11133
17263 33014
14828 32299
17601 22229
4040 30677
9905 8646
6338 5876
22531 20796
27132 28373
14911 9293
25370 17066
27436 2895
31119 8381
15444 32717
31213 18416
19586 23632
5175 28187
25874 18542
2276 17251
32906 17286
33871 20514
9664 28559
7883 10813
29429 20680
11330 32197
10956 9914
13887 28836
12631 3488
8270 12382
2797 3577
27747 15065
5136 12003
28534 2351
13233 30819
9692 17055
16901 10719
20956 30615
4392 28602
5704 7604
25435 32435
26042 2674
21374 28936
18102 23365
30026 31799
811 30000
27499 32309
7375 7373
9807 9703
9713 8104
6923 22912
6619 6133
18750 13352
22536 18620
26929 11840
17311 11030
25104 17878
31824 13920
31002 271
11286 11834
18050 27291
26410 5036
9428 16133
26328 32645
2542 6181
21725 21539
15570 1702
3231 18631
31144 7995
17602 25833
24409 24482
1326 6952
22143 21204
19862 10078
20379 1893
18373 5313
32219 30162
6437 31448
14940 29757
8808 17651
19693 381
21029 21590
17657 29695
27314 21294
5852 8476
12317 13853
28949 3191
13854 18544
26685 21180
31750 3640
33850 4635
3684 24995
33769 6066
4301 26140
20390 16723
33214 11667
26437 15734
8890 26144
11387 5846
12633 1345
13155 13647
16351 10679
2168 25461
29914 26372
3314 18674
23618 7904
13049 19566
17956 32169
30424 28336
33104 20323
26015 8605
8119 23531
2003 6299
24410 24082
32034 13099
29236 32088
11639 29193
22922 25434
22561 31224
10717 17596
16952 27727
18683 5913
1799 27692
3254 24133
10677 12214
14046 28450
14507 27920
14753 6092
13549 2651
17635 33643
26838 22397
33639 30378
1315 14696
584 10163
31071 32462
11351 5504
555 19052
14665 30686
16541 28663
20019 5190
18048 31301
27775 9740
24673 8375
22854 19688
14301 16296
30586 28032
19802 19365
26028 3128
6706 5016
482 2956
33523 33648
24526 7054
18526 33467
19561 27848
31572 27068
4184 6193
22039 30452
18120 16606
21309 23296
18146 16703
17115 5359
19582 32994
12345 1067
9826 7467
33902 30336
15749 11768
3721 11942
26483 25753
9171 2967
1669 5459
19373 27280
17002 19507
27432 20575
26516 29488
25446 17372
2315 22370
12447 12268
22490 13833
14573 12130
31178 5127
23495 16995
19674 28430
11871 1175
19254 384
6397 25883
30854 7647
8385 872
11998 31269
21997 30158
5853 26549
14566 31898
14637 19845
20126 23641
27557 25887
21714 19835
24359 5744
17077 8198
19271 910
30394 12505
7719 7335
30838 1042
3518 1758
4668 13713
12750 31531
32800 15846
7853 28560
25014 12512
27074 5643
3544 19721
9882 30372
9003 9711
13127 27649
22458 1430
26817 7633
29988 10886
9387 9990
20735 30900
11820 1287
5297 29460
31955 15901
21800 13195
11589 19323
3802 25673
309 3338
17926 21880
13723 517
11050 6729
10384 27243
32085 32487
5770 19057
8481 26194
28424 31858
28142 33644
28117 31976
31287 15199
25122 1247
306 27657
2473 20700
13069 4163
24452 17554
923 27338
21117 31021
12490 7664
1175 32427
271 22726
16307 29382
14829 28589
22568 1364
20454 18876
8450 12597
6732 30753
25137 28713
32987 15212
20062 33269
10946 14399
4279 30702
19543 8596
19060 19228
29880 25584
22141 27320
28421 23610
8769 30955
22462 10619
32125 13580
23544 18512
12349 5649
10806 31647
1254 8461
14970 11357
14702 13074
8599 32256
13841 6613
33072 27262
11075 32357
24025 19901
2449 15383
24589 13726
16764 3084
3185 1189
3144 23514
7086 17093
1294 23400
3162 11451
7589 32996
29119 2096
24921 4173
16564 22134
31091 28222
10036 7470
13468 14857
610 7910
19734 14687
27583 31875
6618 22304
17694 23282
8990 3059
27449 17531
6876 9908
33528 6826
7716 3305
18528 28694
7472 29959
6965 7270
32620 6940
13019 6677
13091 2751
17236 33247
13217 6909
23457 10948
26854 7738
19357 13461
10511 23701
2583 10292
32530 19145
13612 33155
31501 6508
21667 10112
15369 23838
180 21929
836 9030
5833 8060
7238 13232
32382 28778
9775 27247
5904 432
33536 16078
4919 31043
6639 22369
16771 18793
15150 33098
19401 11224
17310 5586
3283 17434
6542 24408
11450 27199
2586 23636
19043 16086
23608 27638
20494 14955
27919 9044
7596 28104
6226 27094
3008 26825
9070 30065
21540 23710
23431 1951
28687 29005
17584 9542
6092 652
24421 33905
22461 4561
11985 5557
7461 22172
26231 20632
29920 26323
17815 10770
25279 28448
31343 4029
27640 25774
10931 2431
7410 9893
8685 3789
3844 19381
10447 27480
6797 26346
27265 19945
31633 20559
11880 22555
24888 518
23502 18336
1889 26473
8563 29242
31660 13444
31990 28977
7402 22627
26954 26510
28881 12930
3013 19762
17146 5524
20594 2423
14680 21922
22171 25559
6242 8258
28368 18608
16291 14008
31584 6084
22660 20464
25224 22329
9743 10488
764 1535
