20953 22080
3649 3592
820 13650
24300 19127
9013 10082
8025 26109
7315 23768
4573 22546
24133 20620
3359 874
22175 19560
24271 15552
17871 8701
2849 21483
19350 25655
13826 25434
1042 18956
977 18928
3071 7457
7165 23639
7624 1683
16560 19121
19727 15744
870 5588
18391 17179
6516 20612
23463 23632
21296 20308
22982 25383
17857 27564
13747 12459
7224 4843
14720 26925
19310 22307
9116 7937
26524 1035
213 18762
24865 22955
26406 3602
5232 6252
22877 621
13849 14452
11150 10280
9106 13723
5095 4963
7056 13532
25019 22627
11030 6682
3350 13448
3040 16444
12450 25395
3170 20037
11764 15454
27771 27800
11271 24112
19783 23836
8668 2041
26448 23127
1424 4525
23912 16997
15055 6795
17572 18380
4091 10652
12404 21700
2583 15676
18090 17219
9607 12348
27178 10282
20600 5675
20268 15063
11851 17470
18919 11218
6301 17901
23088 11610
2280 22147
1502 25297
21669 23624
7468 21080
25332 26335
9483 22719
2615 8663
7629 19991
3310 15866
12456 6301
9109 8078
14858 9143
20831 18288
27333 9782
11955 7369
5330 9753
12131 25270
11642 9471
6866 23099
21961 6793
8749 22618
22998 23102
22399 16024
21235 10389
2340 15723
19961 11430
20807 18367
5608 26064
17503 23648
23893 8961
8022 9431
5355 3994
15148 18792
12434 22172
8846 17800
20972 12442
22550 12929
18251 26817
7197 11310
22434 25332
10627 26366
27619 4800
25177 9518
25428 1379
1833 9426
7506 23401
26929 2590
1052 11350
26380 14496
10337 21495
13146 8404
8774 24489
2169 15699
6914 7012
18586 6622
23525 27131
10312 17649
6968 8885
21478 18417
16359 22813
12965 8901
21065 4499
15036 3580
4682 20175
8680 24278
4576 19230
8082 7841
24412 7945
18395 1664
17662 21950
8610 17402
24479 7395
19156 20905
14039 7630
19122 1721
13088 3284
11862 13544
7187 10824
4533 23507
16697 15480
16172 3295
2979 22322
24766 25257
1544 4505
3593 170
5009 18034
20561 5176
5243 13334
25955 21394
22299 15588
13834 15646
19544 21317
2082 6536
12609 24770
12505 9413
19527 10525
15338 9353
17339 21165
8239 1939
18129 25190
377 2932
22292 21375
23617 18814
3754 7610
22339 17536
17596 24206
24605 23696
8744 27864
25186 1223
21004 5737
11147 13694
3656 27447
9618 5761
14247 1191
5183 27401
14868 13009
107 25820
23662 16233
23583 6106
8631 24544
16404 9486
24968 1228
5855 304
16636 9778
3487 18611
20490 19752
9780 3517
27580 10979
20938 9325
19955 14889
6518 21015
12253 17803
24986 17181
5294 16185
17675 4398
25515 27888
17379 16523
19 15337
19627 8941
10622 6319
16011 26504
639 3692
3666 10836
11895 5325
27253 23958
26437 15038
10077 21244
7847 8431
1899 23548
7893 6102
18592 462
2581 24138
2807 11047
23984 25912
15925 9668
26740 18606
2268 22099
24924 24815
17456 6330
25095 5751
4121 20020
4208 20930
21619 13288
15575 27099
18016 14015
5411 16885
8686 10746
17291 2843
19877 13135
13866 21931
6941 3126
17672 6055
24749 4608
23919 10604
22606 8129
6592 224
23362 8546
10215 12569
13075 7718
22010 14639
12237 24700
14356 8749
16960 10802
14795 9895
3966 19087
8124 23688
7363 18773
2099 375
11079 8571
690 21420
19278 11782
18151 22701
7541 7744
19283 2036
7217 21883
236 3874
2327 15251
23195 10054
20680 5234
1930 13285
7502 22482
2209 16467
1030 23055
10828 25227
2322 10191
16848 22620
7799 3848
9126 12044
21922 20141
15907 7237
7021 7181
17670 4377
4336 15670
23703 5020
18712 14909
18882 24502
15489 19849
7963 12243
25711 13627
15499 23002
26461 17998
13339 15429
6240 24817
3091 17614
3177 26280
21594 21762
14125 27054
11610 7157
13880 24965
13471 8109
15304 22294
23891 24732
1776 19524
22065 25801
21413 2683
21175 17220
3225 14640
1987 17308
13194 23062
23863 11855
11119 2560
26234 18487
3581 3677
8148 2024
6279 27158
6233 17946
17574 16564
14701 6625
4594 18767
13825 17586
6013 4911
9128 5392
15160 10752
8186 17051
2471 14479
14521 3809
26478 22292
18034 6731
3209 23492
1658 19109
21370 16018
17714 2980
27395 16724
484 14598
3057 26500
24693 1824
27811 14859
7746 4324
5450 16819
13318 13613
15914 14969
15774 18479
7005 1892
13142 18311
1922 15152
5395 22046
12419 26442
71 10099
12794 23701
8691 714
25693 12975
25728 8339
14910 26754
9348 99
13862 24439
22826 7141
23938 18951
25670 2394
18212 1485
21689 13884
23541 11290
15948 22951
5073 2090
6223 17733
9723 1975
7134 2262
1917 15469
18979 1040
24109 9408
17767 13398
1998 5898
24510 25198
10277 4438
1874 25095
1644 21022
19143 23898
15624 13775
16478 12271
27942 12534
17404 14698
5159 12370
1864 12310
16641 2630
2626 22372
27897 21686
6090 17672
2246 4358
19499 21416
2227 11396
22126 3888
7708 5849
13231 17605
3929 12880
18668 17330
8068 4173
18971 23851
19482 7298
1303 27356
20296 114
2687 24779
13738 745
21541 9777
19126 15172
18522 22070
17131 23564
10367 17841
8545 13898
6694 17431
21946 12429
23469 26980
10296 7526
7822 8111
8704 15094
12970 11343
4289 5084
21152 9033
9831 6177
14983 23758
10361 25084
24638 3698
2378 1056
306 26525
15018 21634
20355 13738
18449 20150
3277 25103
2401 513
17618 7887
6985 6753
16577 2205
4341 3307
11437 19463
2255 1101
8005 14629
12109 19589
9339 22021
5170 23046
14359 1596
27321 8020
17801 24267
23054 1450
9913 13182
20044 14384
21430 7679
17333 17687
257 7120
21885 24720
26775 25431
18174 1850
9811 4592
21738 16512
3395 9479
4401 7674
8667 26732
3783 23971
3508 18878
24328 10450
5094 18923
8925 19593
9233 25315
19820 22038
6902 10508
23515 7763
11236 9889
6672 4695
22528 17081
20783 7244
27949 13552
8651 9847
16562 9017
16009 1998
8229 18243
27726 19388
1665 24092
3025 5739
20785 20513
27177 22242
9067 13999
1445 18215
117 16241
10930 1537
25269 11286
4287 21081
20877 21999
8584 12490
5295 25750
24289 17186
14479 10445
18078 22817
23124 13643
14015 13378
18380 4890
317 9827
2466 12336
22644 6026
4885 24721
17878 17627
1181 15517
27349 7897
12099 27832
19088 7385
18106 9855
4853 23186
14084 4731
4177 26404
1371 15173
10102 1889
11949 18429
26088 13523
1308 13649
11725 18262
6884 17367
22350 4394
8177 12728
21855 7958
3369 8356
11590 6663
25563 10823
18347 21192
13317 2591
20338 14739
24559 27759
5065 12160
7758 3030
5325 17552
26211 23744
26568 27178
5802 6242
13511 1689
813 8797
5878 12360
24136 22075
10886 19824
25638 19757
13492 1296
26288 2385
21952 6166
24087 26367
26567 24960
8132 19254
8743 23735
5217 22003
25801 18313
22980 7112
3543 15709
12536 6845
1269 10911
15424 9935
7289 503
6540 6941
26758 6227
15084 24297
11458 3845
10001 24474
26888 24718
26062 15694
7458 7950
7305 22795
776 19806
21628 6702
6329 12997
13057 7843
10757 18091
9130 10539
2275 25413
25341 9276
9147 12474
11507 15279
21021 17487
16693 21258
13097 11773
22267 10107
27646 11785
17571 16804
10852 16295
905 15271
3780 3232
8560 26307
5852 23673
19025 15385
8699 24958
1254 27517
3553 10494
19549 6657
14240 12148
11328 10254
23873 13564
25770 1499
10279 18433
14300 7251
19865 24290
16759 4782
3790 532
12623 18131
18894 19138
6229 18978
8347 23594
1455 13684
23226 9673
14289 4995
56 6429
17037 10810
26428 7538
17644 12447
22507 18671
23575 27308
24313 8053
24152 16362
21976 18044
6457 21451
11935 22442
14133 11062
2293 8433
21766 25014
10820 26922
20420 16012
10287 23710
27788 21028
4084 24236
23585 16076
9841 15101
16618 5513
10135 24012
21853 26050
13383 11541
10689 5547
13186 4587
22847 23604
9689 17910
18167 16002
4171 6031
6287 17765
13778 21031
21789 1925
12424 17169
22195 1109
24515 27495
5703 27745
20170 2436
18649 26805
9862 21897
13307 1590
17955 25046
27320 210
14 13514
9958 4506
9402 27609
6888 20667
14087 7584
25748 2228
19005 23173
19880 4949
21454 300
10560 7168
15237 16572
14477 14943
14489 12230
22139 1981
7003 20246
16751 20898
15506 21849
26010 20203
26085 15834
24116 21604
5561 15987
21590 516
2779 217
9300 17440
16891 18077
21754 13479
20741 389
20292 549
10984 17348
3061 23665
26819 9003
24614 17556
7697 9395
22047 562
10172 16457
7362 26646
26430 22868
6526 22087
4829 14110
801 26417
1515 5875
8024 3507
15570 3157
20031 17184
27845 4880
25182 6290
2387 20309
14924 17251
13581 8272
20637 26713
18864 11615
6372 8760
23539 26049
22819 13006
12583 12225
16200 13305
13096 15041
7995 18514
4836 7970
21498 22848
22533 7401
182 9830
24608 22415
25233 27134
3493 27783
25508 2642
13932 21422
7171 21296
5764 24891
26350 1039
22804 3064
16973 13281
15223 12428
1646 18111
18266 15598
8166 1839
27799 20865
3977 310
14958 23031
4370 5616
26261 2710
15226 16380
21876 27700
17405 14219
18315 21133
19512 25703
10398 10856
14503 18542
20076 3125
26707 17307
23570 1395
16541 7529
13984 6928
27217 22685
17953 18573
14612 15582
5216 8884
24369 1526
15555 2437
14748 22428
8494 9188
24635 17795
8102 18466
27521 21565
20895 1079
9087 5878
25483 27867
17082 10306
15880 514
20538 6789
7840 19236
8999 4725
14414 24650
2539 26893
23382 23355
9363 26900
7684 13052
8904 2522
11006 9807
10477 5324
17700 18480
2641 7880
4535 18570
4943 27350
7578 27835
12552 12752
22740 22186
5008 17714
23148 10871
7011 12578
2105 24760
13595 24240
13357 4586
10843 25904
17781 22588
15268 23730
13625 2570
2041 16410
6778 24428
27293 11334
13768 1760
12763 3201
25225 14323
19140 7607
22791 27482
641 2491
25088 11161
18865 19831
12465 25199
15630 20116
194 19517
11527 13000
9785 25348
24690 10695
12780 971
27966 20779
27386 8957
13731 25676
17637 14764
24495 16077
24073 7476
17896 11660
19768 18122
7227 12302
15999 14151
7191 6087
8944 22273
14282 19198
952 21649
12743 12455
11015 2809
21918 25303
22255 20271
26154 9679
13249 26151
23730 8076
5409 23368
27542 2409
15316 2689
4183 8781
20391 5054
884 12452
12912 23321
19396 25687
18494 20772
21726 5056
889 24238
2751 12768
21062 10377
14045 11820
4447 3492
15129 2999
5955 171
1648 10102
8525 14574
12423 11794
10727 24948
6936 8840
14900 3350
10711 4342
11060 2861
24944 6141
9118 14123
24642 14708
27261 18252
13814 18178
8267 16792
27359 13371
2684 3385
15412 861
636 2937
24545 11598
17676 18161
1707 3050
11468 19561
7348 19597
21304 25705
2249 10631
25600 12624
21357 405
1320 9564
24715 13560
1017 12708
8103 25532
6533 2776
27500 23752
668 18335
20360 7955
4994 18742
7817 17076
4137 5557
15518 22457
21937 12476
3749 5555
18481 4550
7143 8812
15239 9868
22921 8796
8397 16159
25130 2074
12088 5480
5499 14244
19854 9043
19899 13799
24509 9823
23540 15868
25487 25647
26847 2521
5367 11834
10193 8248
18963 8081
842 23623
10223 20482
18868 16247
22196 19458
12299 20208
12998 6408
23430 15004
6499 3506
2491 4440
19402 9984
22631 222
20554 12967
7958 10887
3340 27578
22846 20323
25313 12449
9883 26348
27863 10799
22422 14426
19675 10969
26396 14111
3967 26722
26091 26986
18545 21334
25646 19478
1346 4461
11378 9845
17457 19767
14038 22784
21677 6582
12143 15697
2260 10296
16580 5821
21219 13050
11182 10458
415 9551
27839 24081
13765 22773
26947 20739
16063 16090
3459 18871
14206 25624
11869 7944
20827 10679
27156 12323
15065 9185
23178 26755
5014 25752
14271 12876
5772 11961
24046 3732
17097 18477
21315 6548
8851 19407
20183 17880
26484 5896
17635 22339
25384 25154
15844 18026
15233 882
14273 23830
27058 15127
23955 23212
19415 6870
8795 14368
10562 26139
27909 9547
8045 27240
27222 22703
2840 2267
9140 26836
14772 27781
7991 26073
24592 26053
15228 13407
18673 22053
20000 4561
21896 20754
11024 9924
941 7931
16198 8280
27885 21584
10651 5051
5959 23437
15977 13866
6951 25857
11627 12354
26144 2424
8466 14716
11153 19594
9164 15704
19535 19079
22977 13134
9053 17511
18213 16601
333 22666
16929 13707
6261 17815
2806 1205
7909 25911
23596 22992
16010 26618
18193 17594
24844 19459
7875 20912
22630 2785
15601 3584
21165 8135
23326 21549
16084 21781
14686 11633
25983 5451
566 21201
3050 20077
9642 1452
7262 18456
13252 21137
22669 22200
7973 21193
10034 13095
21757 24664
19057 10866
12093 26091
15508 14106
18137 3472
17398 346
11265 8479
13943 7275
24443 16734
18036 24473
10840 17000
11529 18285
23032 19023
14869 22534
8878 18850
10048 7243
8238 14608
7555 12260
3954 12817
23636 15174
6311 25309
10340 22268
3918 19287
24343 22625
17560 16400
24976 4940
22616 11304
6067 805
6277 15820
7091 3426
24203 9681
15867 13631
9061 2814
23744 3804
19320 27241
24911 23926
17192 4643
19556 11415
9274 10221
3295 11242
27284 14921
6361 25699
9708 6779
7455 15825
11826 11414
5880 15603
9905 3199
464 14358
23201 23659
4148 22832
8989 14826
1492 10451
1787 2202
18133 9840
9573 1465
22853 26549
4138 23291
20902 3772
24668 741
16086 27826
3362 21233
402 22189
18811 26217
9318 5386
15382 24265
15687 7993
14434 16909
11165 5717
6042 18085
1684 5248
8274 10846
15655 18346
3739 13972
26940 15141
2142 7598
13131 26141
16114 13273
2428 20636
18908 6045
20626 6108
22494 20988
1757 21539
4972 14161
4889 12963
26580 957
18444 24163
9957 20124
2792 6466
8133 14732
3882 19406
18287 14076
25050 12742
13638 146
19868 23093
19534 7039
25911 6744
20265 9121
7396 24653
25418 23061
17124 26501
14763 26084
14508 2051
9744 18919
19285 3335
14052 26199
10007 17593
18633 6127
20350 11987
1974 10682
19977 6458
24252 14994
3252 3735
24994 8597
6809 21978
20497 16040
6915 17293
8672 20943
21641 10270
2661 19562
5147 12735
7860 20032
5696 12863
18088 19235
2460 3744
5130 11401
88 11534
13387 27706
22590 20230
19459 5654
15399 26665
9544 22073
1070 23134
7586 26235
9441 9747
23166 20136
9265 19339
23036 2778
14878 22024
2333 4390
22525 10263
7649 3863
8669 7818
25816 10007
25928 3833
20482 5999
19327 12233
21666 22723
26343 4633
6483 16739
13931 12730
3761 13705
17845 19544
7367 4518
21222 18836
4883 12574
8705 13863
27088 15948
4661 20825
1955 17609
5437 21144
25973 5677
10080 18184
24542 5468
27009 16045
18652 9465
9458 4598
14391 6131
4075 10309
15359 27591
22567 14779
9965 20297
22929 1757
13190 11765
8921 315
16400 15880
17695 4474
16181 6394
14345 12582
2636 18402
19597 16563
1307 21400
14157 16220
24070 22437
8205 16113
848 13620
2993 23270
22096 27522
27393 14545
18849 16014
19239 5481
680 2709
25060 18527
22030 1012
26917 26080
8832 24939
18883 7227
1319 9572
25006 1072
24782 9007
5741 7368
15418 17617
17006 9460
21349 5512
14491 25584
9115 14986
5948 18536
19181 24331
14284 25098
20801 16231
26682 18014
16113 3710
2990 3743
15402 8779
11402 25399
13381 17797
10922 26978
10521 12022
21959 17762
3428 26956
5270 24799
10808 1364
13489 24904
22731 23560
16236 14463
9445 17903
21712 7162
13123 13932
26659 3356
24921 24117
18026 27200
1203 24621
14904 8112
2886 9756
10307 1057
8271 14737
10594 8612
3799 11423
25315 26763
13245 2851
16863 14388
27032 3847
38 25416
21551 26604
17780 7765
15139 6878
13542 26566
1777 24171
6147 19266
16989 22582
11855 11490
20403 23290
24788 19998
16335 20735
20494 14031
14485 5439
24904 20191
1692 4563
6671 25718
8751 6771
17997 26658
4294 6782
9439 26393
14357 1946
22881 18681
15884 11496
3979 17442
946 9211
20645 19558
19952 17655
26192 5518
7842 10606
23259 23071
5190 9590
10183 9481
18050 18768
449 8761
18097 16857
13370 22260
3055 26712
27572 3121
3718 4443
15121 24580
3850 25746
21225 13488
27268 1943
5046 9088
16331 21493
23482 4158
9564 22985
16675 4349
23115 8182
8960 4793
13615 23311
27353 10555
15811 27148
15474 24952
7987 27642
14968 22159
18064 12869
4740 16039
12570 4659
6246 18922
19641 20723
16655 8806
24455 20573
4474 13574
2288 12294
25320 14811
25887 2475
27998 20763
13597 26038
11138 25195
25812 3051
16638 13201
8755 16896
85 24570
9269 9117
23792 22765
9784 12094
27443 14900
19233 15993
19003 10725
21625 19070
16045 82
4870 25367
14633 27760
17649 24010
15871 3053
11310 23952
10894 15023
18086 20803
24998 21763
17808 22849
12361 11739
14921 27857
10545 2076
6182 17513
22856 13033
7826 7138
18737 14079
12550 27029
7654 6942
25414 16211
13461 8800
1431 10580
10427 27144
24403 9293
23109 11068
26589 17935
12493 18938
12652 4280
21748 18552
25966 27933
26895 15904
21366 25832
4985 11264
16231 22366
1214 24978
16460 1587
19340 1506
10879 3263
3289 20519
27691 27418
14428 15060
3268 534
17235 4072
14973 5177
503 14461
23674 14960
4724 23
13435 14019
21456 6630
5059 22564
2452 4323
15385 21300
25610 9892
8685 5210
11094 8980
20423 3059
22699 21450
13025 11811
21294 8205
2632 2701
27911 12185
10767 21775
27930 21264
22098 5424
17486 1697
12453 12988
10377 20500
20539 10011
23551 23790
24885 22920
15990 24748
17729 7673
1177 14066
20233 21479
2243 2989
7693 23059
20682 3119
22427 36
9417 6994
24471 15625
2962 2554
14221 19454
3226 7412
24916 17022
20767 22282
23066 14584
3294 305
14539 265
5452 22794
22742 11259
9813 26776
949 3952
1508 13839
10630 22743
26089 4332
1839 15654
9614 2321
11747 7503
12283 12553
14113 2928
4771 23946
8002 26410
17406 3357
13503 3382
22342 10268
25970 12045
5901 9806
5571 4494
5737 12542
2588 25345
19972 26653
20307 24680
22385 4363
7892 21024
16308 4682
19109 2242
4690 17384
7609 18458
15111 278
20903 19999
8323 5378
15060 14422
8367 11508
21852 6982
308 20581
26367 24520
15246 4961
9426 13491
22204 20188
17911 22498
5177 14497
2421 7119
14475 2841
11324 3293
19254 4588
9803 24657
20937 4036
13904 19320
22621 23921
8196 12584
14970 11520
27699 14071
9900 25923
6528 4582
12606 8120
27963 9076
15834 21123
3495 2761
7773 8132
12497 18134
18741 19694
11763 19662
18836 19910
9696 9337
22914 25526
9675 22626
719 879
27199 27784
21569 27757
8995 21575
266 9885
22473 6733
25504 16966
24402 19888
1608 16697
19871 6182
24418 24506
16277 12837
27291 9685
9379 21174
25420 1789
26178 25684
19893 26011
26278 16217
11545 12645
7177 3695
20861 7900
6231 16371
20346 20909
8213 19462
22209 2327
24759 17311
23624 396
25149 11833
21601 10371
22311 4325
27471 12676
4482 27492
20587 18625
3184 13791
21180 11974
1292 17904
10124 22379
25842 5662
14445 24994
1094 15435
18992 25244
11956 2392
23998 547
4307 19247
2954 2213
9671 452
10706 8592
24494 7070
13616 1306
5756 1982
6580 25864
4331 13041
25773 9388
11989 20598
17395 23352
16443 16419
8931 25137
27213 13880
5392 22997
8421 20990
27024 17583
15790 17618
9672 20187
24464 5004
11100 9093
26354 2740
3774 10156
15347 16755
2468 6659
4613 26479
24713 5092
7393 17577
22162 10707
23732 12804
22099 19217
13023 20785
27714 25010
26365 27346
18263 21294
11986 22317
2960 21075
25910 2167
12930 10164
457 22895
8666 14336
17583 23920
4050 27738
14903 7820
12078 1898
22048 8012
24544 2826
22032 14238
8591 3801
19155 14857
12486 20064
26949 19951
20924 1804
12173 10135
3551 21827
22114 24304
7662 21564
15450 24270
821 5756
20302 3914
18397 416
10749 23197
19992 4497
7254 22987
21223 372
2072 5369
20821 16267
26997 11361
15214 17138
22973 16949
9903 25657
21275 26952
13380 23619
3824 8496
4581 5472
1486 12186
1220 4160
9974 24569
16143 25596
3806 8807
3185 24017
7694 3869
17615 25279
4446 962
12736 10978
14865 26448
12158 14069
21971 8913
24352 17166
22823 2093
17702 8617
13734 23342
19246 18896
24323 20563
23810 2526
5064 16258
21461 14916
3245 16738
27319 11801
16035 1817
20174 16372
13374 18576
9167 5469
1073 12049
22620 5155
12142 8360
7120 25341
14529 3372
14572 18806
7737 22090
11885 23685
3256 3780
22469 7485
12037 24274
17842 16674
21130 85
11754 1444
1985 403
13047 8014
9041 1507
6220 15459
4003 11927
27789 12550
27008 4918
14901 5865
3004 1159
21718 18117
21028 26317
20955 23398
19568 24271
700 21487
25782 13742
10929 7357
7982 10545
4127 8136
25788 13640
18501 23603
6725 10484
27192 8889
25073 27067
18161 2553
6789 18729
19215 12217
7077 3913
26643 16451
7635 22064
25375 1726
25843 5877
19530 7314
93 26357
9086 16901
4742 1505
4260 13138
8214 2259
26166 15241
5718 9251
3603 25347
21662 27684
845 10181
4319 2831
487 18124
11739 14967
25836 262
7797 12089
19296 6576
10610 9555
518 18475
5710 25707
8696 9959
1718 24235
4154 20406
24305 7949
13795 15202
17239 12068
3725 19389
24434 16167
2083 25317
15606 25425
14690 6404
25495 24002
11864 24920
16818 26083
19454 8033
3574 4934
14812 209
16510 13437
7260 784
20156 7635
1421 17746
23831 11352
25665 20839
21591 27512
17087 22724
9884 48
15010 24869
21081 12330
1021 27821
1994 24186
15696 10077
27765 3407
13161 6724
13969 17361
22483 7805
3538 13757
16066 16123
23344 1963
14535 4666
2409 23320
2648 9170
10555 3049
19933 1439
4861 7585
2153 17032
4136 13536
9012 22966
20458 12206
20745 24508
19182 2783
17969 19031
23336 3132
10656 16562
12482 4375
19576 20881
17386 26869
9664 12923
16566 2453
19839 19396
14097 18607
3250 14254
25989 21707
22996 4284
3750 7759
27945 9558
21330 8553
25198 27883
18067 10323
23621 26242
7046 12877
14093 22962
14797 27260
7488 24097
13560 10691
11107 10423
27113 14836
14861 8912
13066 7655
13632 2448
23908 6643
3116 25557
10242 25237
13985 19160
10241 3571
21795 5093
8353 3463
12266 5387
5002 15272
22506 10291
15541 13321
2200 3957
27256 17562
2798 11741
14152 25243
3165 6804
24399 14809
24209 10103
12211 15183
26601 8684
4264 27935
18232 3930
1966 2963
19218 5165
18403 26464
18406 22481
10802 9969
21955 27080
4006 23092
13462 22836
11587 19770
21802 1322
24586 7046
13859 27392
23628 10742
1686 4861
10239 23304
11523 8134
18938 11657
16627 12985
6972 16826
5071 1605
21520 22190
15801 9793
7349 8526
27764 26873
3547 5698
11473 1019
27702 13252
18228 14818
12045 18218
3765 24514
24990 18027
9129 8188
18813 3104
7411 3340
26452 26343
14062 26012
27695 4581
18382 3980
25148 392
20373 2021
20106 27210
22118 25591
21060 7284
18244 6493
861 26991
19956 13127
21556 12198
27180 22489
22724 20654
8764 21126
5912 2754
8955 19082
23027 19206
24983 8482
10125 26633
11136 2458
11503 715
201 2113
5945 6480
4695 21168
18558 14531
21540 26520
13133 4221
2281 3014
4649 27764
24281 27177
20748 26506
1005 10865
3007 4015
24449 1400
17383 15106
7050 1660
12328 5505
13758 14194
14866 23739
11171 12944
5158 967
12126 22388
10212 13981
23646 5663
25456 11599
18599 7036
19538 6133
2784 9011
1724 9171
5099 14615
24722 4871
20246 1136
1631 20290
22085 20218
2674 8054
8917 21211
14520 9671
21691 16348
13895 13501
15915 18045
13572 1999
8952 2875
7064 9168
24738 12551
16789 21059
3730 26123
11311 17230
14088 8165
3634 20669
9282 26286
22224 26046
22233 640
19436 25622
15946 23376
17267 11768
21861 15719
10107 17843
1489 25607
7226 15882
12952 11274
19639 16463
1796 12727
252 8862
6699 5893
9877 855
6922 10449
25145 19567
4497 7177
25041 961
8373 26565
9485 25512
10752 9206
3932 1920
254 26498
16299 15457
14112 17349
5758 11713
4234 25128
12459 19137
17452 7628
23058 5231
16393 3282
18309 8122
27308 21525
21891 7903
26418 8734
11606 17488
2362 26749
13012 25928
24316 24152
1387 1833
14295 25037
615 7190
15066 18865
2552 27739
10259 26129
18867 11627
14067 27500
18790 27697
13253 5693
23249 5771
20977 7752
13687 19416
9487 10421
3775 26418
13273 24187
684 22860
10643 11757
5632 19385
26258 925
20255 23051
15077 22956
27264 11524
22598 18601
11858 18469
2888 4657
14311 18452
27673 6169
3469 27417
14277 26556
19297 16130
13122 10128
17170 5753
2578 16071
12969 1244
10168 2958
24439 1841
11126 7623
7261 19716
10914 7170
25531 654
5510 15663
2503 6602
16728 26426
20750 4276
3737 11166
17387 23493
16711 5816
6354 26294
25436 27666
11449 1952
11505 719
23835 4841
26836 19223
21150 4642
26708 25375
4840 3635
7743 17246
4799 11957
8388 2377
6465 12242
5686 23087
19740 21697
5010 19203
24876 3311
21480 11029
2470 10572
5805 4472
25325 5162
20577 23998
16192 14316
15203 25948
18473 20948
24900 15965
18989 21273
14710 10397
22320 5709
18498 18415
21070 22727
20818 20111
20465 25789
10591 11693
20553 7316
10360 21809
4947 19299
14411 26689
2238 5746
15366 12399
20690 24052
9923 22561
26095 9651
9001 5824
19380 23883
1841 59
11533 23004
16625 18771
2432 12832
15131 27878
14809 25259
1233 18596
1865 1062
12083 5967
27254 19740
9407 10428
2515 26503
21125 20034
2959 7239
20153 20960
19467 18532
16616 3412
12599 16259
15163 4609
19017 10852
18164 24424
25947 2550
24213 7799
1345 11365
14737 10470
26537 5502
18733 20847
21360 2908
6169 23232
10536 21956
19825 11002
15586 14636
16429 374
4944 8691
2028 6871
3392 8177
26574 22714
27440 2222
11254 11485
23407 8411
2764 25790
16534 3541
21173 23607
5655 42
1283 1578
8119 12647
23188 14360
14399 24006
17173 13752
17130 13567
19983 16158
5202 12410
11925 11510
12218 17893
9270 12300
12695 3324
13395 27159
25378 15712
11088 25846
22247 18942
19592 21331
1716 24847
25862 22517
20673 7392
21211 5330
10966 14788
2160 2416
10804 26189
3097 27714
18284 1095
22230 9664
12667 658
9311 10444
8258 8557
23716 3432
27905 2432
21515 11201
19750 5575
4928 12304
10924 5273
2671 23986
19096 17926
21746 11074
4635 19466
11463 20108
10166 15819
22888 23086
21697 1016
12844 14134
4226 21419
23228 5407
2777 19901
10145 14228
12344 5148
21086 1755
25942 3319
10764 10850
26647 6736
4188 6226
23031 13412
27164 22846
22460 18158
17249 23660
3063 17699
21169 8693
21970 21647
13875 9225
16663 9746
11857 7784
598 3143
11882 1627
10121 12875
5907 18736
7019 18012
11198 27521
25106 16088
15935 5033
6292 1787
7424 11824
4508 126
5078 14012
2529 2872
9693 9652
27671 26998
25826 21694
3315 20483
25261 19668
17688 15740
27366 6543
24204 3179
17254 844
1237 5598
11036 20913
25111 9563
20252 2685
4295 15518
19571 27649
12345 3785
5055 10105
5317 25719
5926 13025
27242 15432
22704 16027
25268 21661
20472 2987
26511 21033
5425 17830
23632 12699
14342 6059
1432 12158
13464 12500
11938 12105
22164 6114
23580 1463
7784 8628
14556 14410
20008 15240
9337 8632
24655 7414
24529 27430
25684 8801
14711 18490
7668 2020
17499 4953
7838 22822
10141 21872
26497 3169
25703 21894
15369 11266
27365 26483
6358 17743
12054 13566
22227 24788
18692 19325
14438 7456
25213 18141
9234 27552
25498 12685
12514 26818
16480 17124
17284 13718
13719 17548
5311 22514
26768 15560
6544 7722
26256 15607
19814 2588
4536 12937
8193 27982
1710 23407
21011 1138
15748 16453
12164 18718
18172 16936
23312 26230
27719 18727
16906 22202
27892 20326
4086 4832
9341 3942
2749 24812
5254 14715
8939 5665
14724 5478
16822 6944
27232 26492
14336 6316
3006 4135
7276 1399
26762 13874
14783 2568
11456 22385
874 14267
13596 6617
1746 26954
12992 20553
16450 4846
12254 27333
7726 19499
12654 8451
2675 10478
12286 23826
7358 26456
924 2196
10443 2852
3247 12718
27499 18231
23420 13021
21298 18090
10987 10687
25932 9051
4786 17030
4509 15013
1256 406
9401 25774
27190 22952
15482 20417
22809 25615
27234 13750
4548 3688
24866 13581
23120 4904
15372 4857
14700 18567
20164 19094
173 24851
2597 3462
623 18439
8387 25545
7067 3310
27361 25748
4900 9375
17984 11268
17295 13465
13870 8656
3644 12552
25434 21457
7787 15912
9869 18745
3993 19955
1565 15501
7814 5643
13757 9025
26015 13205
20409 4714
14979 20259
2059 19945
3633 22309
27417 22730
16379 13164
19554 1271
17566 12970
539 10863
20708 7785
16888 1616
18844 24437
7928 15572
23546 12205
4705 663
9545 11072
14066 26785
52 26007
20147 9931
11562 10190
7883 9187
18700 27619
13651 16110
6138 3219
21771 7470
21897 4404
17154 24371
11817 14520
2218 25364
17238 27061
17829 10515
16634 8829
18159 23882
667 13657
12795 21154
15406 2926
1427 6159
20830 14475
12678 6927
12233 27000
8312 13343
24489 24280
533 15875
11702 24888
25839 16925
2214 12253
11299 26904
7902 1842
24018 25936
21532 2151
3397 10195
25281 23252
19068 16607
24091 13219
24795 4445
10896 25576
4372 27896
1453 17180
17892 18635
26658 949
21064 5694
5738 6317
27211 27294
22436 6578
15225 27427
22787 8176
15681 1084
20701 14957
5973 1657
26592 11809
4419 23090
2068 6525
23464 8978
25435 12071
14998 26985
1212 15212
9616 16552
6606 13008
1436 20822
25924 4060
6537 22321
1374 1002
10342 7928
10161 16017
16889 14618
13050 5820
26720 19231
17795 18067
15513 11461
8301 11281
1200 5359
24684 27449
21198 8476
6263 24542
9376 27226
11698 22573
25587 2962
1567 9342
21488 900
10877 12667
8953 5339
4079 27979
26193 18752
12060 25554
14319 7023
13108 7254
24357 21214
14410 7377
12670 22207
11110 6775
6122 8818
16260 21352
22678 13419
16303 16820
12038 25569
26126 25152
17016 22355
8740 292
26253 15536
2708 4336
23826 5676
13911 19699
2587 26243
14111 7333
19742 8271
5914 19935
17875 26382
9627 10010
10526 23356
2624 23245
10746 21062
21658 9024
9688 13888
10044 12337
19747 27905
23517 11427
13963 8258
5461 7151
22603 15293
14546 9901
11520 22191
14652 17061
1388 27012
23817 20435
11553 13014
20148 19153
14253 3353
8997 241
25936 16762
1880 21705
2459 27633
21994 27505
20891 12263
13311 18398
11905 21213
16813 19457
26251 19958
24573 9263
22263 9781
4679 22427
27810 3543
19909 15786
22220 2092
25603 11020
1141 9060
2204 20992
7734 10655
25511 9073
21141 8558
12004 21500
11867 23302
12546 21348
18588 9791
1062 6173
19828 4913
5028 16951
22252 7875
14744 1861
12156 26292
12191 26544
14548 13242
25005 21645
2520 10473
18807 22308
4512 23636
17350 835
12025 21477
13043 16298
10302 9687
21285 8501
9133 13716
8180 13258
850 12723
24107 24142
6097 1158
16353 19105
16966 23203
12681 26740
18405 6224
3859 11245
8578 23808
25395 7287
8530 22490
23070 17519
14624 20917
7032 25720
20050 15589
9358 22016
22741 11748
16096 16624
6560 9837
4019 27703
4448 5571
27946 27547
2427 18293
14813 5936
5658 9627
23376 15427
14586 4193
2877 24279
26559 23763
22346 26488
27707 18319
10473 25000
21884 10999
11385 21445
23251 2927
2128 7283
18023 11642
17766 7319
9515 24387
9829 10063
27898 13779
5162 25825
23325 10857
22945 12180
20897 8539
5705 19188
26008 9636
11846 15197
16671 27893
6586 3860
4551 15419
25899 1759
16189 20788
862 19123
18155 19016
18753 20338
12089 2334
26335 15474
18077 6375
4253 3927
20053 22306
2826 12507
2155 17362
23493 13537
23556 1772
15685 27992
17226 4941
25204 4502
13417 6564
26980 11229
18839 13409
2417 18659
4107 4694
10389 10368
21049 23452
2431 5910
14745 25525
15265 2649
22286 15978
16953 10900
11290 20678
4206 5795
27167 20792
25568 1901
18066 155
20965 14813
19261 8963
5963 6862
25159 24943
4229 5525
14177 18884
1816 25051
27244 5192
4069 16043
16978 25730
5015 25021
9966 25551
5396 2885
5308 4241
10573 14212
23244 20759
7389 14059
11339 15644
17004 12561
9308 153
27720 1237
2585 17491
8212 6535
6433 23943
20810 12226
8994 10559
4102 24801
20481 27304
20134 17401
17482 6245
3062 588
16469 22176
5526 136
19393 20536
19027 24039
5053 8154
5610 7415
21586 22726
20463 11284
23614 10227
19830 4225
11064 3366
27609 16494
18469 19290
1350 10031
27042 5473
930 2140
2662 26996
1490 9772
21020 9530
25265 14940
18900 23850
8673 17049
21337 19542
6908 17175
25132 11071
18748 14211
20939 22505
993 4385
16320 11231
20551 16063
9492 11772
21035 6175
15826 5403
26369 26608
26456 627
22446 7351
9747 23828
14862 4300
2392 6921
22565 24055
1964 19324
5180 16536
14405 5538
13620 12013
15868 25957
15219 1225
6686 12295
11148 20983
4708 8382
10243 25273
10464 17523
24059 20419
11318 1593
4285 1572
24926 21692
16875 21417
3480 27398
10457 647
7922 1581
15286 22602
4015 3795
8765 14560
14733 12461
4617 4050
3173 17934
1659 8282
9510 15546
12588 22999
20165 5018
13702 6734
8136 22781
5234 22471
26657 20655
10730 9867
18930 13792
23630 21682
10248 3309
6221 21709
5222 17050
16328 8847
16867 20408
15297 19846
16344 4495
10111 13725
16298 27219
760 3438
2951 16764
12886 23553
16563 20241
7889 3858
19116 9264
11564 3736
1595 25716
1657 3483
9220 16310
16217 6510
19580 19956
21439 6546
22038 25493
15421 8618
9364 27247
17587 17143
268 6609
27761 11729
3523 13427
14121 5256
4389 1292
23839 17962
25031 16265
13214 6806
11992 22552
1483 15751
13127 10834
1677 7685
18687 90
18410 418
6379 22009
11880 2917
9457 3619
2410 27369
12660 21923
16524 16191
14758 4888
25048 2952
18018 25544
9166 16768
27044 2460
22296 23711
20023 3320
3894 8386
4217 21114
3169 7575
12908 9701
12229 8655
26048 15214
11112 1642
18280 3271
11981 26647
24739 5725
4728 1293
6523 27927
16683 9522
13153 11804
16387 26267
1485 22177
1276 10247
4491 13960
23383 24201
26345 3798
15524 3113
17018 27894
14975 24845
4881 1504
19866 317
16893 27919
10747 4535
20090 21737
10438 21208
12877 10770
20202 11716
24227 14344
27611 20376
9806 8792
19456 24022
11023 3046
16624 12211
27142 26705
16703 5993
17444 3731
16052 13133
23224 13116
18446 8908
9824 27385
15562 12640
26731 22607
546 27875
12071 15672
10855 26212
