20953 23224
3649 18446
820 9824
9013 15562
8025 546
7315 12071
4573 10855
3359 22080
22175 3592
17871 13650
2849 19127
19350 10082
13826 23768
1042 22546
977 20620
3071 874
7165 19560
7624 15552
16560 8701
19727 21483
870 18956
18391 18928
6516 7457
23463 23639
21296 1683
22982 19121
17857 15744
13747 5588
7224 17179
14720 20612
19310 23632
9116 20308
213 12459
5232 4843
22877 22307
13849 7937
11150 1035
9106 18762
5095 22955
7056 3602
11030 6252
3350 621
3040 14452
12450 10280
3170 13723
11764 4963
11271 13532
19783 22627
8668 6682
1424 13448
23912 16444
15055 20037
17572 15454
4091 23836
12404 2041
2583 23127
18090 4525
9607 16997
20600 6795
20268 18380
11851 10652
18919 21700
6301 15676
23088 17219
2280 12348
1502 10282
21669 5675
7468 15063
9483 17470
2615 11218
7629 17901
3310 11610
12456 22147
9109 23624
14858 21080
20831 22719
11955 8663
5330 19991
12131 15866
11642 6301
6866 8078
21961 9143
8749 18288
22998 9782
22399 7369
21235 9753
2340 9471
19961 23099
20807 6793
5608 22618
17503 23102
23893 16024
8022 10389
5355 15723
15148 11430
12434 18367
8846 23648
20972 8961
22550 9431
18251 3994
7197 18792
22434 22172
10627 17800
1833 12442
7506 12929
1052 11310
10337 4800
13146 9518
8774 1379
2169 9426
6914 23401
18586 2590
23525 11350
10312 14496
6968 21495
21478 8404
16359 15699
12965 7012
21065 6622
15036 17649
4682 8885
8680 18417
4576 22813
8082 8901
18395 4499
17662 3580
8610 20175
19156 19230
14039 7841
19122 7945
13088 1664
11862 21950
7187 17402
4533 7395
16697 20905
16172 7630
2979 1721
1544 3284
3593 13544
5009 10824
20561 23507
5243 15480
22299 3295
13834 22322
19544 4505
2082 170
12609 18034
12505 5176
19527 13334
15338 21394
17339 15588
8239 15646
18129 21317
377 6536
22292 9413
23617 10525
3754 9353
22339 21165
17596 1939
8744 2932
21004 21375
11147 18814
3656 7610
9618 17536
14247 23696
5183 1223
14868 5737
107 13694
23662 5761
23583 1191
8631 13009
16404 16233
5855 6106
16636 9486
3487 1228
20490 304
9780 9778
20938 18611
19955 19752
6518 3517
12253 10979
5294 9325
17675 14889
17379 21015
19 17803
19627 17181
10622 16185
16011 4398
639 16523
3666 15337
11895 8941
10077 6319
7847 3692
1899 10836
7893 5325
18592 23958
2581 15038
2807 21244
23984 8431
15925 23548
2268 6102
17456 462
4121 11047
4208 9668
21619 18606
15575 22099
18016 6330
5411 5751
8686 20020
17291 20930
19877 13288
13866 14015
6941 16885
17672 10746
23919 2843
22606 13135
6592 21931
23362 3126
10215 6055
13075 4608
22010 10604
12237 8129
14356 224
16960 8546
14795 12569
3966 7718
8124 14639
7363 8749
2099 10802
11079 9895
690 19087
19278 23688
18151 18773
7541 375
19283 8571
7217 21420
236 11782
2327 22701
23195 7744
20680 2036
1930 21883
7502 3874
2209 15251
1030 10054
10828 5234
2322 13285
16848 22482
7799 16467
9126 23055
21922 10191
15907 22620
7021 3848
17670 12044
4336 20141
23703 7237
18712 7181
18882 4377
15489 15670
7963 5020
15499 14909
13339 19849
6240 12243
3091 13627
3177 23002
21594 17998
14125 15429
11610 17614
13880 21762
13471 7157
15304 8109
23891 22294
1776 19524
22065 2683
21413 17220
21175 14640
3225 17308
1987 23062
13194 11855
23863 2560
11119 18487
3581 3677
8148 2024
6279 17946
6233 16564
17574 6625
14701 18767
4594 17586
13825 4911
6013 5392
9128 10752
15160 17051
8186 14479
2471 3809
14521 22292
18034 6731
3209 23492
1658 19109
21370 16018
17714 2980
484 16724
3057 14598
7746 1824
5450 14859
13318 4324
15914 16819
15774 13613
7005 14969
13142 18479
1922 1892
5395 18311
12419 15152
71 22046
12794 10099
8691 23701
14910 714
9348 12975
13862 8339
22826 99
23938 7141
18212 18951
21689 2394
23541 1485
15948 13884
5073 11290
6223 22951
9723 2090
7134 17733
1917 1975
18979 2262
17767 15469
1998 1040
10277 9408
1874 13398
1644 5898
19143 4438
15624 21022
16478 23898
17404 13775
5159 12271
1864 12534
16641 14698
2626 12370
6090 12310
2246 2630
19499 22372
2227 21686
22126 17672
7708 4358
13231 21416
3929 11396
18668 3888
8068 5849
18971 17605
19482 12880
1303 17330
20296 4173
2687 23851
13738 7298
21541 114
19126 745
18522 9777
17131 15172
10367 22070
8545 23564
6694 17841
21946 13898
23469 17431
10296 12429
7822 7526
8704 8111
12970 15094
4289 11343
21152 5084
9831 9033
14983 6177
10361 23758
2378 3698
306 1056
15018 21634
20355 13738
18449 20150
3277 513
2401 7887
17618 6753
6985 2205
16577 3307
4341 19463
11437 1101
2255 14629
8005 19589
12109 22021
9339 23046
5170 1596
14359 8020
17801 1450
23054 13182
9913 14384
20044 7679
21430 17687
17333 7120
257 1850
21885 4592
18174 16512
9811 9479
21738 7674
3395 23971
4401 18878
8667 10450
3783 18923
3508 19593
5094 22038
8925 10508
9233 7763
19820 9889
6902 4695
23515 17081
11236 7244
6672 13552
22528 9847
20783 9017
8651 1998
16562 18243
16009 19388
8229 5739
1665 20513
3025 22242
20785 13999
9067 18215
1445 16241
117 1537
10930 11286
4287 21081
20877 21999
8584 12490
5295 17186
14479 10445
18078 22817
23124 13643
14015 13378
18380 4890
317 9827
2466 12336
22644 6026
4885 17627
17878 15517
1181 7897
12099 7385
19088 9855
18106 23186
4853 4731
14084 15173
4177 1889
1371 18429
10102 13523
11949 13649
1308 18262
11725 17367
6884 4394
22350 12728
8177 7958
21855 8356
3369 6663
11590 10823
18347 21192
13317 2591
20338 14739
5065 12160
7758 3030
5325 17552
5802 23744
13511 6242
813 1689
5878 8797
10886 12360
13492 22075
21952 19824
8132 19757
8743 1296
5217 2385
22980 6166
3543 19254
12536 23735
1269 22003
15424 18313
7289 7112
6540 15709
15084 6845
11458 10911
10001 9935
7458 503
7305 6941
776 6227
21628 3845
6329 15694
13057 7950
10757 22795
9130 19806
2275 6702
9147 12997
11507 7843
21021 18091
16693 10539
13097 9276
22267 12474
17571 15279
10852 17487
905 21258
3780 11773
8560 10107
5852 11785
19025 16804
8699 16295
1254 15271
3553 3232
19549 23673
14240 15385
11328 10494
23873 6657
10279 12148
14300 10254
19865 13564
16759 1499
3790 18433
12623 7251
18894 4782
6229 532
8347 18131
1455 19138
23226 18978
14289 23594
56 13684
17037 9673
17644 4995
22507 6429
23575 10810
21976 7538
6457 12447
11935 18671
14133 8053
2293 16362
21766 18044
10820 21451
20420 22442
10287 11062
4084 8433
23585 16012
9841 23710
16618 21028
10135 16076
21853 15101
13383 5513
10689 11541
13186 5547
22847 4587
9689 23604
18167 17910
4171 16002
6287 6031
13778 17765
21789 21031
12424 1925
22195 17169
5703 1109
20170 2436
18649 21897
9862 1590
13307 210
17955 13514
14 4506
9958 20667
9402 7584
6888 2228
14087 23173
19005 4949
19880 300
21454 7168
10560 16572
15237 14943
14477 12230
14489 1981
22139 20246
7003 20898
16751 21849
15506 20203
5561 15834
21590 21604
2779 15987
9300 516
16891 217
21754 17440
20741 18077
20292 13479
10984 389
3061 549
7697 17348
22047 23665
10172 9003
7362 17556
6526 9395
4829 562
801 16457
1515 22868
8024 22087
15570 14110
20031 5875
2387 3507
14924 3157
13581 17184
20637 4880
18864 6290
6372 20309
23539 17251
22819 8272
12583 11615
16200 8760
13096 13006
7995 12225
4836 13305
21498 15041
22533 18514
182 7970
3493 22848
13932 7401
7171 9830
5764 22415
22804 2642
16973 21422
15223 21296
1646 1039
18266 3064
8166 13281
3977 12428
14958 18111
4370 15598
15226 1839
21876 20865
17405 310
18315 23031
19512 5616
10398 2710
14503 16380
20076 14219
23570 21133
16541 10856
13984 18542
17953 3125
14612 17307
5216 1395
15555 7529
14748 6928
8494 22685
8102 18573
20895 15582
9087 8884
17082 1526
15880 2437
20538 22428
7840 9188
8999 17795
14414 18466
2539 21565
23382 1079
9363 5878
7684 10306
8904 514
11006 6789
10477 19236
17700 4725
2641 23355
4535 13052
4943 2522
7578 9807
12552 5324
22740 18480
5008 7880
23148 18570
7011 12752
2105 22186
13595 17714
13357 10871
10843 12578
17781 4586
15268 22588
13625 23730
2041 2570
6778 16410
13768 11334
12763 1760
19140 3201
22791 14323
641 7607
18865 2491
12465 11161
15630 19831
194 20116
11527 19517
9785 13000
12780 10695
13731 971
17637 20779
17896 8957
19768 14764
7227 16077
15999 7476
7191 11660
8944 18122
14282 12302
952 14151
12743 6087
11015 22273
21918 19198
22255 21649
13249 12455
23730 2809
5409 20271
15316 9679
4183 8076
20391 23368
884 2409
12912 2689
19396 8781
18494 5054
21726 12452
889 23321
2751 20772
21062 5056
14045 12768
4447 10377
15129 11820
5955 3492
1648 2999
8525 171
12423 10102
10727 14574
6936 11794
14900 8840
10711 3350
11060 4342
9118 2861
13814 6141
8267 14123
2684 14708
15412 18252
636 18178
17676 16792
1707 13371
11468 3385
7348 861
21304 2937
2249 11598
21357 18161
1320 3050
1017 19561
8103 19597
6533 10631
668 12624
20360 405
4994 9564
7817 13560
4137 12708
15518 2776
21937 23752
3749 18335
18481 7955
7143 18742
15239 17076
22921 5557
8397 22457
12088 12476
5499 5555
19854 4550
19899 8812
23540 9868
5367 8796
10193 16159
18963 2074
842 5480
10223 14244
18868 9043
22196 13799
12299 9823
12998 15868
23430 2521
6499 11834
2491 8248
19402 8081
22631 23623
20554 20482
7958 16247
3340 19458
22846 20208
9883 6408
22422 15004
19675 3506
3967 4440
18545 9984
1346 222
11378 12967
17457 10887
14038 20323
21677 12449
12143 10799
2260 14426
16580 10969
21219 14111
11182 21334
415 19478
13765 4461
16063 9845
3459 19767
14206 22784
11869 6582
20827 15697
15065 10296
23178 5821
5014 13050
14271 10458
5772 9551
17097 22773
21315 20739
8851 16090
20183 18871
17635 7944
15844 10679
15233 12323
14273 9185
23955 12876
19415 11961
8795 3732
10562 18477
8045 6548
2840 19407
9140 17880
14772 5896
7991 22339
15228 18026
18673 882
20000 23830
21896 15127
11024 23212
941 6870
16198 14368
10651 9547
5959 22703
15977 2267
6951 13407
11627 22053
8466 4561
11153 20754
9164 9924
19535 7931
22977 8280
9053 21584
18213 5051
333 23437
16929 13866
6261 12354
2806 2424
7909 14716
23596 19594
16010 15704
18193 19079
7875 13134
22630 17511
15601 16601
21165 22666
23326 13707
16084 17815
14686 1205
566 22992
3050 17594
9642 19459
7262 20912
13252 2785
22669 3584
7973 8135
10034 21549
21757 21781
19057 11633
12093 5451
15508 21201
18137 20077
17398 1452
11265 18456
13943 21137
18036 22200
10840 21193
11529 13095
23032 10866
14869 14106
8878 3472
10048 346
8238 8479
7555 7275
3954 16734
23636 17000
6311 18285
10340 19023
3918 22534
17560 18850
22616 7243
6067 14608
6277 12260
7091 12817
15867 15174
9061 22268
23744 19287
19320 22625
17192 16400
19556 4940
9274 11304
3295 805
6361 15820
9708 3426
7455 9681
11826 13631
5880 2814
9905 3804
464 23926
23201 4643
4148 11415
8989 10221
1492 11242
1787 14921
18133 6779
9573 15825
22853 11414
4138 15603
20902 3199
16086 14358
3362 23659
402 22832
18811 14826
9318 10451
15382 2202
15687 9840
14434 1465
11165 23291
6042 3772
1684 741
8274 21233
15655 22189
3739 5386
2142 7993
13131 16909
16114 5717
2428 18085
18908 5248
20626 10846
22494 18346
1757 13972
4972 15141
4889 7598
18444 13273
9957 20636
2792 6045
8133 6108
3882 20988
18287 21539
13638 14161
19868 12963
19534 957
20265 20124
7396 6466
17124 14732
14763 19406
14508 14076
9744 12742
19285 146
14052 23093
10007 7039
18633 6744
20350 9121
1974 23061
19977 2051
3252 18919
6809 3335
20497 17593
6915 6127
8672 11987
21641 10682
2661 6458
5147 14994
7860 3735
5696 8597
18088 21978
2460 16040
5130 17293
88 20943
13387 10270
22590 19562
19459 12735
15399 20032
9544 12863
1070 19235
7586 3744
9441 11401
23166 11534
9265 20230
23036 5654
14878 22073
2333 23134
22525 9747
7649 20136
8669 19339
20482 2778
19327 22024
21666 4390
6483 10263
13931 3863
3761 7818
17845 10007
7367 3833
21222 5999
4883 12233
8705 22723
4661 4633
1955 16739
5437 12730
10080 13705
18652 19544
9458 4518
14391 18836
4075 12574
15359 13863
22567 15948
9965 20825
22929 17609
13190 21144
8921 5677
16400 18184
17695 5468
16181 16045
14345 9465
2636 4598
19597 6131
1307 10309
14157 14779
8205 20297
848 1757
2993 11765
22096 315
18849 15880
19239 4474
680 6394
22030 12582
8832 18402
18883 16563
1319 21400
5741 16220
15418 22437
17006 16113
21349 13620
14491 23270
9115 14545
5948 16014
19181 5481
14284 2709
20801 18527
16113 1012
2990 7227
15402 9572
11402 1072
13381 9007
10922 7368
10521 17617
21959 9460
3428 5512
5270 14986
10808 18536
13489 16231
22731 18014
16236 3710
9445 3743
21712 8779
13123 17797
18026 12022
1203 17762
14904 1364
2886 23560
10307 14463
8271 17903
10594 7162
3799 13932
13245 3356
16863 8112
38 9756
21551 1057
17780 14737
15139 8612
13542 11423
1777 2851
6147 14388
16989 3847
11855 7765
20403 6878
16335 19266
20494 22582
14485 11490
1692 23290
6671 19998
8751 20735
17997 14031
4294 5439
9439 20191
14357 4563
22881 6771
15884 6782
3979 1946
946 18681
20645 11496
19952 17442
7842 9211
23259 19558
5190 17655
10183 5518
18050 10606
449 23071
18097 9590
13370 9481
3055 18768
3718 8761
15121 16857
3850 22260
21225 3121
5046 4443
16331 13488
23482 1943
9564 9088
16675 21493
23115 4158
8960 22985
13615 4349
15811 8182
15474 4793
7987 23311
14968 10555
18064 22159
4740 12869
12570 16039
6246 4659
19641 18922
16655 20723
4474 8806
2288 20573
13597 13574
11138 12294
16638 14811
8755 2475
85 20763
9269 3051
23792 13201
9784 16896
19233 9117
19003 22765
21625 12094
16045 14900
4870 15993
14633 10725
17649 19070
15871 82
11310 3053
10894 23952
18086 15023
17808 20803
12361 21763
14921 22849
10545 11739
6182 2076
22856 17513
7826 13033
18737 7138
12550 14079
7654 6942
13461 16211
1431 8800
10427 10580
23109 9293
12493 11068
12652 17935
21748 18938
21366 4280
4985 18552
16231 15904
1214 11264
16460 22366
19340 1587
10879 1506
3289 3263
14428 20519
3268 15060
17235 534
14973 4072
503 5177
23674 14461
4724 14960
13435 23
21456 14019
5059 6630
2452 22564
15385 4323
8685 21300
11094 9892
20423 5210
22699 8980
13025 3059
21294 21450
2632 11811
10767 8205
22098 2701
17486 12185
12453 21775
10377 21264
20539 5424
23551 1697
15990 12988
17729 20500
1177 10011
20233 23790
2243 22920
7693 7673
20682 14066
22427 21479
9417 2989
2962 23059
14221 3119
3226 36
20767 6994
23066 15625
3294 2554
14539 19454
5452 7412
22742 17022
9813 22282
949 14584
1508 305
10630 265
1839 22794
9614 11259
11747 3952
12283 13839
14113 22743
4771 4332
8002 15654
17406 2321
13503 7503
22342 12553
5901 2928
5571 23946
5737 3357
2588 3382
19972 10268
20307 12045
22385 9806
7892 4494
16308 12542
19109 4363
4690 21024
7609 4682
15111 2242
20903 17384
8323 18458
15060 278
8367 19999
21852 5378
308 14422
15246 11508
9426 6982
22204 20581
17911 4961
5177 13491
2421 20188
14475 22498
11324 14497
19254 7119
9803 2841
20937 3293
13904 4588
22621 4036
8196 19320
14970 23921
9900 12584
6528 11520
12606 14071
15834 4582
3495 8120
7773 9076
12497 21123
18741 2761
11763 8132
18836 18134
9696 19694
22914 19662
9675 19910
719 9337
21569 22626
8995 879
266 21575
22473 9885
1608 6733
19871 16966
16277 19888
9379 16697
19893 6182
11545 12837
7177 9685
20861 21174
6231 1789
20346 16217
8213 12645
22209 3695
23624 7900
21601 16371
22311 20909
4482 19462
20587 2327
3184 17311
21180 396
1292 11833
10124 10371
14445 4325
1094 12676
18992 18625
11956 13791
23998 11974
4307 17904
2954 22379
9671 5662
10706 15435
13616 2392
5756 547
6580 19247
4331 2213
11989 452
17395 8592
16443 7070
8931 1306
5392 1982
8421 13041
15790 9388
9672 20598
11100 23352
3774 16419
15347 13880
2468 22997
4613 20990
7393 17583
22162 17618
23732 20187
22099 5004
13023 9093
18263 2740
11986 10156
2960 16755
12930 6659
457 5092
8666 17577
17583 10707
4050 12804
14903 19217
12078 20785
22048 21294
22032 22317
8591 21075
19155 2167
12486 10164
20924 22895
12173 14336
3551 23920
22114 7820
7662 1898
15450 8012
821 2826
20302 14238
18397 3801
10749 14857
19992 20064
7254 19951
21223 1804
2072 10135
20821 21827
15214 21564
22973 5756
9903 3914
21275 416
13380 23197
3824 4497
4581 22987
1486 372
1220 5369
9974 16267
16143 11361
3806 17138
3185 16949
7694 23619
17615 8496
4446 5472
12736 12186
14865 4160
12158 8807
21971 3869
22823 962
17702 10978
13734 14069
19246 8913
23810 17166
5064 2093
21461 8617
3245 23342
16035 18896
20174 20563
13374 2526
9167 16258
1073 14916
22620 16738
12142 11801
7120 1817
14529 16372
14572 18576
7737 5469
11885 12049
3256 5155
22469 8360
12037 3372
17842 18806
21130 22090
11754 23685
1985 3780
13047 7485
9041 16674
6220 85
4003 1444
14901 403
3004 8014
21718 1507
21028 15459
20955 11927
19568 12550
700 4918
10929 5865
7982 1159
4127 18117
18501 23398
6725 21487
18161 13742
6789 7357
19215 10545
7077 8136
7635 13640
19530 23603
93 10484
9086 8889
4742 2553
4260 18729
8214 12217
5718 3913
3603 16451
21662 22064
845 1726
4319 5877
487 7314
11739 16901
7797 1505
19296 13138
10610 2259
518 15241
5710 9251
8696 10181
1718 2831
4154 18124
13795 14967
17239 262
3725 12089
2083 6576
15606 9555
14690 18475
11864 9959
16818 20406
19454 7949
3574 15202
14812 12068
16510 19389
7260 16167
20156 6404
1421 8033
23831 4934
21591 209
17087 13437
9884 784
15010 7635
21081 17746
1021 11352
1994 20839
15696 22724
13161 48
13969 12330
22483 10077
3538 3407
16066 6724
23344 17361
14535 7805
2409 13757
2648 16123
10555 1963
19933 4666
4861 23320
2153 9170
4136 3049
9012 1439
20458 7585
20745 17032
19182 13536
17969 22966
23336 12206
10656 2783
12482 19031
19576 3132
17386 16562
9664 4375
16566 20881
19839 12923
14097 2453
3250 19396
22996 18607
3750 14254
21330 21707
18067 4284
23621 7759
7046 9558
14093 8553
14797 10323
7488 12877
13560 22962
11107 10691
14861 10423
13066 14836
13632 8912
23908 7655
3116 2448
10242 6643
13985 19160
10241 3571
21795 5093
8353 3463
12266 5387
5002 15272
22506 10291
15541 13321
2200 3957
2798 17562
14152 11741
3165 6804
12211 14809
4264 10103
18232 15183
1966 8684
19218 3930
18403 2963
18406 5165
10802 22481
21955 9969
4006 23092
13462 22836
11587 19770
21802 1322
13859 7046
23628 10742
1686 4861
10239 23304
11523 8134
18938 11657
16627 12985
6972 16826
5071 1605
21520 22190
15801 9793
7349 8526
3547 5698
11473 1019
18228 13252
12045 14818
3765 18218
9129 18027
18813 8188
7411 3104
14062 3340
18382 4581
20373 3980
20106 392
22118 2021
21060 7284
18244 6493
861 13127
19956 12198
21556 22489
22724 20654
8764 21126
5912 2754
8955 19082
23027 19206
10125 8482
11136 2458
11503 715
201 2113
5945 6480
4695 21168
18558 14531
21540 4221
13133 3014
2281 10865
4649 4015
20748 1400
1005 15106
3007 1660
17383 5505
7050 14194
12328 23739
13758 12944
14866 967
11171 22388
5158 13981
12126 5663
10212 11599
23646 7036
18599 6133
19538 9011
2784 9171
1724 14615
5099 4871
20246 1136
1631 20290
22085 20218
2674 8054
8917 21211
14520 9671
21691 16348
13895 13501
15915 18045
13572 1999
8952 2875
7064 9168
16789 12551
3730 21059
11311 17230
14088 8165
3634 20669
9282 640
22224 23376
22233 11768
19436 15719
15946 17843
17267 15882
21861 11274
10107 16463
1489 12727
7226 8862
12952 5893
19639 855
1796 10449
252 19567
6699 7177
9877 961
6922 9206
4497 1920
8373 15457
9485 17349
10752 11713
3932 19137
254 7628
16299 5231
14112 3282
5758 8122
4234 21525
12459 7903
17452 8734
23058 17488
16393 1833
18309 7190
21891 18865
11606 11627
2362 5693
13012 5771
1387 7752
14295 19416
615 10421
15066 22860
2552 11757
10259 19385
18867 925
14067 23051
18790 22956
13253 11524
23249 18601
20977 18469
13687 4657
9487 18452
3775 6169
13273 16130
684 10128
10643 5753
5632 16071
20255 1244
15077 2958
22598 1841
11858 7623
2888 19716
14311 7170
3469 654
14277 15663
19297 6602
13122 4276
17170 11166
2578 23493
12969 5816
10168 1952
11126 719
7261 4841
10914 19223
5510 4642
2503 3635
16728 17246
20750 11957
3737 2377
17387 12242
16711 23087
6354 21697
11449 19203
11505 3311
23835 11029
21150 10572
4840 4472
7743 5162
4799 23998
8388 14316
6465 20948
5686 15965
19740 21273
5010 10397
21480 5709
2470 18415
5805 22727
20577 20111
16192 11693
15203 7316
18473 21809
18989 19299
14710 5746
22320 12399
18498 22561
21070 9651
20818 5824
20465 23883
10591 59
20553 23004
10360 18771
4947 12832
14411 18596
2238 1062
15366 5967
20690 19740
9923 10428
9001 20034
19380 7239
1841 20960
11533 18532
16625 3412
2432 16259
15131 4609
14809 10852
1233 2550
1865 7799
12083 11365
9407 10470
2515 5502
21125 20847
2959 2908
20153 23232
19467 21956
16616 11002
12599 14636
15163 374
19017 8691
18164 6871
1345 8177
14737 22714
18733 2222
21360 11485
6169 8411
10536 3541
19825 23607
15586 42
16429 1578
4944 12647
2028 14360
3392 13752
11254 13567
23407 16158
2764 12410
16534 11510
21173 17893
5655 12300
1283 3324
8119 15712
23188 18942
14399 21331
17173 22517
17130 7392
19983 5330
5202 14788
11925 2416
12218 1095
9270 9664
12695 658
13395 10444
11088 8557
22247 3432
19592 2432
1716 11201
20673 5575
21211 12304
10966 5273
2160 23986
10804 17926
3097 11074
18284 19466
22230 20108
12667 15819
9311 23086
8258 1016
23716 14134
21515 21419
19750 5407
4928 19901
10924 14228
2671 5148
19096 1755
21746 3319
4635 10850
11463 6736
10166 6226
22888 13412
21697 22846
12844 18158
4226 23660
23228 17699
2777 8693
10145 21647
12344 9225
21086 9746
10764 7784
4188 3143
23031 1627
22460 12875
17249 18736
3063 18012
21169 16088
21970 5033
13875 1787
16663 11824
11857 126
598 14012
11882 2872
10121 9652
5907 21694
7019 20483
11198 19668
15935 15740
6292 6543
7424 3179
4508 844
5078 5598
2529 20913
9693 9563
3315 2685
17688 15518
17254 3785
1237 10105
11036 13025
20252 15432
4295 16027
19571 21661
12345 2987
5055 21033
5317 17830
5926 12699
22704 6059
20472 12158
5425 12500
23632 12105
14342 6114
1432 1463
13464 8628
11938 14410
22164 15240
23580 8632
7784 7414
14556 8801
20008 18490
9337 2020
14711 4953
7668 22822
17499 21872
7838 3169
10141 21894
15369 11266
6358 17743
12054 13566
22227 19325
18692 7456
14438 18141
9234 12685
12514 17124
16480 13718
17284 17548
13719 22514
5311 15560
6544 7722
19814 15607
4536 2588
8193 12937
1710 23407
21011 1138
15748 16453
12164 18718
18172 16936
23312 18727
16906 22202
4086 20326
9341 4832
2749 3942
5254 14715
8939 5665
14724 5478
16822 6944
14336 6316
3006 4135
7276 1399
14783 13874
11456 2568
874 22385
13596 14267
1746 6617
12992 20553
16450 4846
12254 19499
7726 8451
12654 10478
2675 23826
12286 2196
7358 2852
924 12718
10443 18231
3247 13021
23420 18090
21298 10687
10987 9051
4786 17030
4509 15013
1256 406
9401 22952
15482 20417
22809 13750
4548 3688
23120 13581
15372 4904
14700 4857
20164 18567
173 19094
2597 3462
623 18439
8387 3310
7067 9375
4900 11268
17984 13465
17295 8656
13870 12552
3644 21457
7787 15912
9869 18745
3993 19955
1565 15501
7814 5643
13757 9025
20409 13205
14979 4714
2059 20259
3633 19945
16379 22309
19554 22730
17566 13164
539 1271
20708 12970
16888 10863
18844 7785
7928 1616
23546 15572
4705 12205
9545 663
14066 11072
52 9931
20147 10190
11562 9187
7883 16110
18700 3219
13651 7470
6138 4404
21771 14520
21897 10515
17154 8829
11817 23882
2218 13657
17238 21154
17829 2926
16634 6159
18159 14475
667 6927
12795 13343
15406 15875
1427 16925
20830 12253
12678 1842
12233 2151
8312 10195
533 23252
11702 16607
2214 13219
11299 4445
7902 17180
21532 18635
3397 949
19068 5694
10896 6317
4372 6578
1453 8176
17892 1084
21064 14957
5738 1657
22436 11809
15225 23090
22787 6525
15681 8978
20701 15212
5973 16552
4419 13008
2068 20822
23464 4060
14998 22321
1212 1002
9616 7928
6606 16017
1436 14618
6537 5820
1374 19231
10342 18067
10161 11461
16889 11281
13050 5359
17795 8476
15513 22573
8301 2962
1200 9342
21198 900
6263 12667
9376 5339
11698 18752
1567 7023
21488 7254
10877 21214
8953 7377
4079 22207
12060 6775
14319 8818
13108 21352
14410 13419
12670 16820
11110 22355
6122 292
16260 15536
22678 4336
16303 5676
12038 19699
17016 7333
8740 8271
2708 19935
23826 10010
13911 23356
2587 23245
14111 21062
19742 9024
5914 13888
17875 12337
9627 11427
10526 8258
2624 7151
10746 15293
21658 9901
9688 22191
10044 17061
19747 20435
23517 13014
13963 19153
5461 3353
22603 241
14546 16762
11520 21705
14652 12263
1388 18398
23817 21213
11553 19457
20148 19958
14253 9263
8997 9781
1880 22427
2459 3543
21994 15786
20891 2092
13311 11020
11905 9060
16813 20992
22263 10655
4679 9073
19909 8558
22220 21500
1141 23302
2204 21348
7734 9791
21141 6173
12004 4913
11867 16951
12546 7875
18588 1861
1062 13242
19828 21645
5028 10473
22252 22308
14744 23636
12156 835
12191 21477
14548 16298
2520 9687
18807 8501
4512 13716
17350 13258
12025 12723
13043 1158
10302 19105
21285 23203
9133 6224
8180 11245
850 23808
6097 7287
16353 22490
16966 17519
12681 20917
18405 15589
3859 22016
8578 11748
8530 16624
23070 9837
14624 5571
7032 18293
20050 5936
9358 9627
22741 15427
16096 4193
6560 23763
4019 18319
4448 10999
2427 21445
14813 2927
5658 7283
23376 11642
14586 7319
2877 10063
22346 13779
10473 10857
21884 12180
11385 8539
23251 19188
2128 9636
18023 15197
17766 3860
9515 15419
9829 1759
5162 20788
23325 19123
22945 19016
20897 20338
5705 2334
11846 15474
16671 6375
6586 3927
4551 22306
16189 12507
862 17362
18155 13537
18753 1772
12089 4941
18077 4502
4253 6564
20053 11229
2826 13409
2155 18659
23493 4694
23556 10368
15685 23452
17226 5910
13417 2649
18839 15978
2417 10900
4107 20678
10389 5795
21049 20792
2431 1901
14745 155
15265 14813
22286 8963
16953 6862
11290 5525
4206 18884
18066 5192
20965 16043
19261 2885
5963 4241
4229 14212
14177 20759
1816 14059
4069 15644
16978 12561
5015 153
9966 1237
5396 17491
5308 6535
10573 23943
23244 12226
7389 10559
11339 17401
17004 6245
9308 588
2585 22176
8212 136
6433 20536
20810 8154
8994 7415
4102 22726
20481 11284
20134 10227
17482 4225
3062 3366
16469 16494
5526 19290
19393 10031
19027 5473
5053 2140
5610 9772
21586 9530
20463 14940
23614 23850
19830 17049
11064 19542
18469 17175
1350 11071
930 14211
2662 22505
1490 4385
21020 11231
18900 16063
8673 11772
21337 6175
6908 5403
18748 627
20939 7351
993 23828
16320 4300
20551 6921
9492 19324
21035 16536
15826 5538
22446 12013
9747 1225
14862 12295
2392 20983
22565 8382
1964 17523
5180 20419
14405 1593
13620 1572
15868 21692
15219 21417
6686 647
11148 1581
4708 22602
10243 3795
10464 14560
11318 12461
4285 4050
16875 17934
3480 8282
10457 15546
7922 22999
15286 5018
4015 6734
8765 22781
14733 22471
4617 20655
3173 9867
1659 13792
9510 21682
12588 3309
20165 21709
13702 17050
8136 8847
5234 20408
10730 19846
18930 4495
23630 13725
10248 3438
6221 16764
5222 23553
16328 20241
16867 3858
15297 9264
16344 3736
10111 3483
16298 16310
760 6510
2951 19956
12886 6546
16563 8618
7889 17143
19116 6609
11564 11729
1595 13427
1657 5256
9220 1292
16217 17962
19580 16265
21439 6806
22038 22552
15421 15751
9364 10834
17587 7685
268 90
3523 418
14121 22009
4389 2917
23839 3619
13214 21923
11992 16191
1483 4888
13127 2952
1677 16768
18687 2460
18410 23711
6379 3320
11880 8386
9457 21114
2410 7575
12660 9701
16524 8655
14758 15214
18018 1642
9166 3271
22296 5725
20023 1293
3894 9522
4217 11804
3169 22177
12908 10247
12229 13960
11112 3798
18280 3113
11981 1504
4728 317
6523 4535
16683 21737
13153 21208
16387 10770
1485 11716
1276 14344
4491 20376
23383 8792
15524 3046
17018 12211
14975 5993
4881 3731
19866 13133
16893 13116
10747 8908
20090 12640
10438 22607
12877 15672
20202 13820
9806 21262
19456 5466
11023 3705
16624 4343
16703 23804
17444 1922
16052 5224
