14593 16229
3279 6257
36049 16352
32099 58817
29257 39055
18290 684
13435 59395
11396 44431
55303 30946
4166 30650
3906 45920
12281 39217
28658 37295
30496 18347
66238 49502
3479 32458
26063 13793
54988 42972
28894 67693
58879 25239
36464 47353
852 59548
20927 12844
55393 19210
44598 55797
36422 54009
20380 10741
28222 12092
44119 8152
13397 55691
12157 17048
49798 62424
12677 28153
47053 58480
45083 10234
34672 48405
5696 52790
60218 51745
16362 34563
49616 65383
10329 55499
38428 57683
47401 64166
25204 54647
9117 21345
6007 18920
29872 66295
37931 16663
10459 63540
30513 59994
13239 16959
49824 67265
36435 15475
59430 27872
47820 59695
21320 62044
48521 4274
46567 20558
27461 48410
34994 15567
9359 53559
22432 14462
32088 15843
21418 48443
60590 37958
49736 5280
35383 20094
28786 15433
42505 48689
7332 39968
30022 49082
4208 39749
41348 38533
52582 63692
35094 3668
8676 18727
27654 18631
41246 55281
27870 6377
65436 39999
51857 37157
60143 28257
18727 23997
34719 64068
18302 274
32326 16034
34439 45699
56156 8856
52351 5857
47448 54733
28747 63069
18132 40594
66785 59294
64687 44280
11916 49455
6176 62290
14372 17408
20034 18157
20970 66161
55334 60416
8327 58974
50433 58862
50020 19528
61349 42627
32954 11707
1505 53691
15015 50756
34974 30517
44588 51826
14622 44434
38470 6006
56986 58078
20731 36357
59471 11604
426 21708
34523 3252
65613 40482
23417 16225
66543 11162
13948 25222
39118 6931
66541 24825
26072 62369
20033 65882
49010 2447
21175 15766
75 23560
42488 2487
64043 36040
2553 26976
14663 32151
47577 58227
40307 11095
31386 42000
7593 52665
31572 5897
10323 64419
11227 3050
63700 44559
9072 57281
16484 23660
16829 54387
62297 3154
21644 41600
34742 50071
55462 33709
27761 11931
26366 15027
40858 13020
52297 22041
48945 37402
57423 18879
67840 23943
59178 33497
15861 11748
32494 20215
29452 40213
8393 53383
44314 22177
2758 7722
30162 42637
28865 23785
943 3562
9306 7668
7717 39063
30008 51111
8835 12943
4118 41949
43310 18673
9288 54110
67392 42496
31196 33808
36501 49220
63625 15856
28081 6800
17343 26550
61954 31408
31851 30998
61994 64616
53355 66667
24958 66116
12364 50470
12705 15084
56499 35297
46439 7948
55520 41725
53884 60926
61214 53357
7101 8580
12900 63462
7945 3789
52773 53412
44474 30637
14323 2441
32592 35280
25113 13306
24932 32286
58801 16459
18374 39927
55297 53314
24051 58456
36510 10999
60638 65593
32743 26668
9881 18661
58083 48930
12834 22045
6631 32134
1935 55543
12225 59211
30983 5478
21799 132
53270 60903
63654 37913
63093 21940
28017 72
52566 7888
7686 63202
21580 35823
49673 32885
283 49828
51174 46062
34761 27887
59639 66890
37389 36873
55445 5962
63789 21158
20290 9167
24891 39406
38891 11760
28535 51814
7666 16119
7990 18305
41105 36630
7493 56619
6573 27637
62494 66168
65910 41721
20636 44910
7456 34258
66563 59339
10501 35785
24357 32235
8982 42158
8908 44779
30829 27607
52924 60267
15714 43052
32272 2081
5210 17528
10746 269
54949 62460
41468 561
34180 1256
26773 22746
41181 54155
31286 64092
34815 51484
51877 10637
17155 10162
39322 4057
59930 58351
41442 16177
9509 46268
1221 49333
60069 46920
13105 50693
9603 23225
27939 1106
66308 16354
17362 60647
45746 48560
9017 25296
32019 58272
48435 1228
37354 29036
20677 2593
57434 36849
39652 46901
1026 25102
39241 11793
13578 39739
17602 28987
34665 30705
15130 64725
14030 47580
20375 4823
35698 36800
36931 64598
27608 27406
44943 936
26686 25702
34601 51916
66245 14542
64033 36353
32915 65579
6659 64752
12098 22345
55519 25398
36266 23007
5779 8567
465 16810
43720 8527
17147 16703
34336 34030
21179 29880
57913 35957
56058 25147
1268 3031
14664 33151
9863 59498
19537 257
4723 55983
48394 6798
19411 42337
56334 56695
16705 53331
5483 35919
40405 15954
47796 67934
5230 61157
46899 64956
27536 47379
32707 67798
13474 5698
46358 29432
53265 6156
20258 36430
31030 55059
21300 58834
23207 41451
54041 677
3249 51362
23510 25508
43541 43871
53965 10723
32528 3326
34971 29574
20867 55551
14169 9758
50141 32766
5076 25806
61695 21559
29155 43153
26159 40738
60333 8238
45831 12679
40002 3654
29832 62911
29220 56617
3102 3149
25314 43818
52228 32822
43026 32395
36518 14135
9100 62073
36586 31243
46026 44670
66769 7135
52387 43725
43405 31031
3618 9557
15119 57479
34238 12540
23406 58518
34796 16362
5015 11212
14209 7955
56960 4371
45310 49466
41115 41063
57200 8524
67034 16717
15158 8127
50489 57924
24915 7182
33387 39515
5818 56603
57155 8624
222 13347
25826 7313
47740 6843
56532 38656
9172 49999
43280 52650
41146 12561
16335 53885
39364 30555
66470 1391
40539 59430
53529 50322
42754 60845
52744 56113
38753 13275
16684 44515
25145 3405
55109 59517
49696 67793
22811 43018
39447 25229
53226 14157
54 13460
39830 1611
37607 8854
27550 25378
56347 16513
42238 66703
60947 33592
57906 46582
57955 55183
28011 63098
67001 58278
62022 24370
22242 31871
11115 18046
37197 5777
67562 7929
43934 16736
12241 40851
30785 57128
40688 67257
29445 46891
26101 40789
19314 19088
3202 19322
6058 61542
32093 40459
62278 44945
9546 38151
59693 48344
54322 1060
25486 67854
50329 18954
64800 7513
52384 31115
31980 66468
19343 7158
727 55321
13971 45065
55725 25613
28684 26264
23054 26380
67890 8966
60890 44768
6583 24820
32663 62355
15907 61264
59830 43404
17478 43996
60902 39274
41589 54880
58009 43073
66163 21271
55934 13743
58447 59547
20862 5531
62217 65003
58992 28758
33973 485
32407 29233
36348 30183
63518 61150
31359 27937
35993 31329
57655 63013
10156 43453
37451 49272
30736 26912
35615 52470
44021 24150
41905 882
10562 47556
18137 1297
19770 9665
30312 46909
50206 3935
20029 15099
28044 18665
8419 38087
54378 57726
53425 25481
43370 47175
61070 5755
54497 3891
8162 26100
27111 25930
55070 37238
51050 22826
2561 28698
49858 34341
62519 22844
773 44541
46106 32240
39140 23402
51117 25689
54922 2818
28907 23079
63994 34314
28761 13264
35775 2752
57126 17989
63655 49667
3805 14545
50969 44353
44058 27557
52995 39987
21633 59796
61262 31477
16729 48450
3535 48805
51646 22461
3553 56849
11004 8570
56180 15532
17787 18932
60516 17144
23820 24857
6591 25125
34100 49571
49690 49055
42907 41675
27743 56301
59599 32054
42841 6055
44237 24786
49693 38560
36472 19473
55256 42950
33066 32398
10736 6981
61645 36710
2541 16576
6827 66620
45871 64093
29390 27426
8994 10671
5277 61692
4068 8504
32412 21946
26131 66666
2672 50872
19974 66737
31267 49056
16545 65351
62071 60853
14994 23462
28570 42183
60953 49006
33587 63347
48352 64854
21993 62097
15013 35172
21466 52553
40769 4798
3366 27159
40889 28774
49193 26608
51991 59256
25996 30722
9962 51892
31831 28652
13357 40108
39530 55709
15867 49426
5384 20606
45509 49035
56149 33362
48572 11110
9039 17607
66318 11014
44726 38673
1659 58263
55058 46082
64252 30170
13834 5393
56823 60982
47473 67144
60259 44090
20053 55851
57081 59134
23087 61283
35401 56690
63373 53603
60932 48171
57092 65214
35180 41553
42246 35786
32178 50119
11360 3240
36560 23537
59088 57893
31964 30644
60911 34816
49675 9947
44093 47068
3762 10803
64790 38604
42601 65768
23835 67213
63905 10245
27803 36232
46508 29851
33863 12899
44609 15544
36656 9352
36212 47217
1331 5018
67716 26255
25043 43747
11222 25775
31636 43155
53272 32772
64039 39678
31500 35975
62403 24988
64333 18071
58744 34228
2261 1119
12197 39253
38567 36943
29046 45434
53006 52929
31891 53184
40136 1559
48369 61867
62032 67194
45057 19567
55772 52102
43358 29830
46113 29744
59474 27509
35510 62186
40190 30635
32952 67611
30218 61439
15815 60477
25243 44651
41360 11256
15671 41036
24268 24622
25106 56203
28362 54748
63465 27471
36242 57499
37094 58979
13177 3946
25444 49113
38830 18213
29817 16823
47302 40052
23520 1269
39619 65510
1855 46487
16592 44542
35955 29556
5966 54939
7147 55800
38291 52871
16552 39275
64341 42740
13447 3047
1608 4222
37269 18237
61525 20145
62747 43287
57734 51235
44658 49981
24165 26766
6735 51202
33093 8351
62617 50651
14954 24686
8565 62231
52522 14240
64455 43102
9711 59184
7027 39931
19888 12222
19556 22469
39825 13673
11165 23284
32531 4203
15526 64044
54549 3518
29582 24471
49857 26084
59050 9109
58029 50580
38975 37201
56208 26987
40027 30545
7895 38156
13007 9173
27236 59594
27660 7531
34688 48320
10642 67965
20586 1448
31440 22522
22783 42831
9839 53853
20518 51263
351 20583
53546 14516
59049 16927
61593 54843
38176 62686
4279 9013
30341 50987
37763 27064
37057 17031
59511 26959
9330 40601
30596 56650
34676 20812
25929 40674
55724 26605
15044 65861
29467 60157
19529 36103
34817 26438
18644 976
9360 18703
7817 58423
21748 8385
40320 52329
37829 32354
57561 43109
16300 64351
61434 60320
39858 5123
52758 11942
35684 37738
65598 59810
64723 45454
57378 38988
10544 51261
5225 22955
56627 54402
42248 32655
32817 23538
3391 56634
11971 60009
30006 50419
2720 24045
35326 12522
5274 51584
22963 5724
61670 31418
57964 20701
36459 35885
23789 38259
57133 8749
64452 28477
11960 64683
61606 53908
45608 15890
53524 48331
43688 10032
42082 13792
13711 66113
21080 42732
43229 53753
53956 59106
64943 21606
37778 33131
52489 27181
4810 66331
59615 5851
11543 60578
41225 3502
33083 9594
42373 60543
15195 49959
52977 45044
67450 52343
151 51993
60553 4952
54166 1408
7105 32848
24587 15032
67953 17889
47420 42876
65339 60850
57940 63539
6765 60471
26681 8944
35004 10820
17173 31758
37753 57374
57425 18384
63533 61708
15916 36588
3784 21151
31366 22360
20759 2368
40731 13175
1793 23231
53477 38555
12218 16273
14872 51230
60483 22080
15397 10170
20182 1470
65324 35816
38255 20120
66699 57758
35839 46936
54460 23323
63243 28400
61895 4515
31947 28334
59872 57942
18959 6260
50278 13474
24984 51200
66617 40413
17893 58195
9151 6871
36209 612
54388 6379
44549 26443
66551 32729
35019 49106
337 31266
37073 26213
39133 11979
64179 2103
19477 55271
58530 3663
63484 1909
45237 44187
43574 25186
49442 8281
59683 28911
42177 12662
24728 22005
31301 21896
50197 5769
30614 54485
53842 67175
5721 14115
41705 42880
49969 42295
50605 24845
19937 27148
64924 51782
4853 56084
16548 15835
65837 30463
43516 28021
13155 13879
57712 46738
13070 42385
59891 22757
2012 1966
18895 52710
53737 1571
20233 51012
9808 27888
61538 60133
34738 28849
44376 8653
52099 36498
10528 48363
43066 5760
49809 8826
41506 28648
63957 53884
4706 39523
8969 65481
30772 13345
37668 22474
29818 33023
11847 12419
56882 42514
12904 50931
13174 17424
58154 43523
21806 22981
39252 41677
3795 63194
6029 8850
42517 43923
7356 2314
38453 58840
46985 66982
49132 30465
56451 65985
19081 1743
32008 30489
54009 2781
23601 16261
22281 30985
22947 56165
10351 31923
31567 10406
65231 7855
18759 18030
30434 49090
60444 65370
33290 38878
60237 26479
33467 19880
1232 49251
60982 26790
37701 4969
20707 31204
9682 58161
57899 43083
45294 17599
39211 36455
55616 41621
32781 5192
59879 54381
39600 37809
26112 3106
50423 30017
63336 43421
13980 44923
31092 31753
49987 26977
47050 7088
38781 32551
38697 29157
2876 50003
51880 24058
35977 57982
1062 793
6429 8470
65108 64441
37513 9174
30163 25227
46180 6830
28706 18551
24921 26768
32851 16458
17928 12028
12736 22765
5168 26788
40493 30974
57780 66510
4374 10246
47824 55869
17225 61221
11814 40825
38681 21517
42824 25892
54461 32103
23022 55577
26319 23126
17323 32633
47954 39729
65772 58756
35721 26399
21568 35634
33682 10488
63157 47132
38685 52199
44397 49509
15096 21990
61386 61698
9870 57853
18450 55404
29572 66230
52090 56811
47943 20432
11837 63177
51718 2597
1825 49994
34664 56020
16200 10910
59610 39352
48312 20028
34363 23030
49942 33724
48690 49867
14202 60772
30648 40089
61798 59455
3281 37123
42993 49172
29016 63026
8286 9430
60853 43678
39609 17912
53517 61507
15293 25653
18321 20281
5944 24855
4878 548
39894 1683
64570 65628
15221 64416
12740 53026
30776 54503
17782 51728
50941 48909
59460 50337
48630 64167
54936 40346
20254 9337
54380 53581
12979 5090
64140 16316
53493 50440
36667 21282
4289 25458
48567 57187
28478 33458
58116 45689
58288 66796
30948 64045
47538 48259
13023 7564
48148 50507
47013 55580
7937 32348
52185 31766
36161 62617
24879 4523
16012 47372
59601 3704
12016 19384
27802 34254
2800 59700
6630 19316
43714 33331
31926 32430
16506 21159
26897 1618
8993 15301
27153 12099
28306 50378
30540 52123
43065 10532
19341 67966
372 24750
36343 55437
18965 21735
17039 55951
32854 33145
22872 39613
14409 65621
3380 50173
17276 40368
1948 53951
46956 11649
31187 14323
42438 45141
2069 18706
22839 35262
34783 27463
6869 52163
16615 40384
55177 842
14897 22073
8331 64452
62423 207
58757 12698
47454 9155
67272 54768
14294 54637
59246 37794
66040 56486
29039 22366
5684 23122
39536 49107
60037 24432
4083 17608
7973 25955
62782 63763
52641 23854
55873 65879
14151 14450
64261 59070
58139 27863
9633 24332
10590 26338
42220 7731
19443 23951
8610 25151
16541 33994
36047 53582
42623 57768
49926 14313
38653 21775
59470 10461
66264 38421
56388 11234
13000 49510
14997 16343
28184 36276
56371 8424
59187 44847
29950 3889
54240 30774
44425 62639
59442 63596
52263 13214
54525 1247
12464 8003
40967 34876
55937 948
40964 5487
33409 12694
49061 27666
20007 952
62164 49240
8800 34844
11958 62028
11189 44176
12220 56290
56607 44113
12657 48600
48844 44968
17055 41318
7862 31405
43208 47345
16022 52229
53846 49603
46347 7503
55436 46666
6744 43288
40954 13131
46091 405
13580 59890
66508 52666
27885 18202
20281 3366
63202 16109
29393 36631
14185 32577
45891 48291
48177 59234
15059 62286
36513 67491
29644 54150
56245 24634
3442 411
35055 42230
23648 2180
35819 47213
40500 5998
44542 42668
46010 58237
801 30613
23778 63510
18777 52451
52532 10666
9121 45657
18596 56088
4019 62407
12027 13167
28198 50445
49309 38518
55029 25570
59461 18765
44682 66144
20632 4161
48504 16760
40847 65265
42518 11416
11136 39499
6896 61185
20393 22028
20633 58496
6523 15163
10694 63199
35666 31576
58080 31898
55577 27741
63657 22339
54288 11723
35805 13825
28256 57003
67155 3831
14919 21003
45243 42796
56350 50265
14535 36748
37126 28886
63784 33768
40426 62430
5953 16135
28904 17794
51808 64483
7181 11855
1008 43621
26795 29335
39508 8477
27687 44988
17988 49416
33492 50024
37939 57274
43008 30588
15727 29302
1014 33960
65194 15164
56447 38139
23029 11493
16933 14600
49835 11684
65571 44596
46422 24663
9448 15219
52045 48201
5545 16701
57177 41075
2457 49833
60261 221
10206 8112
41034 24886
56268 50876
53009 55536
54748 41897
37948 47845
15097 16556
53089 29117
2734 13971
42569 51815
22528 1205
60306 60373
47429 41410
11552 18967
57241 38906
13876 28693
31892 65515
57105 59741
52488 19324
10309 37145
51874 19120
40669 4502
44501 41962
29042 40488
43656 65848
22038 16183
10012 35842
66911 62690
14946 28273
66841 64884
25416 38207
45794 49376
46020 7709
19359 43666
30969 20015
13475 27606
19195 29501
33551 6890
25857 23465
22741 63899
20037 51356
9877 39204
23219 20866
64765 2827
60812 51418
58839 44226
42364 55370
41437 62053
19787 45654
57641 51297
8951 51258
61463 9415
57962 37099
39692 37011
36003 25572
7363 51613
46130 12756
66498 17158
9725 42392
40686 7095
60522 39856
59234 59970
4930 21456
7457 18031
48332 57919
37628 63235
10058 38153
11836 18983
66463 27495
50395 28592
60649 25645
5377 1198
58948 47478
24673 13363
42144 19347
62342 49356
65716 22050
19774 7384
8110 12590
59051 46608
13567 62112
45016 23545
11054 6878
66133 15381
22618 67560
5131 44367
32473 56862
57596 19474
20808 52953
47697 32113
48871 4456
37080 15572
50780 31570
53579 51990
44351 64046
6864 39675
43864 22609
8640 49201
43214 11746
12388 60775
50668 50083
37244 36074
33030 58343
19710 48146
43695 1521
10683 15729
18538 15287
45852 10832
40663 15998
51375 64123
16902 66814
11105 29483
40578 3019
49373 62849
43055 35878
16751 12394
12250 23737
55497 50327
66649 63464
47426 56841
2390 39108
47527 16415
40484 13034
23628 42629
28075 8323
44792 24234
63737 53128
25167 2589
29694 51616
18031 64037
20309 8380
10115 16265
38771 27193
13257 15379
66544 23681
4948 23585
44141 698
17177 58620
49378 41196
20219 16128
21267 5131
23704 16885
21698 27031
57367 21131
5727 11511
53853 33655
47750 4589
31134 11091
58223 16347
37347 66342
58842 39136
30672 47653
31349 22493
40563 55451
61475 12
25431 39401
48214 6052
57750 38457
60514 58317
36933 18332
50053 64284
65917 41018
54875 46153
21242 66925
26175 27505
18141 12978
32769 5864
6840 31078
62992 4815
48656 24652
67622 18569
16342 39284
37364 28209
10994 17591
21013 28317
35756 47064
58894 36359
67287 16842
57341 55315
12022 9747
29103 33420
59131 34168
45821 50041
3496 21407
54382 52437
6981 59778
51965 10913
65800 33316
49016 55751
30904 18776
50616 26708
10697 9249
49141 35311
29431 25249
3695 48778
41771 67034
12988 21502
43948 55010
19143 20119
18036 41466
5021 56837
37602 49669
61926 3397
18192 32441
61488 35406
58800 16335
689 14417
10385 53318
2491 8646
33545 43170
28267 11663
19598 43715
55477 19180
14574 29592
31148 35868
39473 1293
15971 12839
6259 49435
31253 29128
55028 49629
59915 13763
8233 16188
14531 23034
65514 40181
2155 64176
67552 12523
31712 45732
18819 36962
38178 35528
56262 12985
206 6287
46245 22381
31532 41681
54601 51061
24552 23682
47266 45243
8871 52777
66497 62504
66536 16722
2666 33956
51178 1245
61622 67315
5707 20381
50710 16564
48930 18701
33247 49651
2129 35045
46806 6930
8856 48517
45194 32652
31605 54821
13588 60004
43584 24000
17487 57536
5812 46400
46177 61429
44375 65829
22950 37595
60900 36153
62723 56069
23892 29985
17676 40002
8271 11396
59989 40064
4848 53283
38463 40992
26423 11815
5742 10417
26145 10053
5493 31463
41366 12273
40643 21642
67553 7526
52197 11087
62050 37468
33203 64599
4800 1402
25049 55573
37502 66675
46790 17882
6266 62870
43507 65249
35812 67504
16316 16344
48238 53146
57273 1822
52432 24928
57638 956
50679 55703
44439 45228
24487 32012
65039 5552
65212 58806
48149 22090
34960 22914
10829 9847
55641 48111
10346 17475
56441 67330
23653 46307
38505 6673
42102 55408
13448 64948
10495 49689
42982 22346
38751 48928
40174 14842
58448 44297
55852 32738
21843 15449
58184 38020
46078 39214
58607 63325
5552 38476
46211 34702
57009 27927
35987 293
7519 51593
9836 28504
53243 39954
47620 67572
67252 4644
4082 60694
18715 63999
57433 7537
4562 46629
16546 773
8813 60340
30933 43064
48016 39106
47468 46386
50182 14047
4245 676
20112 45839
58973 24401
48624 52700
48761 46470
58189 1162
10078 13283
18048 56467
48097 64494
52172 25893
41208 11108
36529 67413
32718 20148
14870 53834
3397 16233
24386 63887
65411 906
67862 20399
50724 32786
15436 29635
34312 61696
34117 51821
58494 49062
28125 39228
37432 47776
64383 56144
26238 23879
16075 35322
17791 14247
9707 57485
59251 57588
22631 21212
58342 18334
11507 46366
41890 56881
45538 762
8512 47086
38059 26014
39316 14506
20645 24847
22819 37343
47382 5277
66684 17522
29392 51714
15908 55189
26343 43413
18203 4143
64753 21013
3446 26083
47304 62823
48354 34839
61264 15571
17010 55194
11301 64104
8618 16704
40540 42584
52188 52413
62740 65780
53844 50968
53666 17226
9667 14383
16427 14140
41554 2773
9721 16532
58980 20388
61058 45105
67812 65537
45157 1789
16822 31000
23851 6821
16913 44846
56705 56318
65912 1053
7264 56929
16275 62940
67909 37941
20057 36992
39863 10829
21582 56224
21230 32473
42292 19988
29553 67010
45354 24493
37231 32699
10337 36850
32848 15076
25730 34542
35973 32422
16407 56251
12246 26007
65874 62115
22104 13509
20211 65842
22440 23749
44253 24730
5400 19494
3719 30066
10647 15790
5959 17341
34689 52597
27632 5029
54603 35896
3970 25190
65279 19164
37968 55877
39597 2315
63301 26168
32097 11920
53228 6679
38986 49854
59447 53386
9565 40167
7853 30334
20720 29069
57620 44064
54477 55847
63472 62810
60876 8042
26742 66829
44590 55978
18831 6771
40971 39884
41854 14426
45269 35291
52261 47655
17140 36774
48568 46010
67500 54798
13918 32371
41828 41923
31686 6234
61142 23823
16060 5360
35059 71
58930 6833
32496 27785
18466 37398
12690 61874
6633 36722
38039 13208
50352 56480
54806 24228
32542 33065
20933 64394
42918 47656
40989 43816
24882 39893
20886 14619
65309 12700
67467 1791
61187 17080
65374 47261
40442 47368
65192 48706
3038 31229
11803 36169
51544 27530
66250 50339
59931 11434
31553 13942
28200 17103
46255 15776
6378 5380
6625 24961
36878 25288
64867 58428
61681 12929
37454 9815
1072 39516
14090 62155
56483 26477
17556 20143
47944 5743
52856 16756
47965 25128
5931 54816
52506 33100
6706 45527
25514 47974
47517 58784
37828 15392
9638 57164
50640 8875
66094 63285
59029 54920
36664 66044
15573 2868
16865 21881
12673 35934
51630 16900
48916 37966
44445 5957
47921 7969
18910 24929
26091 52101
66732 64885
52611 67304
65547 9829
5939 21695
5101 57377
17962 66753
43653 50352
62095 51151
59899 52541
19522 35586
67569 27123
18322 24126
42988 472
41751 20972
51506 28549
39222 67214
44090 59696
66495 66037
66810 33926
64206 39769
39295 28880
62246 38845
2181 35195
48282 15612
43417 22428
14367 29351
54597 5979
40328 31224
3493 38253
62206 5124
34804 19417
29825 36407
6732 17429
62974 35447
22350 6753
49833 32638
19370 27522
31746 15229
4139 184
14405 45543
25007 48381
2483 42541
57808 10912
41117 34609
54891 17513
19849 53523
54128 38653
26725 42551
53789 7506
65775 1365
61815 46594
8164 28742
18099 36660
67985 23166
27177 33553
42605 2050
62702 13952
49392 50068
41125 33731
22700 27022
60250 57959
44870 28920
46438 42502
34651 35232
63463 26729
25201 51835
32312 20401
36570 58466
39125 30373
29474 56873
39009 48319
37881 19443
27169 62785
64095 12281
41556 65007
62889 23792
45719 60214
35843 24252
37722 23084
15975 24755
49768 64294
51713 23647
45238 36969
19199 2759
38071 40654
5514 21355
10359 23296
45399 51669
57984 9104
33613 18812
62794 9444
28048 55889
26486 32146
35538 59641
35602 52758
17993 13138
14317 17996
31364 1546
31780 13072
6654 49529
29580 50331
30519 2716
6881 14423
13134 1777
54173 5734
43293 17325
61919 10958
13179 35083
18019 18696
680 1770
20702 1232
53335 13939
62351 44354
62581 11137
26144 26519
37650 18250
42097 62971
37410 58239
7755 21384
11726 40290
30438 43484
4889 62772
54774 20253
23041 31957
4764 7324
52035 35057
64931 16132
24421 2780
37942 5837
4911 13477
1215 38895
39111 13444
14065 67049
43915 54433
37299 18591
59553 159
64739 29402
17590 3146
66089 29711
61345 55986
35762 50513
25273 19317
14765 46310
43344 37598
21299 29608
60151 50430
33721 14734
24406 64464
1847 22225
44186 14436
38670 29429
25319 13335
23003 36938
53149 46834
56060 10000
67539 43742
42983 15513
11369 47251
52539 11116
12503 5682
24220 19806
18431 23340
42416 56182
32513 43889
896 23772
34182 55738
50276 19690
30871 39527
58555 37619
34996 45664
43205 13622
39577 35533
1499 65438
34283 34787
47128 10010
30973 286
8143 19483
15496 19214
61001 41977
40214 19370
20935 51197
53139 58550
65867 62710
40761 8823
15390 14833
38672 56028
48175 36501
28948 18962
28722 11856
17508 42344
62677 23839
20079 50466
59635 46218
48972 41854
54506 64777
61713 55553
28628 63084
32436 54257
10731 43708
58557 18117
10238 32232
14708 50225
8095 54875
66256 65157
26498 64567
19642 30162
21567 50414
15236 10960
26923 55292
64072 28749
11920 11437
66896 30828
58391 47410
7293 376
59433 26645
17295 2249
67273 47501
54451 62119
59874 17511
7568 14439
60605 7809
40393 45790
2854 47299
51898 18265
33353 38627
396 60345
28561 18893
9573 55192
5937 31785
55535 27622
45159 29438
8358 7323
7898 18062
9047 15367
61876 18754
4160 49475
37630 3454
53592 55668
23591 48718
17751 7089
55098 13895
49082 9670
50133 62499
58791 20733
49480 3957
49237 19253
10519 47874
17432 18518
45583 10354
15550 32119
23393 10102
51519 1636
16692 54591
29189 19624
456 23911
2980 61574
39108 18365
60687 39258
55592 61629
49713 53940
30103 44216
32442 58193
60376 1732
45372 37588
20333 14584
36130 20433
24705 7865
14791 4210
4223 22752
54951 65968
2051 21018
31545 1425
27012 51956
8820 55525
13225 59546
4401 33824
58516 65782
6381 40113
32078 29795
5799 55532
52726 20553
57536 35629
30716 12051
7399 49488
18368 16402
66047 27770
37915 52482
30693 7340
41800 51419
42031 24078
31052 10120
39553 61399
18778 62576
28973 41051
54207 53098
39388 49869
36065 21604
22956 7166
55995 48691
64963 55604
6146 25524
45144 35379
49959 14209
41778 13684
54569 10199
53512 47541
19559 43971
39307 3677
49344 31396
24102 36990
62066 21334
31585 13955
29537 8562
39419 27776
18921 1439
60690 40517
7553 24608
54091 26441
54593 4243
17576 31502
50911 35281
31832 11147
33423 5882
26652 63414
43289 5988
10364 6298
58955 41233
48638 12218
12120 40450
24967 1112
6756 46747
35188 37016
49437 52185
5184 65565
9540 25544
24663 41219
28445 51203
62836 46641
27380 16977
43643 12764
39740 43427
2010 53384
27763 66006
24907 13239
15377 65822
62774 19686
31798 3105
26806 50085
51988 62516
31370 4904
42155 38027
37102 21132
49895 19863
61113 60701
47089 10323
34284 12228
47140 30353
67216 28266
65180 18464
61081 21109
12925 65749
41974 67673
26625 44750
48590 58653
41016 17197
54255 44437
5993 38122
29003 47228
19127 5245
2126 50808
34181 31341
54733 27371
38692 9831
19977 19976
25716 65212
43237 12768
30150 1959
49787 18694
32209 40573
65445 11426
44246 65394
33729 12336
64045 59613
64304 41120
60402 22246
22051 38746
46161 21165
22186 8935
18345 36716
64005 47623
24124 46317
7699 11696
4434 9324
9743 23487
6359 60391
837 33810
54054 62032
18022 33558
30335 57940
8909 18409
19796 16249
1199 63998
28669 5190
66288 47642
59771 37569
48917 52552
7924 53613
63335 16907
63945 57781
2062 48069
867 67172
53915 41111
1554 48980
2193 10944
36011 54159
37577 66315
2247 58995
65827 34450
56437 5594
23497 7479
14027 32089
12625 1042
19517 20259
25157 13802
33085 38098
46458 49260
35039 20737
52023 52335
10358 9566
48897 29236
53219 50886
60162 60592
31878 12256
29604 45736
39319 61064
10567 61406
4153 60930
12256 14303
53121 11249
49711 23629
62391 14202
1239 52029
22464 56770
10838 26146
65518 52629
56874 43087
43421 8451
12500 41588
5578 44883
30116 63740
27711 27871
62325 62420
35533 14985
6103 36488
9745 59583
36750 20414
4313 61600
23509 19073
41221 27980
2053 41968
18900 4106
52206 49845
10085 8179
39227 47382
21293 56376
31520 62051
51008 27974
43481 27721
50312 3008
18344 55434
10280 35370
65640 33040
45333 23083
7039 10957
12804 18578
57291 9078
30428 35902
9964 53094
44643 10710
51997 39104
42779 59169
3884 55014
35826 28064
59055 34007
64305 24128
29903 7045
46637 12117
49208 56169
56604 44830
24346 38916
49817 21566
11233 26032
38716 45781
32303 54933
9635 63128
10753 62325
35124 21062
20215 57251
49808 46491
20222 51006
51069 1302
41508 26026
47278 18956
13966 42433
11996 41487
681 1860
40406 19728
58293 60118
47176 19332
35359 65464
13400 41473
17368 14891
11443 53266
24562 34447
56490 482
58831 59056
67167 16479
53484 58895
13539 12773
3443 4783
11747 28656
46389 24597
12199 55074
42524 21772
50494 28330
1618 45625
38254 25056
54239 1884
50830 48531
11102 47684
31817 2123
22228 39577
49904 40235
22217 65810
18199 16351
35248 65423
39470 59769
35181 54271
64635 53791
19128 46102
8293 46166
21917 55817
56974 44018
36171 14861
55195 23045
39290 60139
63470 56150
10083 48906
47334 23187
32991 21320
32322 57132
64986 50013
25631 37360
60013 57344
14022 37126
17759 13006
39933 11485
888 13607
51865 11750
43545 2154
49793 13589
43194 65065
57701 13069
43875 58210
56442 65977
17843 4278
39379 37999
26327 55135
62785 27771
23284 29214
52199 59590
41831 49949
38201 15008
64358 25633
31776 61549
42715 16311
49291 45956
36740 60811
51503 54125
47844 51880
14928 997
26189 29352
23584 66528
3528 37173
60506 35077
27480 34669
57470 40292
38186 54358
9065 31662
53628 545
18243 54337
39693 4283
31723 2036
33120 3441
20204 20104
55461 49075
49413 41612
9695 43921
58861 22337
62815 56364
52535 31698
66403 25253
54828 51553
4819 6761
47125 56244
11139 16892
14336 51173
32537 22770
46532 52838
21803 41698
5807 67801
52379 20768
43464 57332
56421 30274
13887 13052
1383 16559
33914 66094
29099 15516
66936 51382
28972 34109
58430 20848
49037 42259
51267 12224
60695 12225
19759 3361
45216 57334
3220 1513
63278 20061
13704 3647
38723 10325
54523 50123
11254 3315
15214 17112
18570 59469
45657 46940
40881 24453
44967 31421
59682 29066
27115 38919
63299 25406
45653 49560
62412 34142
12796 6783
57432 36041
59304 10875
41801 18845
8805 3034
39357 13556
5857 14541
15085 60179
2961 16081
44968 14035
14335 37023
21543 23676
31971 12161
67633 10143
22866 64782
20990 47370
43384 27260
55886 51223
60563 13196
30390 64362
53091 2878
24177 54231
24431 9644
56641 63769
51850 10003
3827 27564
25864 55039
58927 49186
56303 41103
50966 59098
584 21117
28154 23568
26973 39159
36484 1330
8201 23420
13337 4123
24506 15363
47946 44933
42728 63428
25831 658
59973 20761
14937 33358
34388 15938
64158 25277
41079 3874
50940 3020
51452 67895
14973 67076
45604 19969
46136 28352
22614 47827
38987 15046
11109 28438
17557 3867
41050 42932
15449 18162
31271 28805
15329 10938
23993 16592
18529 35074
66955 35871
50917 63121
54820 26115
18071 12055
50294 45686
55449 38578
24348 61217
22707 64986
21872 57156
37859 67195
18389 52422
24524 25305
41233 32781
59114 22671
47060 25937
1257 36843
63519 51489
17896 13487
25576 40841
50325 21713
66249 26979
64877 63942
53627 56816
54478 58479
58177 55541
64055 35609
21923 41780
10836 14098
4045 50207
28906 56271
38285 26178
4286 46258
36026 49016
29471 58905
37837 21922
22048 4425
59943 67025
64922 33170
66953 53715
14839 38467
14970 46171
35113 52207
48086 3925
5454 15028
57851 23581
28645 56281
55726 24369
13424 32155
32445 9522
39022 28205
4225 48715
34448 48755
45689 19011
11402 41216
57550 16031
15387 1263
31057 41759
27510 1429
45958 43106
56121 28020
21756 60998
18250 42148
27083 30494
27125 8682
7781 50541
45983 37174
36843 27811
22070 13490
42422 36445
38357 9808
37924 55280
35042 57044
67426 41653
12482 41959
17772 25972
53949 25838
7771 6510
36350 64741
16632 65360
17393 6134
32726 35969
19169 55213
42218 15632
32448 16266
51473 59348
64155 22432
18635 42845
35222 50182
54294 30989
49175 2788
59244 37361
9899 2338
12203 610
52803 60526
67583 37273
36468 17179
48375 52798
59598 4851
63969 5128
42899 44223
325 2133
12209 61590
60090 12468
46953 54406
8301 39453
52130 36003
28552 41575
56315 45328
27768 52474
64844 10456
35198 41049
42319 64726
37172 6170
44271 51555
17118 39118
63615 64663
45055 15914
6346 49009
6022 13467
13052 3839
60239 29363
2135 6270
16285 1363
20708 18185
57841 13781
59837 42318
89 57106
56073 29668
26519 22308
17291 11537
39567 48350
20838 648
35917 6881
12235 34038
47243 5647
32820 14524
10804 6292
48739 9836
21696 34568
6788 43166
51950 49750
40044 35378
30690 22327
56261 18057
11954 60385
12476 15716
143 16553
27974 41856
62497 19399
10216 54172
17394 58561
29648 16040
58336 31526
1218 62643
1057 64239
45033 36772
15807 42194
55354 63270
17325 29601
62614 12033
9284 34579
30009 38829
50210 10853
11709 46270
13426 31769
13527 10226
41072 9850
48178 64829
39224 7900
17974 27850
50165 1721
17452 61362
18725 50471
8967 24631
1111 63917
21512 13702
57685 44624
46031 27350
27926 67362
19841 41073
53964 40872
57985 59510
28475 20185
11363 66128
13169 13850
18352 28677
16143 47664
50336 50539
46077 59302
56281 67301
41223 26611
18328 52456
32478 24636
36303 8997
11043 36417
37346 55456
3516 21522
39538 40259
26929 13378
67863 19306
24727 60419
51348 14048
38738 14445
7153 31532
31371 2175
64866 60405
50579 24515
14778 34965
31600 3747
65482 62422
9308 59329
1582 46132
47330 34810
41481 15510
17300 11019
50704 46456
55164 56555
47896 27796
22646 19743
61737 52027
9568 65824
2188 56473
8852 66575
1808 43744
34366 6968
28278 57848
5221 35729
7926 48468
52164 12821
37551 6441
65674 50138
54452 55390
52728 25420
20013 38536
36369 24832
10958 52782
40621 23154
67018 36167
26634 64700
20366 67977
42828 56829
51214 14312
8666 6537
40655 32630
57343 14560
31279 28781
7590 15098
32045 6965
56949 4678
15203 34889
59425 31296
7213 8631
23023 13243
15656 36106
1661 29684
17985 53027
1488 51369
21474 51497
65066 13279
45444 28822
67794 35163
33981 64904
21885 26963
48742 22418
16638 26684
35228 45565
15474 37748
3848 37746
43911 408
56273 12353
35650 24259
8372 65961
34466 62490
10102 40020
65032 31277
59664 22313
66950 41303
47203 21843
7267 24556
65485 43537
21874 59667
48194 1670
20619 62207
33439 56089
13488 43786
15118 2730
29938 23268
66693 34582
5773 10090
1611 22378
32054 1276
6027 46157
61836 62106
47708 64004
50198 32442
19672 61941
23457 14338
4636 5922
54968 2280
29428 29923
42180 65949
32541 21929
54560 19213
41935 12309
35555 13107
10209 39925
48865 43998
15651 59326
65804 64313
6904 45978
23508 63766
29254 33232
67604 47749
6020 60130
52551 1778
9035 46220
60961 39471
37003 67874
40724 63486
42900 14780
11323 35382
59867 2717
1045 19386
48355 53782
26303 28870
38220 18565
39835 46819
31796 65252
60808 4051
48271 32030
64666 56456
25615 47110
32130 27042
19736 11702
836 25408
53745 49517
3134 14147
45407 35904
1258 58887
43912 22932
192 34775
49320 45724
13625 43411
26896 51253
31218 54696
55027 36209
64492 40544
7851 24979
18662 5388
36678 44994
12194 16117
5755 56815
30340 59642
54141 45482
48824 37803
60092 14443
11129 1093
12528 65396
66248 19285
17500 61122
51689 19691
9809 37983
57015 21314
17133 39800
31035 63810
38231 37783
34209 38631
41289 2044
42763 59489
41689 5368
59344 28486
35646 37096
30620 16179
9790 6973
26570 64012
17841 40085
14284 668
20370 56404
13849 85
21545 6541
58926 32956
61087 18052
41161 45904
53283 37129
15826 65798
46962 20322
27216 11273
40411 35478
60732 18697
34736 25786
15718 56630
11852 10580
20659 38117
39875 28687
5287 4213
42965 62021
19442 46483
11956 32602
32535 50626
46628 55387
51937 52313
67301 12864
6417 34244
39170 39587
34101 40729
22790 22716
4074 57124
53005 42269
59271 18243
32749 26150
12416 32771
60561 17786
13358 54567
18323 26152
15920 39461
1568 39977
8084 11220
29136 38973
17134 60445
25970 24035
48791 49279
11016 57265
33925 12589
9829 18168
2858 57921
8451 41060
25920 46866
58122 61392
16881 46425
12056 56056
43457 61152
5597 55117
60424 53774
6638 60462
22019 3628
56775 3464
51774 55171
65029 11591
3865 18427
50166 39635
55924 31805
22651 67136
46393 48905
28144 16683
24531 38450
36043 7018
36682 51467
58460 16507
19482 52815
4542 781
32216 60662
65391 67897
54001 60323
62788 7124
7993 11097
11498 7169
36671 35413
50203 14032
54950 43711
32657 12767
2560 63107
50135 43426
47070 7978
62874 15918
63528 66955
45094 6950
65850 26879
42154 67668
50906 18895
35447 64921
23569 17879
3417 29301
41796 20287
28708 39439
3841 40750
36823 846
7680 63565
61825 26307
46850 15036
30509 8801
20923 5
13125 20057
32488 15865
31609 12697
34935 32402
7329 26778
28759 13580
50912 62095
46505 3232
22769 66297
23082 58172
31006 51212
41682 7295
47027 15967
3698 39312
46096 63403
18626 24124
64518 30793
40509 34115
23011 57558
64283 16148
4976 56670
11831 19169
30491 2839
28680 24224
2613 18572
62651 31547
90 22384
43482 67046
26407 26261
17104 62412
44664 62976
23261 38016
42414 37939
7807 13110
2873 64614
19361 48148
18567 36069
14539 51274
47827 50571
9507 14069
48968 60813
51852 54644
13243 55684
44114 19421
42285 3667
17885 37149
57262 59911
63859 15746
41587 51044
22834 1445
46770 39684
29261 4468
22984 58259
49596 5588
40216 46495
38603 18259
23293 61330
236 60077
51328 36295
23866 1196
41710 20751
28954 65620
13646 65957
65036 27628
18435 45723
43407 67246
10199 8227
31195 22872
45458 19845
41880 46120
22006 44472
11630 60226
44008 18356
58541 36483
1494 39706
34762 51634
27484 8941
32708 63406
8886 49352
45939 61834
33641 23643
14161 66451
168 33978
6311 16964
50586 42478
57439 45626
55005 52924
54267 8857
64630 5889
49639 3870
46037 20864
49198 30370
13295 12654
62848 13923
29568 65462
59152 62445
9662 42423
4380 30348
38655 31014
2632 13820
41775 22807
34227 50343
13727 55058
9726 8438
44802 8117
22297 32832
49213 15005
21091 4905
9831 9553
12204 57873
44296 49064
63274 3862
4063 22816
56535 42095
21627 14112
56912 58919
20592 49497
7020 17461
13273 26180
43398 25654
26942 33096
24902 64370
53646 57346
34769 37499
36900 29557
38981 26371
31136 21246
12572 56894
6506 25205
51499 11275
64350 3178
20132 12610
7145 26679
47295 4357
501 18424
56048 687
11486 47129
38608 53481
62958 9433
26172 44658
12713 24289
3374 65035
27126 24922
22392 27195
38249 62094
10740 65648
62072 46152
15140 46726
40417 18072
52097 8803
61728 57525
64107 56035
34735 49299
11946 9289
50794 10243
24233 16672
48631 67797
49997 39090
48419 13227
24456 15457
58429 65368
5849 30222
34511 6748
60957 43375
34525 2955
29655 37998
35201 32950
8080 51174
19809 46912
12676 8907
11234 20692
45062 37758
54263 9802
29821 31641
7994 67864
50739 65543
54871 40926
62237 52327
30887 7425
62425 14533
39172 61733
10349 34479
51748 3930
4552 4231
65812 44309
67741 55235
19327 34195
15766 26282
58857 43849
22660 7785
21911 18257
27773 26770
25261 43203
16540 8170
5594 30883
55493 64692
10272 4635
57068 45331
26466 9276
19383 54558
33802 10564
41911 62754
8784 16970
11407 35457
50869 5472
52083 13640
42747 4667
36203 65090
60052 66533
1621 29524
54998 45909
14749 56560
19614 62600
19425 39770
13846 29853
13238 2811
37499 7256
45072 3455
53857 25713
34621 49728
50207 2372
63647 63200
62004 6835
22571 50742
36100 49445
52819 16416
18856 56325
52655 55946
5084 18058
51878 15150
43450 57404
31140 15466
6461 48197
62288 46110
35204 25382
48817 44975
2652 57217
44285 7593
39723 31218
40757 30414
36746 12058
64438 1318
12874 29770
29879 54142
17615 6001
39385 1953
42057 32758
35314 7456
54628 10042
11704 7426
24634 16609
57897 57483
27708 23671
53369 37041
63500 5731
67699 41174
7368 45832
67538 32014
20837 38328
8601 17003
40780 52143
66427 62745
52873 16041
17780 10067
22773 10012
25266 32795
26310 26983
7554 64872
32702 46788
4335 28874
59828 58136
6627 48095
47236 38363
26098 32009
35911 35067
48281 41794
60847 65988
66208 13682
52029 7078
16237 45435
4006 53849
48820 63729
64067 36672
58472 10283
23277 26681
62205 17975
45844 30217
45122 39969
21433 27626
33904 16089
11848 48810
37365 18608
3598 4702
6508 30816
21353 57709
28092 59476
29013 14974
29506 2791
27097 65393
35270 35429
53675 36434
67277 50355
2629 39376
1167 11075
62141 7828
22702 36582
1110 50324
29330 64928
33082 2471
40038 50147
36095 58199
55550 5822
49346 29419
45707 26966
28602 49720
61172 24174
39603 56504
52056 6850
13411 39997
964 4104
67046 45588
49052 3407
37052 44069
39122 34411
14170 28383
63143 3585
8368 44689
44078 56896
36240 56040
42617 7487
36292 14315
34230 50871
39164 37673
24689 60753
19652 34092
67803 21306
31497 49977
7442 61255
52966 31225
41889 17285
18341 1991
3337 36792
38746 35966
34004 32760
54863 38775
53032 44242
50892 51722
4630 5061
24893 35950
44980 47409
29146 35226
62356 32836
46989 16294
39348 40226
23742 42073
38507 34671
12794 23434
61707 58171
16770 60651
33903 2264
23996 57660
43993 1163
11705 61138
29132 47019
46568 62942
29273 28554
40251 53558
55113 7679
43427 10427
48718 36235
34153 41161
38542 8395
60787 57730
15438 33818
61675 36195
7036 34019
9335 16676
25500 29809
65599 19255
15705 6499
50027 30497
39107 15001
54147 5047
7087 24151
19763 66417
18005 57713
26254 41594
44915 5500
53634 29879
59975 7971
18773 33955
41470 33744
23640 2113
10593 46313
63909 30763
43599 45840
23177 14309
41080 10156
7604 66446
618 14836
59252 66983
35852 10152
27445 31062
22100 26745
20767 42702
64170 48675
11540 54522
16962 9358
56848 55899
56284 37105
52874 3237
56234 42801
62574 47224
50243 43908
612 53496
4945 49115
26138 61694
48904 38544
1846 4084
42234 48275
24980 5848
2349 38126
541 19670
32614 3347
29658 13925
45135 27720
40907 41040
16900 66952
13463 66609
50273 45096
65974 28164
40124 49656
21892 4273
8558 19671
39086 49951
38120 10282
59760 10134
44281 29437
56842 65995
17537 54799
44923 15892
64249 6742
47088 61910
24698 57806
21612 41542
2507 35283
29940 25563
29403 38413
17198 31986
27682 43082
66144 31861
22150 47444
16144 30264
48050 59746
4898 41264
49178 15128
33527 31595
6369 58329
6287 53730
14171 47433
2588 10446
6323 46136
15177 66276
58238 10020
49841 47487
33127 63460
62181 30193
20071 58848
26935 54900
1220 30116
39468 16421
55165 32106
13236 53428
35387 18107
17979 34116
54897 37603
13752 44771
67055 41137
15432 15462
37055 10684
14944 53544
13929 55185
65240 66195
26038 19451
26182 64776
34472 25966
26434 23582
46914 59516
53708 2034
38713 21860
21021 15833
5165 54871
65059 34522
27223 61586
63002 13238
43333 16568
30738 4467
359 56548
1672 3137
11666 9571
14475 17352
64764 67489
19549 55360
11808 46448
67071 16706
9837 52733
13277 31646
33541 38456
30299 15602
59868 44147
38801 44125
34620 14126
60854 5930
6565 9667
13083 46526
22899 58838
5171 53593
38086 58951
47215 57107
40988 37918
55837 62536
15192 17644
12452 24046
6015 66765
18140 10983
43079 19957
46862 1021
57373 48481
35168 59445
12184 49726
48841 42001
44922 57487
23970 23164
14921 66673
52531 36609
52462 12701
59840 30444
35630 38975
50557 64657
62685 44711
55279 6330
21861 66615
14819 55928
17369 37390
7687 42311
20893 50341
13594 41757
54530 23386
63266 18770
57431 5497
23759 27615
49775 56432
47003 36472
3778 41205
17126 13038
63319 45528
63980 37329
14803 21705
53908 15539
57762 37729
6026 35894
8302 63785
34291 57530
41188 29313
29359 22194
44342 37812
12484 34004
56735 13910
32582 30367
63168 36521
45319 18482
50447 12580
19485 27112
1527 66677
20569 22132
66266 5210
61511 25577
64991 874
21680 3379
9813 48437
64442 26627
42027 36942
31575 55903
43372 58305
6600 16539
66445 59487
29191 38659
49629 14368
52859 15721
30802 58250
10333 56658
60175 64652
58221 34480
58734 11386
11537 17934
65334 15265
58599 46363
41427 10364
15560 29156
2330 9746
13454 20543
52880 66462
54047 43954
4697 36191
23 59437
11914 67220
39925 9711
66629 41263
27113 5028
59797 56804
44677 13165
47625 41619
7114 24956
29219 4671
59567 1045
43513 32233
62015 17941
47618 49311
59315 28864
12772 25648
29065 34772
288 61619
44743 19849
46549 63506
38271 24525
49007 65107
13936 17275
6001 26028
21517 11628
64543 67674
18409 28075
53637 420
14020 56928
33331 8817
25680 64316
24582 27335
15827 23346
51498 5088
28258 54809
59906 34482
44294 49846
14126 30765
54326 45706
6095 63470
16151 23602
59951 39335
66087 30395
17648 38289
65383 63578
569 64255
6367 51408
56730 46810
23227 63041
22761 38721
16828 12653
13574 28696
50779 14729
42185 37654
66075 54998
50419 58612
54876 42651
32538 32427
35861 55688
52150 15181
44940 23095
38558 60914
59356 41800
17482 14882
18112 45558
54100 52179
67148 16785
39180 63405
41145 64118
28488 54003
26331 30784
27488 3797
38087 38133
45259 35118
17390 66518
23307 28195
42256 53610
15127 7970
46169 42362
62964 34290
54720 41631
37478 53901
55364 51299
1674 57928
13956 55732
3313 52256
49922 34171
19049 7161
6956 35169
7420 63637
26202 44544
21095 5981
37568 40438
32842 58673
19193 29008
8131 21829
26739 27028
4235 14460
47014 43213
59323 16937
13433 2611
29401 2768
50973 49701
31143 11830
66968 43685
37702 46230
6158 8319
50015 6451
50798 67981
40981 27586
7052 47461
1700 26010
32944 20578
26620 51843
58074 30060
29564 38036
48201 21156
25752 43451
25363 54185
38559 28262
58828 32599
23256 1788
9761 4729
24508 2626
22780 13438
67351 65733
15644 52159
49441 63557
5327 5543
56166 20572
36584 37106
34635 39514
17049 30148
21094 32416
33426 4428
740 35712
43328 16207
61123 49527
20291 52528
5236 17196
20147 35390
42288 11131
6666 10031
64298 9685
46935 54445
9553 2642
41663 1933
28831 19903
24101 12525
8937 51266
66210 25466
20890 40920
54517 42432
52877 55726
12052 67156
45797 3072
28993 39604
27965 35921
43501 60150
43394 26564
47291 13066
38480 34639
28633 61788
62241 49360
1154 38174
15037 56300
45352 12198
58415 29132
31503 53259
31959 36512
5227 63354
42066 37280
49988 66401
14861 32063
50578 50124
33632 2257
37071 65148
3239 51596
67747 48856
49147 14196
67412 59280
66681 29369
58401 3263
63807 52082
5748 30424
38855 58601
25233 48474
41985 62496
67358 14281
10794 40713
12578 43573
21941 10963
961 12503
8582 22185
27628 27222
27942 64201
55602 32764
13622 10996
26946 18525
57048 52848
9453 62065
20153 30466
3114 7725
60192 64674
43479 33034
4966 53984
11472 40824
9601 44286
23330 19742
33019 4786
9233 42133
29838 53286
33902 731
53430 35147
50861 27424
59130 64059
53012 65512
56758 41028
41472 30899
2214 42184
51053 60473
15507 63308
774 67428
8289 10674
9515 13769
46885 55798
65908 10159
13912 49242
37990 16684
39499 1786
11339 15923
57368 21784
49993 25870
51789 57358
4040 14899
62127 5120
20490 55599
28819 64905
17876 22377
51249 63858
38664 18333
18885 54808
39067 52351
48907 1214
1462 38896
18531 15412
16153 57080
5476 38565
660 35535
51654 42256
11158 48711
39937 21751
27533 18549
45070 38037
27753 26800
54088 48661
67182 32931
18672 61881
21097 60671
24117 43277
28940 17740
33128 21528
25471 1288
15024 41641
23771 54566
7129 23492
60459 19707
9588 61669
38097 8789
8830 735
32859 40874
12872 24599
25876 26119
63858 12301
43366 60109
46811 43390
16806 12415
30741 8010
13114 61433
37374 20507
9150 8752
41653 45935
63683 29627
59068 45215
43037 1852
40066 25250
19975 35990
47775 37250
41463 55859
56140 40076
634 48140
41054 52858
32267 33391
29036 26554
57164 10155
36265 19979
47119 13498
17604 28370
43459 36699
62909 23374
60667 34464
58374 13412
47021 16608
40039 50194
63829 43275
14265 36339
23039 27435
10745 22034
36781 351
18351 30387
25747 11972
34503 19201
10023 18787
9883 62321
2442 33
66477 42381
4089 10196
53102 6841
27887 17954
4805 67071
34160 57631
61880 55759
47949 61826
51446 42873
29270 39657
38142 65586
17549 15375
60910 31559
65684 51544
66901 50533
11870 62191
52008 46530
47693 40864
65821 41547
1389 10250
31311 28037
21738 21774
67389 36404
18399 18729
58488 57311
20870 57888
23481 64238
19163 32839
63374 15761
47029 57071
5298 45637
28682 23333
63917 3316
30376 47932
8240 61090
34650 45350
48423 55585
30674 25033
5611 50130
27103 49048
67881 23463
47350 1399
61562 25669
59592 57945
6087 47316
5231 25545
42477 736
13530 40684
35848 43051
34514 12335
22787 48349
49370 33261
49614 65903
47881 1704
10203 35787
67721 4395
32976 36039
49327 62749
29216 52206
67682 5757
53195 33167
46256 35937
45225 7501
63814 3989
63192 61710
865 59570
65777 64265
18215 22777
57659 62056
21707 13617
30146 5007
10105 48436
67442 3780
36807 20080
27724 23188
19693 17256
24499 10856
20626 54995
47478 15654
15510 7347
30192 58115
54345 41188
43284 12777
14856 36370
63114 25452
62760 2186
62787 43604
27618 41482
21135 22180
53858 48006
2943 67678
31939 1858
5656 52845
16763 54576
21120 8059
17659 8514
67194 25290
5137 65736
19250 19335
33851 34949
23598 11006
67718 22622
53144 58118
2441 5834
37153 36114
11240 26042
28390 66253
58878 53642
61790 22672
63134 423
22357 40785
28753 35883
53841 45965
18706 15430
23840 44755
21984 61113
59438 11285
9024 60688
30123 11556
49573 15239
50524 11871
17330 23921
14231 11327
2171 24335
26523 41616
66108 2636
55024 22196
19604 1369
12623 28512
62374 49091
5117 60339
65973 10653
15404 32340
12215 40342
63209 25047
17083 17398
158 40697
56558 6991
55140 49717
48547 37628
5694 23332
56225 36565
30080 18406
63193 41359
49970 54262
45944 29618
12808 24674
55770 35757
33361 26113
62540 23215
30476 38658
10987 33995
37129 57620
53563 34675
33792 12113
24776 64211
717 46551
933 47660
15445 45726
49156 58940
26925 50552
41406 20409
53589 27612
47484 56867
20288 45472
55847 37840
33245 27191
34250 44851
55518 66030
47926 35252
36119 11896
52096 67276
26699 27620
54163 33845
63239 28608
23426 61301
48525 34190
63408 4122
33264 15113
40194 67769
45136 24436
52184 62287
18097 18326
15609 61243
30117 42336
58537 48796
21207 49534
13144 4437
28110 42254
66630 13712
52503 47040
44360 1036
6823 20808
21069 43872
51001 44129
694 13135
11940 24526
61823 46925
57066 40145
11553 21332
8400 61190
34484 2851
29068 57542
48607 59828
10491 57013
4949 52342
50375 31928
52514 33106
37549 48919
7532 44287
22974 63250
64798 52580
57537 39345
1404 5260
26439 30711
67916 66449
37488 14137
25526 55180
4406 55823
66919 35306
67609 3743
30366 21500
22215 21809
4727 39398
47152 26013
31360 18291
38 17026
20637 43667
11383 7052
36168 11849
52355 40538
46286 18542
51793 45365
26256 60125
2015 51904
11819 21672
37290 60371
45626 111
45545 26268
36243 22554
29662 39490
25497 40309
59607 10535
52948 24196
610 30958
34224 26650
22943 57220
53364 11819
66354 32078
13955 20204
9488 649
65952 62567
38569 20884
44561 45183
15337 13096
67278 61709
33777 51649
32787 27852
58035 61907
49425 49322
63391 60750
31887 31817
44521 12560
60388 50801
3585 16844
63173 41728
15240 17502
33793 52414
8855 37119
50158 55653
28886 51623
30138 9393
41384 45465
54058 3526
46282 29058
67700 23352
1275 30823
34518 48383
32540 47485
37656 44545
12191 65727
52289 209
44826 52191
9966 10128
23395 30157
62464 18099
41140 65530
46339 24638
28648 5800
35269 27687
23958 39576
24926 57069
65405 12171
26171 44511
30784 23577
31727 55799
34788 19759
30043 37351
26578 40776
32729 50701
46666 63001
20447 4565
13984 34213
15713 55278
10288 23530
64575 21436
869 52195
5540 67810
63215 13951
48654 60939
41343 45389
64533 13292
36010 53016
64331 1603
66996 21088
36736 41816
52151 16875
29111 66450
16810 59598
7098 1519
55467 63720
62695 52653
4269 55373
65861 7145
45520 39709
51606 55704
22912 33902
59926 15199
15777 59018
67923 65807
60303 48867
41374 62069
1104 43918
1550 47824
27624 14638
49733 23441
13206 55584
42656 50263
47396 10487
34040 19712
34453 912
31083 33796
35312 25902
61781 59637
44971 57002
47963 6363
24106 60918
65375 36925
55568 5223
27595 15932
54932 60326
48800 48118
47852 6564
52507 33073
36652 44232
59078 38817
23579 3085
17189 35028
29959 23427
13091 38436
30908 46778
56652 54665
49924 2297
25699 58560
19117 39018
19602 4669
61996 14639
1277 46825
23149 4799
55250 51933
65484 32589
17626 22969
67766 11017
63783 12396
39327 16523
32896 18959
6254 64678
52220 56506
12973 36005
21410 45271
7870 60036
28242 31995
62461 60086
58964 5327
43865 42807
34049 48864
47313 5019
47227 19235
33780 13255
45108 50059
2600 67192
53971 10324
15891 44273
46019 39582
26078 55382
22878 52526
37305 2934
46545 24109
42611 33667
66905 10392
63897 56812
58581 15261
10278 25120
49948 34207
37556 39742
60785 67377
18986 31950
21965 6401
44223 49052
55289 61987
53055 28208
9352 57272
10370 36017
21234 24342
45040 36288
29913 65741
41089 5996
41534 52255
38189 23759
51834 37345
35554 35741
58314 663
47601 53371
59021 27150
21931 2454
24103 54307
3028 17009
16390 36015
30754 35004
32984 60614
27601 41702
21878 12734
52042 29010
13502 29469
12525 2369
8362 42548
7056 28975
3456 8353
52038 37727
10912 60378
13623 55151
34401 43091
20353 50993
11051 62339
51098 1648
40550 44952
30063 44643
32427 45399
37248 58247
58086 19894
16570 60549
17207 65402
22362 27609
3745 22284
4608 51127
46772 33515
42625 52814
62411 4230
61236 10304
35706 63772
58307 45260
17710 10892
23205 27205
59841 48391
57014 39851
40588 38250
45505 41332
63132 59179
29771 61261
11739 3876
57916 20435
40353 21855
54029 46089
34054 56562
20411 54447
39790 3069
1384 37210
13 64325
17866 30766
45074 49190
37587 17262
61499 49602
1091 16187
64479 12712
62531 51872
39271 28614
1198 27697
56419 14501
38394 37926
30306 23413
947 20856
48975 52576
24717 53546
53968 46141
57293 28542
51741 54812
32755 36554
21401 41865
51082 47603
49593 13847
28914 41652
34470 65839
10383 51403
55344 29505
31400 52949
67714 64859
35634 60807
37314 37524
35236 58912
54121 20575
24642 23282
8974 52436
23909 438
17908 60821
37958 22580
14465 12888
59346 50247
35670 54802
64487 54824
24614 53779
42028 24757
2543 3807
19943 29386
2901 18163
24372 10553
13406 53579
36978 2993
35284 42602
57465 32761
1076 21819
30515 61855
11823 11924
19751 48536
1931 2978
64695 51032
28468 67022
44816 25302
55083 21153
40839 60001
65326 48374
48680 31368
60777 22966
43287 61889
10516 26187
19149 42301
7346 17387
34932 38402
51436 8496
9357 4049
61624 27133
23804 60448
25192 60188
32779 58151
1654 31705
15986 23184
32632 60478
50437 14570
58060 43419
32397 20876
4393 32095
26107 60584
60403 903
12316 4237
27322 53261
61975 61632
51004 50505
40909 9223
42345 54669
20790 34083
5530 15858
16010 3110
63076 57478
39167 63021
26048 7837
47242 38400
6828 52219
28546 5231
14802 47629
30929 52355
56907 67052
42535 57678
1975 56176
21937 13583
36189 19135
15683 34407
31863 14652
1171 22146
5505 48034
62295 54119
20316 44543
11729 18606
32601 31860
20670 63255
65526 27537
11981 34670
44358 12731
7872 43258
7835 9709
46599 60063
20175 64432
14077 34079
16493 44885
63943 38705
30498 58285
41516 43341
45524 59032
57504 33807
25293 36084
2799 4686
49515 18353
46946 19402
17660 37806
32860 3401
5176 28970
63610 48609
57345 47543
38629 38171
64238 40195
24875 20750
24462 39944
45570 62297
42426 57654
61394 38651
36088 20243
21017 16850
9028 19206
20320 38317
58902 50362
38755 33726
48119 29874
59518 3671
95 27743
66317 39710
49682 19447
24319 1582
2454 34003
47721 47732
31299 66663
42035 67741
8303 53195
50790 62518
24887 22336
65215 45117
20203 65680
37111 49069
42284 49543
53714 63603
42209 22168
14479 63184
12617 22989
8740 63439
5738 49791
23415 1866
4100 8488
26487 44875
14032 40542
63619 27058
25116 29401
12944 19673
4171 36480
50935 15676
64214 25814
33547 46728
6434 65378
48019 60205
28931 1600
9290 29934
1716 26547
27360 4305
64410 52232
10481 12956
61350 43191
7957 66509
47308 8808
54520 35583
7642 10414
34841 7337
5329 58542
9226 32503
39834 32073
28299 33564
12730 23945
13268 32125
30280 29929
50507 23257
24833 5274
25313 34835
32606 11975
23449 24906
54420 8346
13830 17374
46919 27228
60126 29831
55978 31974
13645 62559
21865 12881
23645 6696
52633 9576
66152 25746
44239 62692
20733 15258
58067 10930
41308 62395
42554 25874
48723 13091
56439 28180
42396 63863
31552 39317
28040 1259
49161 56329
33304 14618
47188 58018
59298 25533
58655 59803
52048 65
26 32998
4544 53369
37288 35487
2137 23139
67845 43076
17706 66492
39563 63345
861 67398
39366 37193
29084 34630
28158 32640
41276 44715
2845 36083
67014 65938
20279 40476
12359 14611
4947 63909
60342 855
46617 41840
20462 66788
18142 61671
34733 64984
48115 21382
32750 23436
39362 8594
12047 56626
52403 39930
28500 58091
10119 44884
42559 23942
63247 25375
22663 14250
64000 30383
39374 27947
4899 40266
50011 65770
10287 40028
7330 41946
43830 61850
56926 39330
54595 20264
15800 42437
29717 20499
50134 25154
7095 51936
39949 22516
5398 20702
19606 20596
42839 42688
65851 67695
28941 62099
20080 54646
6622 35309
51496 29980
58408 34453
66156 61864
29110 39796
56615 48601
37983 19004
51685 40139
19401 46391
17327 41334
44063 58945
10820 40373
62372 55745
6464 51583
52323 54674
34414 744
11152 52964
52236 7250
56950 46349
17089 18341
17678 59886
63036 35941
25967 2554
51816 26505
25704 27343
32276 33546
31761 38640
9391 48953
34899 3104
56370 42185
42391 56034
11744 42689
14750 26143
54210 28178
55515 65922
47877 57686
45654 35909
24968 14004
42040 9756
45158 31869
3173 21027
39954 42662
22185 62873
45839 61588
19113 6030
57733 63838
5883 32748
30604 36719
26174 49155
48998 7775
11248 13296
14729 7356
7149 44918
31857 36182
19357 48425
37708 57426
1801 37256
44994 14554
14586 61846
39993 17601
58991 9698
61760 42539
2982 54235
43500 19716
27396 39172
27771 26214
26713 11536
63312 57444
18527 32143
2411 42971
49363 34173
5700 38197
33484 2865
22325 18412
7879 8914
37227 41152
26306 47348
35558 58438
6958 28156
60944 24136
1093 42110
8730 61385
35562 29843
14142 60399
2501 47475
38338 43649
50663 26082
30300 33952
49900 33471
66656 3033
13056 18386
63526 15623
11538 53842
24435 56012
26067 51945
65622 63748
60030 6296
2817 7902
5211 2124
39968 57306
43722 4206
64217 66089
51564 42870
20579 64489
2409 37048
45454 43746
46126 8797
46581 9903
39627 12078
30960 14724
65701 20739
36160 67306
8128 11499
33775 61401
50748 25021
3863 9580
36726 36290
19885 61043
44799 59152
51492 19950
17992 43311
11508 9572
50097 23813
29810 44540
54701 59513
31505 56676
20022 2816
55898 52621
40945 38511
43161 833
58874 51112
17272 2474
27101 1120
18164 29522
26518 55988
18103 19726
40502 33929
17728 29215
19026 42811
20716 59999
41615 26258
8889 46485
15518 20003
24135 24753
41629 19436
19074 27020
41772 40434
54270 23801
53904 13225
39761 3438
58066 5172
35888 16689
19918 45682
24633 9079
13995 42921
17242 30161
24216 27369
3434 21403
34979 55612
30267 35531
30433 30538
3419 28474
47090 46576
10418 3578
62470 17998
65841 57625
61442 16137
24115 49167
50786 3333
64415 58190
62109 27340
18025 49862
21468 58565
25331 57482
29659 52322
53555 26036
1968 26953
35371 49874
54139 16339
29171 22951
26586 66415
26813 67699
8669 15952
23210 21350
57578 27478
64218 64109
42585 46975
59972 41535
32347 54412
56041 27569
53067 11901
41013 66442
51663 47168
5048 62650
14329 33461
59194 66681
59887 14680
5560 59894
32208 2117
67988 49812
51854 55053
5145 13116
50778 46489
67650 47238
6462 40630
24885 8560
38166 56905
57614 39413
39919 30063
37476 11070
60470 51077
21822 61783
55373 2078
38591 36008
7150 42372
67761 5947
60763 18447
59205 32637
11855 23247
65623 1216
14834 16771
23563 20416
17735 18379
51521 61580
42397 5111
59099 8020
3266 27503
23446 38416
59465 48720
26468 54379
59597 20642
11821 54951
42478 22600
21496 22891
16194 67974
11953 19842
14964 23805
58904 47851
47572 14339
11182 21283
50344 65216
67066 26749
20959 40117
49635 52908
49887 48914
22399 34758
43935 42084
19673 3733
21250 3386
18954 43462
23445 3736
6726 61670
54996 4486
40379 53433
40570 6095
58492 49419
37852 22249
23685 20732
15409 13123
17246 45701
26589 29190
464 12075
33176 55035
1601 8694
60116 62350
65226 60875
65359 54405
754 57727
64680 17617
31180 95
28427 40820
62353 62423
59473 61537
53760 33668
57918 16804
10408 42321
862 47918
32076 12636
36453 62625
6412 64593
24228 25728
19433 16494
7218 28746
45747 67468
4814 17015
19055 18691
4251 29564
43400 10773
11496 12425
6427 52932
14273 37002
54652 32740
23364 29652
21147 32856
37275 24200
23255 39467
47211 43074
4698 60575
12207 67752
39230 34961
42313 17264
48310 42985
49669 55316
8870 49122
56011 19035
8510 50467
38383 6294
61711 25939
17636 23878
15994 1878
35969 18738
43151 4472
54233 31173
27505 21219
27401 52005
7627 42275
14327 1536
11492 63017
63395 63419
37643 45076
55975 24609
41483 53171
34035 59259
46381 28160
17002 59401
65064 15443
64554 36610
23581 67436
30504 44218
38075 44205
25370 24422
208 44694
15494 63879
3144 59811
60934 12649
15457 44876
27176 34455
54347 8273
5963 47897
43751 55905
45830 3332
27832 16545
1481 12398
26371 59957
36914 14567
33348 38760
8892 16555
40341 45564
39359 40244
66413 59319
42458 57169
804 66156
43685 23936
51911 52109
3817 66966
23021 18575
43322 29080
44295 2192
62798 46392
62194 19893
4661 6160
17794 47535
63111 30203
20367 21857
60375 49083
43924 13126
60617 21711
54258 29657
7343 19930
39236 26503
41354 36494
27298 6412
43480 52544
8679 38863
19570 51089
36761 55216
4086 62462
44454 61343
49184 42195
21754 17842
51062 39321
24561 47
15316 9814
40408 32943
4146 40843
35586 27362
54247 8758
11377 7763
65150 53789
31149 18390
48705 18848
59233 63037
39667 21005
28330 31781
39626 51281
22940 20899
14711 54921
49050 51250
4902 25346
26490 32581
12138 45929
58167 9245
66322 29663
3269 36205
63264 18408
65544 52618
20196 16184
44580 18666
63370 36107
40680 42923
42905 1412
18782 15374
12879 13450
67653 61750
17396 30433
26895 57446
4792 39168
60211 16367
50802 59555
15183 9228
539 44745
5772 35666
11414 5371
61195 50005
6048 33483
13514 14790
40958 61149
2947 55825
40914 63872
42059 29444
26288 13507
25238 11610
37561 47521
36262 31627
41832 64820
57818 56686
15421 55270
35738 13788
19572 36727
20644 36159
35867 32987
15003 66562
2000 43101
67379 55004
13419 32932
27077 46749
45917 1695
41745 13256
35528 63642
18555 64878
32090 29018
22450 56855
9338 34833
40813 13627
44400 63946
58150 5519
6649 14130
17050 12921
3801 12441
61701 15398
6614 31276
13885 47278
50280 55291
11288 51609
51370 5226
23460 45522
58437 57704
46613 4886
40953 52258
43560 56597
25972 23690
10296 3165
61040 43118
17275 12951
12179 38310
61378 54021
12749 3720
59715 59851
40684 33229
61676 47001
30369 46187
29334 32598
18838 36259
33824 58460
47639 6266
51391 42535
24033 60058
43297 34495
42568 21050
59413 27444
63899 42190
3967 52602
8568 45684
62304 22552
14797 43748
46065 46112
62738 29829
60456 41489
22388 40087
36997 13278
45694 11854
16698 53224
66578 41016
13492 65169
53175 24405
14023 50161
42713 26497
9297 34693
60421 63628
52536 45954
54191 44172
31942 57380
20844 47378
63226 20869
50308 22092
8659 42305
44659 2088
27295 14612
56512 24877
57063 40702
44853 66339
30954 38825
22687 23319
10210 9953
14985 26034
60675 12238
42648 11868
12800 53037
58356 34521
23092 19106
40375 44586
53189 46374
9124 52004
14254 17437
49665 50495
42915 38524
64789 10776
8059 42446
11867 58005
28523 5345
18209 20318
25 35886
19232 64815
59373 29422
38208 28702
51116 32159
58611 57719
25647 28308
26957 19055
41498 1628
39287 38902
39918 31940
56981 2723
45124 63344
1065 57535
66903 54333
52979 25198
16719 54045
38560 24387
8181 67971
48395 52379
6964 50739
111 34275
47087 47707
14379 34545
36990 56534
4088 48527
30834 47778
56586 30764
51678 41964
41698 46803
50174 10098
53220 17629
50013 42161
57042 32362
27685 16878
22730 12665
62243 66513
18229 62356
24672 41090
50410 13738
47224 29862
54688 45658
20221 29356
37811 60987
16456 35276
17601 6974
1521 60325
9404 57393
2059 65161
18874 57172
63793 8475
57244 22459
17797 2899
11098 58782
17986 7543
54508 45562
59773 62473
55798 19383
23567 8360
59559 46454
66771 8574
55591 36188
58989 33032
50426 3615
46571 64332
29589 56470
24353 17480
55676 51937
974 59260
65295 40610
31032 39933
65763 43324
35292 30483
53850 66579
48100 53365
4386 18905
4964 41217
63343 889
48311 6944
14833 46970
63116 15688
18624 9308
36625 8340
60941 54226
67758 21130
10255 25510
11593 32611
32143 23507
10235 23756
40960 3865
6918 15664
45030 43489
1414 11680
61456 12342
59512 52895
67196 50784
61504 53422
43453 62182
55184 18155
46258 44997
38617 23985
37908 12565
21956 40790
4631 46552
39856 23254
34137 56409
8051 65495
62019 11893
22162 24192
6766 34145
38241 52616
3579 26294
37594 29707
63539 46033
10815 10692
16623 44528
66270 59209
10075 12325
36419 33787
33037 2674
17373 7983
36828 7753
36074 48910
33680 12517
1862 22088
22887 227
19810 1649
58544 611
48467 42843
22990 50431
34243 40143
30959 3625
63560 49131
23700 9095
4338 22596
44938 24705
11063 65301
19015 23828
20205 28623
65005 45253
54126 12710
50223 20274
31189 49043
57696 23191
21927 57764
27638 23265
45230 66497
7121 19511
34655 58341
15204 3977
6885 5083
21968 38199
60820 14127
52265 45752
62421 23648
39501 67960
62426 13071
30627 65229
49782 25318
51128 20350
34423 44224
56982 59595
1555 50967
37853 58712
50071 15255
41378 8581
12762 44348
46377 32273
56596 47933
35729 18532
43905 31386
35433 64326
35008 24687
12882 52991
33469 5452
51270 46966
60439 7684
31693 12948
25550 11922
44225 42016
23583 51667
41061 26337
1387 37036
8907 41985
12806 17758
13620 58708
58451 25958
46074 38399
28760 55879
37133 52985
33017 57035
25308 49423
4462 10799
3107 64287
12051 3124
28420 64388
15964 13674
15726 42142
17028 63453
49278 50962
24218 40095
14529 65224
24152 37644
33206 7225
38610 5457
61205 11690
9925 40255
59434 22723
36227 41112
55966 6286
42390 3666
33730 6188
9699 39708
36345 50450
8178 24673
50175 46107
50934 6873
43602 56860
7873 66634
33848 23369
34691 66683
23322 48605
57748 5862
9097 28115
64451 12931
51464 59931
23389 24341
64495 29042
14213 41984
18858 9564
56526 26688
28625 64917
13927 27098
57879 5929
33948 27005
4570 15248
9558 38069
9230 622
32847 31509
58443 43353
2460 23208
65235 51108
19511 48731
114 52686
4960 5867
51182 20438
34923 32267
19872 33841
43232 55423
51293 40599
486 26854
64315 35733
62671 53636
52942 1341
9189 54512
29603 54217
434 49432
50388 36450
63186 24838
15887 63992
47045 33217
43705 1368
52510 5479
7235 58869
11884 16894
47888 29226
44573 9244
10546 14993
60246 15110
38006 20831
26624 64034
23150 8717
5156 24034
50354 42911
25036 21938
39174 33620
51132 52194
63767 37331
11124 37545
57408 37317
24834 34276
18343 14221
4680 15651
25310 51762
3325 26494
31259 11339
64125 65270
50957 26318
8257 16662
40335 67925
65495 4679
58892 61468
2152 62760
4856 14332
44471 14603
7348 29969
44266 4985
5612 50865
53151 24180
15492 10959
27746 8835
60080 31687
19524 57141
30538 48615
9442 57424
4834 18712
18559 57937
64081 5381
2499 66011
61764 24769
6004 27582
31809 41671
17110 5736
1883 1863
22578 20017
6549 44742
40284 32874
12753 45891
59794 60560
22373 26300
8384 7397
13938 51291
14966 20067
65162 38248
28911 66270
8272 8343
26561 29523
55865 24113
44217 25473
52693 44026
42499 57524
15834 3318
18001 57742
42152 32215
27949 37724
5976 21116
22735 18791
43976 41623
8287 7434
35900 14597
18513 8537
54416 67902
22027 2289
48488 22272
21628 48546
57497 5038
31935 18808
5335 13605
13103 30627
49301 774
20678 49967
2049 449
63828 7657
10581 50794
833 15682
23517 4614
11684 9690
37190 2595
54556 62447
62392 50601
16633 37024
27022 50695
18755 31152
35514 64299
59038 32774
54006 45240
22879 59636
4932 62801
23594 20073
65522 59536
39479 47204
45594 29340
54892 18928
600 37600
30886 22853
25154 50916
15402 33714
12542 21014
47436 48245
66525 2745
28741 56589
60846 39303
27278 18873
36232 5578
25392 60285
14770 29752
62183 52722
65211 16388
23112 46261
20941 27277
5652 53189
7082 55200
47736 54753
27472 60370
32950 59286
43817 58182
59395 50914
5678 60755
13687 44277
6876 42731
3810 52283
63578 17448
67490 26990
15213 32245
30842 25031
58304 25507
42726 47634
54928 60736
26051 53505
42689 49128
30155 27986
14436 61635
29856 14241
12854 59287
31080 39364
54080 54018
26209 6670
49222 26138
28923 28466
61734 44261
63493 20542
7123 50370
57130 67830
18998 56595
28334 23635
59637 58063
23339 3125
50769 27061
48954 50590
17879 22590
59997 35825
25449 20429
47002 52675
35350 25928
26505 19751
44026 53909
16674 41484
4207 61418
7819 32205
36780 17113
17892 63791
14564 41447
61019 4628
60107 12723
54818 11240
45034 2814
28817 1137
38688 6915
20551 43452
22274 11790
30108 41065
11335 46753
53962 26609
64123 19740
28370 27920
62062 40313
60656 8654
36592 47572
1902 41354
56114 58539
32330 62271
32484 44384
56918 22967
29152 37977
19526 39747
666 13304
54759 20947
5797 19926
5251 21399
61690 54420
4407 15525
62819 53698
12845 20747
59303 61548
64919 36862
31525 32689
10891 14859
1629 19222
53297 58315
28575 12724
17395 5162
46977 17774
38770 49932
31335 61973
11893 49725
2088 62506
62887 22343
39956 2616
21208 47499
60200 57795
3200 23834
59617 58633
18170 2603
53132 64457
24242 45067
48552 44536
60857 11143
179 48493
9267 9030
43635 17688
4288 39336
38875 19594
55824 14546
35362 25839
27152 42035
10612 38319
44001 10889
7185 46493
67468 64848
47709 2092
6759 54754
14545 22160
50195 47870
47919 33124
60995 25169
5358 67296
47917 36733
48030 3073
22973 64175
8783 41756
26833 21874
43900 6818
14885 31301
62718 40192
27499 34487
29549 58843
42004 56748
46231 44240
35044 5303
66004 35762
55435 60043
36326 10518
7139 43637
8306 4113
48866 17125
45250 1400
59299 2519
63731 39677
65727 49896
16084 61620
61626 49810
38308 50908
59242 4717
48254 35427
8602 49171
24688 43993
60015 48077
11444 67186
10509 55642
51208 53372
23438 44844
37798 17347
10086 45383
21597 34287
36169 25285
14684 64072
19393 36916
65055 34954
19727 10920
2975 58966
38427 11115
17306 41762
62116 66689
45443 14880
55068 3016
58178 16847
2816 31846
38210 9754
24781 23214
8251 48941
2889 8515
30452 20186
44025 31057
44931 11454
42770 9885
63721 1265
58361 1763
60032 44714
39857 9226
17296 20480
40173 60394
22510 43372
34080 13872
29725 15988
63471 7362
48746 18182
37768 10638
6203 24324
19444 12020
46285 12005
21076 504
37388 56751
22985 30550
20118 27554
21136 6554
31183 10409
15325 50712
5394 41997
41501 62397
16578 25861
57789 24388
34133 61501
48454 8031
24183 58002
26891 24239
4547 66531
41543 828
45069 10428
19392 23050
48879 25916
58777 34507
21312 18861
39527 24818
15924 16255
3267 9933
53027 24668
65460 24517
19056 42128
41972 29848
20455 21290
563 51730
43422 38892
38740 54039
62117 66409
37989 37409
19279 55906
57948 32893
44393 45189
14722 916
5254 36891
18275 21138
15320 8077
40381 8230
3251 64740
52643 45119
28884 7918
58455 56374
46845 10480
12122 58450
42778 1573
7214 11565
25579 41734
29117 47380
36429 8635
25653 34399
2956 41821
10957 59086
58388 46939
11453 62974
67082 48555
51698 65497
25487 39354
64287 64106
41650 41088
67051 24942
7347 29900
47326 22355
52109 5597
56052 46255
48449 53705
50609 60942
48868 60509
1598 42516
37310 52854
45210 60769
46053 60869
40382 59268
58403 20013
11482 18624
28272 50537
58225 3209
54475 18276
58000 41514
37832 19581
21469 52353
55553 47935
54290 1829
18294 56936
11283 22647
18828 19797
27235 24106
39746 28442
62209 12432
43964 2149
49254 51288
11594 61904
868 19648
53669 35507
54332 44213
22924 25921
60571 2842
17948 65186
26118 51411
24381 39784
50040 36395
37941 24897
64303 56736
5536 57031
39583 20949
64763 63877
60746 7833
29429 13896
3518 8770
321 42374
20189 62483
34430 37922
39344 18544
61937 30822
16277 67996
54678 64780
23511 28365
64473 54572
32080 64292
3729 1700
15645 40372
36336 20789
64626 44379
8746 56230
47417 15971
62979 16965
57157 36949
33805 44709
62396 48937
15675 16795
67178 48440
2300 62066
34019 8274
21345 2322
7670 58600
19155 48498
41902 54658
60430 32259
17760 27454
46844 42756
21406 30598
6933 40965
35740 62415
47339 36770
54987 44664
46660 43393
6386 25478
37993 16664
38229 30006
10070 31067
67354 32650
25404 64041
24019 61572
21907 2543
41447 41086
39463 66973
35581 12529
12562 50351
46089 19446
1691 42160
17951 10658
67918 64349
36886 60646
48892 34867
63557 8773
44606 58915
21369 51063
13425 25321
28558 36204
65980 18755
28982 47682
24697 7737
14938 32321
54703 29273
60358 401
10014 42889
15279 46684
17201 19153
2278 35751
62852 41948
45641 63531
47523 41179
18221 26223
57926 15777
44833 38748
22572 7939
39936 25552
3770 66078
15545 32536
29145 49285
16871 55443
18660 1431
29698 39083
40296 34209
16430 26771
17068 18883
10303 38811
55681 3314
14644 3778
10189 55237
2465 10317
63473 48318
56525 60941
5573 19349
25737 58548
14132 50073
4299 20576
67303 58215
7769 41169
61484 14123
15588 35856
33163 59762
5673 36170
8684 25924
1347 59420
12649 37325
16226 21352
26218 16848
3836 2223
11899 16242
19079 6872
36357 42800
45592 62535
46164 48343
21045 18580
65620 41323
31697 49156
66180 3338
8958 56920
12990 42453
1833 51844
28443 23331
25107 42810
36944 4527
22515 37082
568 42470
12935 7322
28052 65101
66086 8373
62222 8900
48034 18339
24265 19867
57628 13403
14068 21415
23705 30804
49757 12041
55587 46804
28086 44324
67404 54086
29826 45033
53423 9120
41194 64548
16203 52503
61067 8147
14460 54573
17815 20315
64988 11728
37785 27166
5323 58786
10781 20849
43007 15106
64712 34178
15168 29806
50435 31361
37174 7408
59893 3176
40896 6880
58191 29560
29606 62744
53384 5557
38089 5529
56094 28705
24745 30496
62348 20006
48162 65613
23501 41873
1676 42330
13786 2524
51953 66880
57418 37964
11142 64518
15627 3082
18792 8908
51749 26231
52511 4720
13333 27373
22115 30082
8482 64418
47673 938
26095 45795
44386 10568
26249 48250
52991 66736
16091 21520
30523 52060
55667 27890
65420 964
36506 36886
35780 34819
52460 49061
46675 66963
62368 50911
63509 20954
67033 26423
36555 33591
19317 43842
59590 25661
16016 42869
64139 34124
65179 51464
30255 15620
17644 37406
3896 59199
6928 58399
8943 67084
65292 53175
3507 26817
23475 24227
50153 14771
42855 5461
20020 50785
39683 13990
12627 26947
10030 26234
64513 39140
61083 28095
38478 39764
65261 47309
64259 60789
66165 7127
34297 30122
45039 33074
2317 28418
4142 66991
56415 3122
15616 40620
50284 1621
58998 28368
41230 23714
49328 43770
58007 27048
60249 65483
4717 42908
4307 60016
23183 51217
39721 21661
21515 64446
64420 62938
17628 37401
40955 32574
50998 10181
63892 14059
14337 36
61581 4090
62379 6558
20488 35945
7306 2
51300 39774
34524 58335
64841 20905
49519 12745
46238 48242
37282 28221
42007 25007
3690 55466
5914 9975
16804 36698
48027 54721
45728 2936
3526 38990
44730 4587
49883 15739
12760 39591
56119 18592
45239 34436
46841 59891
53993 26826
46042 15772
32012 3981
32456 62457
30753 22883
40908 1881
11134 14757
8586 30777
39966 59670
15004 35801
44250 35399
22254 2957
2584 62879
42745 8295
4900 20093
60413 28243
55375 8541
67471 52107
55204 49470
34947 3919
2675 4871
61565 65199
2915 56688
41487 61041
49511 54058
51158 22941
42261 1740
12810 5772
64011 8259
13115 36809
26989 36906
44036 62806
65899 26569
44505 35034
21841 3200
39259 35647
47623 24651
57147 30779
26445 58719
65137 256
9873 5784
28060 57062
37665 64033
34755 30346
6231 6199
38971 37555
52695 47715
29608 11589
12054 48143
12417 61929
44151 21483
35831 48925
8818 48664
55982 19097
27491 42037
10049 45455
39564 53347
66145 22802
39310 52663
56743 48774
26225 61275
54305 45540
52731 38332
32934 19351
67551 64817
59406 53455
23672 47230
2439 56586
67663 11331
24451 33188
65432 18041
27913 43622
61250 47012
35119 61153
56850 59084
7849 21533
26300 5605
47747 45018
60620 66369
19366 19013
31507 44781
19723 20897
39358 18288
53774 51951
41767 10715
8445 54917
54060 14665
34988 65718
37624 5503
21049 13608
30951 530
53198 33387
19656 21588
25155 29725
3632 43896
32190 15326
40704 42663
60839 48933
63621 51769
57165 51486
55315 28715
4851 46024
26476 53478
20888 13950
35745 29598
17883 59462
3820 24685
33869 79
36409 64908
23067 18921
63681 9465
2610 53231
7252 39697
11001 27427
39057 12660
8334 25036
53348 3081
47637 2126
52022 4077
18424 38770
30939 15870
14672 27144
65569 9351
15813 8785
33005 33219
65071 59324
11830 15592
31206 55302
16028 46861
51112 52823
30925 1386
55427 39350
18911 44980
14001 50823
22958 49141
28064 27322
35986 39818
57603 56168
53527 62711
33333 5489
7331 64401
64273 4132
49114 65536
14807 41895
55546 46072
32290 4069
36404 33526
18994 62076
47579 50300
62289 12846
2763 55405
4563 46014
7167 64266
31415 3582
33159 49804
40537 5069
47561 63891
15998 11381
30984 62243
57987 33051
50918 12066
1032 32164
51509 12322
33494 59597
39439 49788
30863 44222
38984 31638
27576 61510
21002 42320
57521 40608
41574 59140
53254 28385
4441 53820
35919 12446
10499 1350
64448 16828
61747 3701
43611 66362
55361 58253
13160 9058
34206 65808
66367 23755
8699 60710
46119 36011
42831 50880
59410 6386
6829 15424
24084 67730
58118 22796
17838 5219
404 38049
52516 43440
40049 55933
41121 14376
10779 20290
14527 10070
20687 63196
32717 63734
17052 32643
53781 747
41865 50765
62701 23152
34168 49378
22739 5751
42937 39621
36936 23944
26040 29285
54329 44574
48183 64665
23841 29981
51577 58284
49457 15217
29424 13309
2718 21553
3011 18246
29978 17302
11663 57423
60611 65031
25988 48061
34313 56358
22120 2692
6526 48273
52565 13937
56218 54870
19563 62084
11674 4396
48225 36557
22299 57186
15382 55346
1851 8774
57038 8543
59469 11436
64770 34443
15534 46877
26627 62211
24976 52603
34892 66469
37744 31881
64772 18026
50080 15862
17066 3161
56533 21234
27081 11322
28255 24484
37090 25758
24821 58472
54832 48932
23642 34473
53547 62637
19130 8759
3772 24316
38037 54167
34315 15185
30866 5211
59111 30442
32548 26536
48450 19319
60053 39367
11238 1468
1353 48741
61458 7864
17460 66873
42369 1595
27816 14779
50266 34851
55482 1161
33585 39760
9576 17965
12489 41882
7701 62966
6831 27992
43629 24729
30782 62228
61727 62689
46440 28066
703 12983
33248 50838
66132 9296
49931 19152
39651 16641
51734 66830
48615 19059
17333 8913
5391 62612
22265 67291
66028 9515
64598 21592
44457 32384
61353 54200
11751 47412
41592 29537
56745 34403
18586 53267
34132 7822
15315 56607
5789 5625
16761 42007
65433 51725
36832 3627
47264 25246
56373 51220
37084 58960
34501 29455
34572 62832
41027 53285
57118 20616
21625 31633
41359 37700
64393 9838
19827 56721
57671 4052
6976 54699
24763 8695
19481 11121
30129 19080
24005 5237
4701 48434
61637 36358
34109 51547
21438 36810
61229 60884
57204 44759
15208 39780
64869 40389
5347 61593
57871 67036
46730 63936
63597 50607
60000 17992
64617 61516
14745 44182
19406 11926
16208 64183
45824 44881
12266 67764
26704 8249
37240 32977
23679 35156
22059 35554
66682 37873
27840 67308
23668 29864
54581 41033
10071 42489
32265 31381
65289 25070
12361 45681
43078 40154
3403 25146
37262 43909
15990 67853
51665 53942
48964 36507
13903 34592
42407 55555
20156 24688
3785 18256
10626 38669
60324 24900
62896 47381
59514 42093
35301 22730
761 15364
43179 38203
59389 32379
42588 44221
16951 65137
27705 49152
37088 32196
42359 51332
7280 63484
9270 60173
49990 44748
12131 19182
52280 33388
33445 33101
23333 16310
31468 49357
52287 51522
11691 429
2689 8723
27293 24764
21357 33399
50922 64888
52743 59607
37348 36319
15808 66994
39132 55115
64337 26109
56671 34826
40646 6684
17209 56061
47061 64168
12598 14167
48164 62439
67195 57302
26198 50710
64176 41045
58386 15656
50868 18315
62448 23738
35191 16111
55453 47361
11826 7144
55383 5379
48266 9212
24427 36354
56900 14086
55839 35182
12183 16702
5301 12569
67285 55479
44794 26856
60756 5235
29391 7849
20326 1292
64923 14606
11007 44251
38104 36330
61371 56336
57326 30211
10379 28894
62602 34962
19479 46341
16750 30981
39376 19885
56064 3009
38730 41513
6256 28820
10032 22524
5911 50237
67295 2286
14108 21024
66933 11951
55695 35354
54136 63735
12385 16327
60904 12542
33212 32270
46591 53268
33406 28964
10718 31723
65988 60229
2133 21712
14934 22747
60671 28881
23535 14076
23883 416
5933 31297
10918 40435
54559 57042
39014 50686
41150 27970
59638 13156
58976 10748
34744 53548
44740 58214
24536 58003
27666 50394
24260 49829
10253 35616
33990 26887
13937 64425
56859 57233
767 44865
51765 42216
15294 65410
1744 66527
62538 50843
60315 26932
53097 48885
63796 18942
39689 10140
47282 22071
39670 52954
11487 28565
16396 41185
1819 46304
25009 35933
14669 32607
2083 38100
24671 49735
3515 61567
27425 3182
63061 31992
31691 8480
57120 59277
25024 50970
11285 45244
39442 47124
60743 49935
19421 2687
2860 58370
15265 55593
21772 11726
19979 57326
58362 33414
63577 45644
61800 29958
2573 35275
58919 48051
31802 34061
26390 62722
38645 20723
51346 28723
6675 67787
43759 4758
1033 49997
13457 47786
54485 6289
64973 29961
38113 20809
4852 12109
63898 6563
63715 32820
63951 10389
30397 33443
2493 59389
55313 19534
41400 38425
8325 57134
35108 36506
54676 24383
62042 30028
15328 53670
64853 40842
45452 21841
58763 8753
57178 30385
2728 12095
37751 23062
25193 37781
61505 61637
30423 22011
66537 30966
28797 2253
61403 25610
17192 10099
38456 8832
51167 35265
54639 16271
47220 60626
61909 48357
21238 23452
27160 20018
37023 24486
11298 32198
63294 1147
16921 22518
22714 35696
26147 67273
20489 65656
64512 7452
13226 51617
54524 17689
64714 21890
39801 6337
30766 61482
27451 20436
6167 17340
2377 31710
34185 48129
46799 36606
20789 60609
22901 32217
65992 59631
4191 22957
8345 14402
44268 32535
56443 5541
14939 8792
29713 17814
15819 76
29373 37645
63749 60395
33794 64220
44607 51776
46563 52940
6118 61161
35061 53111
19816 53436
13651 21876
6609 65950
57387 65501
59918 16547
14540 4774
13880 27118
13353 9623
5502 48170
66494 15144
13817 54056
21896 50145
15475 49276
26921 39259
20583 48972
38290 3130
66309 41229
13015 63862
20224 26045
47676 28256
43858 57087
18059 19290
16120 58975
26463 18330
57555 39581
54494 51952
864 32047
32155 18654
62085 2147
44738 29763
37586 57545
66195 63803
22448 52330
11172 61126
34868 60976
48816 48703
54397 26830
47271 60726
32172 17094
55276 54500
29909 6731
18088 32161
56207 19076
54187 13276
53649 38722
60130 49026
67654 6963
47419 45948
3902 60961
58010 50667
19083 56805
1304 10240
67810 38529
11113 46501
44343 67183
41263 5312
52646 62844
21539 8881
56895 46201
8057 43445
51547 25360
4862 40678
19786 1450
7578 19129
38762 35339
54960 7850
52692 3236
39889 66783
45110 28665
1036 48663
36672 58768
52945 52877
58483 43784
26888 60332
57953 45473
45253 37346
53020 48231
25860 6674
39523 16161
11047 57462
4846 63900
43843 56808
51118 67368
16516 4740
37215 66316
28015 8820
12167 20098
40928 49536
20976 43274
3070 35011
3656 18869
33908 18640
31633 25734
39839 12215
55411 50318
66228 36145
14476 51695
7858 28867
48888 5491
34047 39704
66519 1588
46462 17425
