41906 3013
7297 4151
1640 17146
18025 42925
16050 20594
14629 811
9145 34395
6718 37792
35742 37029
5698 14680
38699 43899
27652 22171
2083 34020
1953 34283
6141 40517
14329 6242
15248 28368
33119 43367
39454 16291
1740 31584
36782 22660
13032 43497
42591 42036
35714 25224
27494 9743
14447 36592
29440 40168
38619 3577
18232 764
426 42166
10464 10285
27697 33133
22299 30756
18211 32496
10190 10840
14111 4907
22060 32221
6699 21014
6079 15788
24899 21686
6339 18230
23527 3300
22542 33223
39566 14596
17336 36078
2848 42161
30109 24815
35143 26430
8181 15401
24808 5167
5165 30088
36179 29111
19214 37555
41199 29367
40536 5769
23701 32667
37838 29300
12602 20714
4559 7780
3004 32596
43337 42820
14936 1165
18966 6727
5230 26440
15257 27024
6620 2349
24912 36513
18218 35986
29715 12
41661 5957
23910 39598
10660 40572
24261 41782
23284 19963
13731 33315
43921 36854
17497 13557
42470 42900
4680 29899
39921 22339
41614 23813
11216 3557
35006 14610
16044 29784
10709 21757
30295 36711
24868 40617
17692 39319
41944 31008
36501 43069
14393 23809
21253 29658
3666 7473
15011 6386
2104 43183
20674 14533
26291 144
17547 22372
4338 23275
13827 41528
37171 19136
20623 35894
13935 34209
42955 24504
32718 6968
25929 3001
42130 10759
30072 32272
9364 9205
17360 26819
9151 7010
16163 16666
36790 40033
35323 12840
17220 12291
38312 7914
28078 25749
38243 14129
26176 29953
23724 12490
14374 22147
9066 7063
33393 27163
32344 3048
5958 41501
3088 38589
7186 8076
10017 29525
41121 29976
10485 43153
27667 38622
39087 33044
4164 8824
25217 32692
25010 285
39053 34758
30675 3184
34677 36257
16477 28365
36257 38347
753 31650
7508 11614
35191 37917
17487 11381
42007 8414
22294 6787
7311 25390
19235 43092
28493 39358
10366 39726
29736 21093
213 33038
17262 25210
32807 27438
11709 39912
33272 16269
6974 17931
40980 26075
19559 22470
41875 19279
33271 29678
39910 8741
13036 9056
24505 27050
10588 39488
35349 33574
34758 19590
38 35902
39253 20573
21244 36280
32022 41457
1277 14244
7332 13166
23789 13744
20154 40906
15693 19044
3797 22630
15786 8695
37183 42605
5162 11654
5614 33024
31850 35553
4536 41739
34912 21128
8242 7564
8415 23085
43238 36850
31149 31482
36032 38195
10822 37398
17371 43723
34582 27360
39754 34990
27731 18739
13881 27682
35344 837
13183 34258
20429 6978
26149 1657
24473 24961
28712 9525
33920 3478
29589 43926
7931 3710
16247 13101
14726 17497
4197 10548
22157 18784
1379 16421
38556 9597
36302 4066
15081 19343
38565 13370
14433 35467
472 2118
4653 23507
41360 29662
3859 6717
15004 40378
4418 36824
2059 14701
21655 42410
4644 36784
33696 25487
15598 15572
18251 33484
43843 18851
31813 43549
14041 3079
35340 25008
8672 25399
37424 27301
37763 20491
30977 36185
15926 3526
30997 850
26678 16472
12479 13310
6182 40670
6353 29037
43188 14782
28250 41536
23220 42444
27760 24101
26942 38561
30607 35823
3551 39544
42825 12876
42349 12682
6450 19280
3973 29414
26387 11628
22237 4881
7162 12254
16296 11390
12557 33676
12466 7822
35147 24721
29401 2664
9187 28083
27649 18292
12026 36478
18255 17318
30319 8525
16372 10547
4941 38273
29042 16713
36067 370
6417 21664
3316 30562
42739 10146
35428 2618
968 10074
6113 21144
15492 39118
10900 3333
26635 40985
31827 40345
31547 43378
14009 19737
26283 32149
3843 37531
10790 36056
24837 23468
142 4777
25587 20832
17381 34433
29820 14416
18695 12051
27723 34119
36423 4469
43377 33105
31895 10445
10145 27259
12446 35592
19446 35196
14268 26439
3833 6026
37958 22899
35534 14497
3995 13983
20553 43473
3747 21751
3287 21697
38285 23646
31247 19240
32955 14317
34808 40520
10318 34767
3728 31121
33282 36788
5251 42553
12179 577
4491 7519
38997 43840
4454 22676
15415 29208
26462 15752
7857 42092
37335 40220
16136 40707
37941 15980
38963 2614
2605 21033
40592 24994
5373 7431
27475 25289
43082 16816
38252 35405
37043 18536
34262 1620
20734 33874
17090 24574
13387 33706
43892 33341
20591 29201
15643 31904
17408 2874
25939 19428
8578 42699
42304 12617
19661 20993
29965 33679
20721 5397
4755 6289
611 10971
30035 35257
40709 34945
36897 481
6553 41087
4802 4291
35235 13814
13970 43932
33154 41256
8681 13971
22873 27801
4509 6811
16010 13473
24218 35243
18677 28524
10339 42374
28717 4727
35601 10077
19826 1557
40087 30096
42859 21740
34665 2483
513 5736
43770 4801
36347 11665
19621 16510
43476 36575
6789 4617
8801 37681
17333 14919
7565 16951
7015 26715
10188 25431
17849 29565
18466 41302
39639 26506
13804 28379
22472 20736
13343 1107
41566 25527
17301 7754
33123 35051
32017 387
16458 42037
3330 40525
6049 4145
41569 38379
18133 2983
2890 4758
233 23443
21860 32954
8574 6956
41754 18995
17168 19750
10590 39752
28957 5670
36155 18450
28029 28684
36760 24997
634 25895
4932 43302
9769 2020
35756 31064
2362 10245
24197 34962
38176 14410
36211 8938
9706 25625
28167 35765
8353 19332
2742 41553
20203 9443
23898 19534
2615 42464
23450 24454
13768 731
16354 36276
43709 36378
6737 9266
23179 8077
36693 2738
26633 330
40676 37534
10129 39103
15515 25827
10650 35203
11604 35883
27021 5579
1625 19969
11755 13767
21771 22535
26983 13877
43904 27044
16264 42332
17486 33591
10434 9336
7085 10549
25071 12059
2538 14470
30848 40429
14578 16564
13080 12736
30167 7512
22916 11886
20001 43974
14916 37179
14610 3565
1551 35970
43256 30230
12657 42250
26114 36023
21513 4794
18259 19049
4550 4415
18293 16430
23013 6436
42041 12938
33385 38050
26194 31929
35142 21683
21703 23406
1809 8403
7560 43995
17119 42958
11703 15371
38050 6557
17398 18687
2508 40601
7105 4575
39097 20827
28480 31842
22655 29534
20558 21519
28600 40393
39729 43216
33517 20033
7579 38285
25245 9988
37788 37065
12458 37150
16694 23888
2909 20732
28578 28070
111 11052
34074 317
35288 20527
43951 16134
12913 14518
23870 41998
28266 28582
4586 18133
43532 23560
21640 8802
40840 21730
20573 31455
8168 30334
19682 29187
33235 23511
20270 20020
43706 31915
26765 36155
21377 7133
26372 11520
19377 42307
36334 39756
8342 5373
12573 18391
27555 9176
43577 35299
24848 12874
11406 17252
40339 41067
37297 5012
19724 4942
26613 1221
35910 33239
27 41395
19915 2045
18804 38135
13775 37939
28174 26551
38010 38669
39759 13944
42907 2403
21119 36150
30474 17080
28953 35617
28978 35369
14006 30940
33501 42855
31011 9741
11121 23975
43179 25723
5558 14635
18599 38641
33781 19071
43507 8775
41481 30455
40584 32842
21967 33451
6121 5935
15393 26004
20344 23847
14723 32911
13051 695
9657 43430
1601 15656
3029 40242
16047 10869
31139 33695
40061 9200
4773 29244
29847 10435
27161 11741
41273 37117
37728 37082
12743 9582
25165 31687
32400 23515
26192 2649
15990 14341
9672 31959
42996 15188
364 4120
6986 17325
27863 24212
14342 15337
11527 2806
33945 43817
30445 13552
3292 33941
36531 23675
16332 25435
7954 30781
29915 29796
8739 3044
30451 2616
43751 42502
34809 21239
36630 6765
39024 34169
20795 41522
29005 17924
40151 17257
33082 37922
27967 35675
35906 37367
29224 11394
10431 24685
31109 42840
29496 24807
16987 23941
16204 38515
41790 42818
18174 5102
34164 33861
31759 16488
41075 24664
15680 14608
17997 33841
28828 26598
5078 23128
18726 22613
15368 31907
17808 31596
22011 433
20953 32889
35400 9108
5281 28830
9069 10854
9885 15073
15156 5053
25103 33721
10015 42171
14022 18404
4210 13862
27189 9847
26713 12250
21685 10313
35561 23739
30535 39455
27249 7755
4081 43327
13556 15096
27535 27173
25525 21642
38279 7428
1281 31557
37729 31380
24929 31394
31260 13809
387 38719
23053 10568
19570 42419
25559 26929
27461 1472
35273 15970
35792 2828
39535 8382
14454 37585
31997 38821
14381 10560
17888 8830
28563 41258
31828 33597
1903 2569
25485 37505
22029 9625
43836 3665
26498 10902
10817 16926
30631 11799
8365 33859
40781 26572
35005 39280
1768 36937
25823 41788
38791 43369
36988 18577
43451 5620
1777 14195
5502 29439
42124 39750
28090 30895
8894 31567
30258 11179
11910 14377
3296 26921
17050 39377
24845 9353
21454 38185
13872 11920
29800 40843
21421 43231
22119 33477
24847 17336
18236 10992
27628 22458
16533 29719
5368 39095
30823 38706
1271 4512
35352 15062
3414 24787
22936 25262
14695 8665
42608 7116
4497 1086
42714 13262
2639 34257
2034 33054
16206 27512
13066 9802
1336 39683
40720 6312
9987 31187
15634 40289
8273 39310
31036 2559
43874 34828
7497 32987
36961 7702
14285 6108
30477 31605
16794 43214
24176 8542
10997 39550
39708 35343
39797 79
7507 42549
10733 28279
20385 34213
37925 27570
1683 24274
20445 2847
37736 34723
24597 28113
25996 15040
12998 31597
4981 24985
38804 22972
41107 38604
15916 37757
6679 6404
19765 27885
39349 16681
7934 31270
37089 15238
2692 5494
22755 18565
34914 39210
28075 35634
43354 26782
24286 16896
4520 12388
33159 359
42438 467
22363 37879
830 34246
27529 7723
32126 34064
6917 472
28412 24578
23737 42897
41654 13463
30130 20703
10027 26795
28541 23742
11544 6986
34194 10144
42629 27924
17701 42702
40365 38363
35270 16623
31687 17125
30466 35135
28546 27759
38829 37007
17590 23963
21123 40101
16089 18060
5680 26048
18280 13350
29544 27082
15982 36183
30456 36541
37346 31620
39999 11713
43791 24263
24838 36641
22047 36367
1881 31704
32395 16632
21301 20097
11918 37857
31953 22568
13902 26092
23254 9049
16932 43207
22305 7805
18328 15059
39070 29269
18106 10604
36425 6572
666 14055
33858 26252
12522 22180
5611 36083
15818 40241
26636 3412
32020 10535
36385 25501
15750 41673
31202 347
42330 5970
32167 30912
29372 39338
1131 28533
6099 5777
19284 4200
14523 17242
26503 14534
15946 24304
20068 5246
43514 39914
38113 2475
24185 25188
31016 26257
36273 40237
34795 43004
22529 34145
27886 18775
36071 39156
21679 3766
23057 11487
29737 41963
17755 32399
20095 28769
16476 702
15109 13220
7908 43050
12622 33958
20680 18744
7836 12763
35119 2203
12134 39290
12553 33460
14181 33805
31733 15183
18121 40318
38640 11108
34383 2364
39112 23576
18547 15680
6589 42928
12722 19
19415 10319
14909 5692
23651 18084
11760 26178
19810 23143
928 43887
8296 25897
17978 38410
2983 13128
3574 33931
36265 1008
19146 4497
8276 5910
41804 36019
32171 18645
6724 36643
804 38204
37622 22813
18635 22773
30763 18122
31374 14831
28867 39739
22329 12749
12083 29804
3368 26474
16547 37678
31309 305
7477 17112
4283 11472
26261 26682
32228 33177
4856 36611
37816 4744
41252 32976
3514 19285
9944 22281
9778 7669
36887 33639
19913 16889
5583 35253
16266 37677
7763 16394
36574 29018
27275 24713
39736 36908
39068 31696
40529 15944
14791 22261
34248 30072
29525 30194
29015 38459
19488 1793
38570 31587
28104 7620
20014 16897
37266 4428
40700 25079
3948 14443
39953 15069
6504 20692
13618 27029
40994 23141
13830 33850
17344 35105
43282 638
5321 17259
10293 16270
15720 18828
11392 6096
36176 26145
4920 22413
10259 4983
176 36344
26773 11698
38917 31232
30797 20570
19088 23170
2140 14324
15171 37599
18882 17635
18529 11979
29756 12463
4665 32703
15298 13086
17338 15392
40964 15864
38653 17394
43332 15022
12965 13289
27862 16365
7522 40541
35689 23333
14734 10224
42444 6992
9765 7857
17409 5144
9322 43479
3909 32288
10874 40228
20160 435
37304 35487
18915 2770
28781 31608
8150 24327
30717 40677
19929 20672
26379 32267
17842 37652
32799 18005
35389 32166
32362 11985
28689 33498
5272 18368
39193 26076
2613 14556
28314 37793
21124 8405
39565 3549
16409 34455
1696 27734
5986 31348
15003 35440
37697 2135
38478 32931
1360 22760
17663 25803
37765 11456
2637 29963
11482 7889
30835 33962
34011 30152
42698 20687
28982 552
18230 775
11895 13812
38361 24867
28567 38077
41602 6603
32226 21328
5980 23698
30803 40160
22804 17020
26762 12266
21844 35951
21041 17227
43918 15542
6856 17656
10540 30891
21615 40180
26978 22486
32472 23982
18889 12053
43424 32688
26245 27784
36052 13798
2405 27466
29808 24400
5772 23926
20613 26254
16542 18326
21187 29539
7598 11790
26489 37448
33725 8595
76 37742
43101 14980
35560 6546
30277 17692
27083 15454
3553 36395
12294 28326
33977 24962
23710 12850
40805 9559
32670 9801
40987 30998
28970 639
3383 11575
13341 27625
17502 32742
35994 8813
8587 41331
18877 33883
28713 34996
31767 31892
7958 19664
1892 16448
41290 36841
39904 37214
15683 3127
10380 26110
20366 6487
36100 10705
897 3935
36193 14121
26739 31231
6109 41279
7436 29482
30242 21933
7699 17025
42449 23657
10091 23614
32662 36724
19128 36536
33350 16890
17920 22554
27230 1300
31622 26986
30948 7946
15974 23010
29936 39688
36128 13039
9480 37805
25139 42590
12492 42542
39281 35288
33309 11439
8947 18653
4576 23273
18105 21306
27194 33453
22275 31949
33276 29291
17510 5139
169 24974
18537 40218
19567 18778
38466 30393
38006 41400
43250 9493
32090 10983
9739 41982
29265 22112
35297 27645
31742 41372
22619 40129
21787 37463
36171 26528
35615 4676
24721 5185
29842 10617
21089 22520
12364 14957
15651 20545
37474 20767
25099 42796
15307 19095
26921 17530
2861 39675
20853 42248
24985 25917
25303 17777
43496 29157
42731 23801
9969 38465
32462 34141
2427 29511
8274 27132
32919 10966
38679 12052
21758 1514
6578 8195
28856 15377
6535 43387
34469 16492
29946 5248
1006 13801
9448 10939
26869 26021
42912 6751
10117 6263
4904 4181
30769 31011
17369 35943
22188 3528
40846 1728
26050 26019
42588 34340
5264 5456
21533 6812
34972 17201
24905 40508
20753 10177
41078 5526
31979 42916
35457 25549
2353 20275
40466 15032
4485 16214
15386 18624
41364 29043
18834 41058
5924 8285
28441 8604
6452 34521
41534 11181
6587 1873
29077 2304
10903 43487
19626 23386
1898 21313
3015 31206
21259 30618
3678 35428
19227 17853
23493 35950
24566 29154
28226 8855
9541 11603
16004 38721
34811 39164
27005 29921
11801 41357
11141 41672
11474 36962
5176 28507
39944 34306
40614 41930
15784 41913
32616 34983
38218 20294
9380 22753
15217 31566
30222 35368
41806 14886
16645 5870
30119 28958
16734 20177
43703 23972
616 27015
30491 17027
18851 10206
35822 19895
10354 692
4841 7
28950 34297
22647 8933
38508 22537
19606 18794
41874 30750
27808 35069
16391 546
29940 32240
19800 31266
13056 19636
25212 599
31668 28210
6990 19197
15546 39126
24994 15153
37482 474
23525 35928
37671 24488
19391 12359
19349 26984
1438 36737
43138 28647
25940 25871
17989 16378
531 10701
3215 42336
39742 25541
32554 24797
18757 14457
15082 17235
39785 5192
23090 27672
14353 40982
41722 15700
12461 33857
40691 40188
16426 17817
43201 18657
8964 42498
41173 34862
6368 17618
41122 27061
42359 12321
2584 4487
20247 11955
28890 8954
2187 18979
37983 7233
23912 41740
8613 29842
5907 40484
19341 29673
21412 17835
27231 40813
11511 32244
13160 12307
8662 1272
35351 9972
23977 3253
34790 35060
32886 1451
17861 12186
10784 6703
16841 18489
31579 17642
19343 28733
22199 538
7548 15258
30693 5912
4935 9876
9225 966
14786 32348
26045 14234
36525 22408
23972 27542
5919 20420
25859 32663
913 24340
17332 30389
35165 2080
8100 21644
29805 5258
24156 9575
17182 3673
38310 17466
24971 25718
41848 4679
24345 35599
7101 30812
15324 11902
30899 12596
1641 16390
40603 827
36793 7993
21497 16316
39983 25219
14508 29030
42445 16199
4143 2197
41642 13054
30427 30202
19805 6158
42549 34154
26759 43648
7647 13661
9161 30988
2972 25502
2439 20455
19947 21173
32285 10395
7611 41233
6370 2765
15388 36018
35229 34140
8891 8005
25471 16602
29730 31538
24315 41847
43941 19584
35403 13024
27468 23621
38492 3414
10127 43693
27190 14273
42921 7401
6490 15465
32070 41479
40348 28454
26747 21268
18334 988
2145 10969
24284 18095
14239 38319
29058 7842
29144 25940
15474 15932
23769 586
6512 2753
24074 38082
35683 31148
42260 39074
23507 10158
3969 5865
26093 16301
18081 10335
12440 32763
8006 5991
29801 40544
6008 22179
43436 40969
13901 3936
42055 3918
41910 23300
39135 42243
1400 10088
3315 35151
21857 7039
15963 8247
8253 31972
37001 15249
13449 20758
36321 36593
13577 22762
38430 28752
14153 12647
15270 1400
9671 24758
39059 23473
186 2588
18172 31805
9483 28673
8520 36637
35404 19315
16427 35569
11436 32119
7205 12438
43324 37140
1690 12231
8638 35627
974 22785
23478 21213
15594 30697
38592 18044
21219 39236
1035 36342
11420 10509
17392 4514
3435 34809
8308 10160
27589 29451
34478 19378
7449 35495
4166 24060
31212 29759
29379 48
23727 41814
33636 33159
38907 24841
7147 12160
29623 1227
33020 40615
14520 23861
40312 40646
2842 15650
43182 21018
34174 4152
19768 43142
30019 35322
42162 25395
2042 12444
3987 34346
31391 32608
26321 36141
27937 10102
7076 40177
32131 18556
29070 21142
4817 26857
5295 42003
21110 21105
39866 7240
9722 6309
4305 34289
8271 43182
18024 4370
40916 2869
41490 8505
38363 11708
35938 2050
21312 13244
24963 7016
39151 31810
34771 12558
19327 6472
29735 2086
33132 37422
39678 42058
28194 25468
6500 43118
7499 32107
42908 34461
42659 40893
36133 38686
14092 16774
28186 3217
29594 24010
14975 14466
27120 39712
22213 4645
29721 858
26132 13680
27263 42976
6232 32205
20484 5241
27969 30675
20482 41873
43589 3979
16705 23654
24531 36571
10004 27260
31082 24188
4400 3821
5979 40432
5595 17421
6110 34670
28304 2665
6329 4613
24422 19917
8528 5108
36463 14150
3931 34045
38435 6365
36805 6634
36811 15140
21604 34843
43910 25254
8011 12417
26923 12657
23174 34485
43604 16303
27718 37358
3372 11725
20477 36597
23046 36579
6790 27210
37875 6915
33254 41853
13943 37786
10141 23460
43040 30063
31601 43598
14697 27989
7093 6823
22946 10933
36456 11823
24089 36043
7530 26317
18257 33076
37625 22120
14822 43093
28123 10367
36764 39317
40746 29034
40212 23090
42120 20654
36487 36051
1721 21277
39912 24362
43112 28220
17528 21198
11824 39873
17910 15776
20250 36907
22271 35759
23005 14020
401 24581
11889 36061
9389 16652
37115 23594
43080 29649
26266 29328
4561 26024
9298 13
41496 2272
2010 18644
6014 39044
34766 1069
14099 33923
24655 8853
27515 19782
29731 431
22341 19683
10316 14542
24252 14079
20424 20638
37198 1423
39075 18086
5568 36285
3448 33507
10197 36460
10317 37400
40491 37462
3262 10140
5347 6180
17833 2474
29040 30171
43381 23309
27789 10231
31829 9071
39786 17367
27144 24058
17903 38153
14128 16375
33578 15270
7460 16794
22622 19681
28175 6024
7268 37388
18563 26202
38872 37295
31892 14250
34534 5060
43722 21280
20213 31624
2977 11332
14452 32000
25904 37764
39278 6250
3591 39010
504 42091
13398 19687
19754 2450
13844 37768
8994 25006
16746 21915
18970 22802
21504 28463
7864 27298
507 7900
32597 14859
28224 42781
11515 39473
8467 750
24918 41543
34904 41432
32786 25067
36617 3548
43782 19975
23211 34366
4724 2699
26023 20927
2773 35385
28589 37023
1229 9803
30131 21420
5103 32926
20517 14471
37733 10040
28134 3311
37579 25748
26505 29204
41953 39003
27374 37700
18974 33078
7549 5904
26545 14555
1367 28308
21285 18992
11264 25843
40510 9701
30153 8664
23715 22032
5776 5410
28621 31186
6938 37450
28553 3232
38593 35924
26244 26162
34339 17207
5155 5576
25937 26118
20335 32888
22251 28475
14521 8545
21828 8839
11019 31518
5006 36655
33456 12984
41500 31973
7473 25908
34774 42746
33421 37443
12708 12852
22897 36777
23010 40370
42300 34358
9680 16138
15485 15881
6738 4696
9598 17450
16776 28185
12929 21196
11371 37750
39479 5872
10019 7375
42960 27105
4939 27758
11610 23939
41154 22827
32383 12484
30406 21020
36945 22579
37977 38921
29420 42953
36995 1587
42140 19977
41635 11093
40929 22920
21182 40385
41106 28981
20719 40841
9894 9557
28821 28867
4476 2942
30732 15302
28981 13087
41379 24499
19846 5624
18002 7365
38760 3575
3682 15929
23065 40699
33249 9679
4863 18854
20343 901
30261 22497
29617 7293
2465 19997
3729 29496
24166 30880
18814 1491
5029 21750
42249 13698
5918 35259
40306 13886
38934 13357
33232 35811
25198 34293
30325 16952
38033 35967
36328 31656
2689 40832
29474 9264
37465 43796
42719 1206
12337 24682
21072 38208
39650 43485
31171 34525
32858 2850
9887 16742
4055 11163
29526 3940
6784 18614
22508 13153
5527 40499
33067 17779
42345 3479
11309 30472
2566 42911
16237 547
28798 4365
34346 25471
34259 43279
39965 17781
10404 43450
23849 43261
24436 23608
18540 7071
25390 1251
26790 19169
22176 42560
39184 25332
3432 15150
41346 24950
42422 33328
21932 6528
4320 20674
21607 31763
6194 39132
36567 34837
25334 12218
18622 13034
16515 32811
43029 30015
39499 36746
9855 1409
21848 2606
5342 34696
38191 19984
43491 21861
9269 32109
22926 25782
20332 10290
43394 1205
25688 22727
8451 23063
5553 23291
20289 40976
24687 19814
42172 15480
21528 32851
8376 18080
43917 4064
34498 41012
6125 16888
42338 25374
43940 1932
27749 36369
33325 18363
23713 14784
1195 9943
23764 22400
20242 25746
11814 43053
14038 8996
22396 5754
31869 25049
12584 34126
14847 40138
9016 40995
10155 14905
5058 27351
19386 15753
6629 37546
35375 10011
34507 27949
2474 20473
22071 39674
40504 21581
8589 29437
39142 35536
24689 8636
10110 13551
10634 42761
11852 9082
40943 38079
10849 35479
28684 13259
2864 9052
26927 20251
23875 34329
15567 8864
29112 9513
40016 43007
18674 37018
29421 10358
15336 20808
34997 4445
15675 36526
20282 34929
30738 7759
12716 12068
24107 20815
37384 9537
28875 1933
30257 20886
18467 27135
25027 26952
32959 19881
34568 29033
27438 41737
10621 17944
13088 9959
39628 12317
9071 6998
16385 8621
3420 12108
42021 1717
31496 40107
24328 40433
36343 17490
33811 39689
8171 37162
18682 40132
5497 15134
10507 39084
17878 15217
29447 1710
33644 23545
28671 5209
6011 31235
14552 8788
29566 32921
22911 39631
1748 30721
27191 42571
3491 24508
25983 12058
32900 25393
24508 32208
15452 31055
25308 9013
5349 10734
24571 12666
14716 14830
1848 2113
20886 26778
6494 984
42596 17686
21974 27070
9572 14586
9018 43997
2511 13293
18801 13407
30963 4335
9096 11605
30744 28789
29400 40440
40328 21293
345 29986
5193 16174
1246 28021
16773 26534
14134 2742
9799 39842
35967 24929
34589 20507
27739 25832
7287 40076
15574 37483
19737 38916
7986 35138
3130 34422
15627 42035
27514 2524
40817 34122
29958 7165
4117 29597
7266 29944
32757 2780
39108 16104
35131 33994
1078 35250
41416 25927
33776 2573
37687 36550
15856 25389
9410 33825
19089 3231
28131 12443
103 19083
40293 28807
23123 26086
15766 19960
37400 18738
27301 30235
12276 10911
43541 27687
43793 19296
34308 40183
23633 33881
4436 9322
34476 30382
35657 42343
33268 29603
36317 5928
1333 32812
25589 7417
30811 11782
2854 38368
41660 35810
25355 8868
24465 25761
16624 27104
1065 21199
23403 29550
4428 1633
22597 11723
15803 29733
43064 38687
41174 13234
6794 29799
38136 5911
21792 42506
8744 10748
2906 8097
23089 5977
35784 7482
42127 29452
11475 41555
30450 23786
31362 5591
41402 25172
11946 33533
8838 40113
4136 10480
29995 24818
2424 36068
19232 24944
13212 2878
2871 11200
13073 21968
2747 37061
20683 43223
20322 9837
33777 10625
26099 9477
35589 3363
31025 27498
16602 20190
2400 20285
42396 29246
12525 18926
18751 41056
23395 11843
3133 7705
42975 8623
21754 13295
17906 232
8158 40801
24119 16588
28637 801
26216 30058
28819 32613
25340 32680
22220 35619
12244 377
32520 39845
32606 32340
24075 15590
34032 14214
17480 38592
5415 43220
27821 31177
5173 29737
28221 26880
39483 28959
11827 5204
35749 39402
19253 39329
21051 16038
5248 35871
21491 18227
43315 41199
19376 36540
20087 13608
39494 3206
27926 12114
10922 9717
29092 3609
23039 42814
29304 22874
2776 2407
23106 9528
40295 2126
28505 43713
17994 37886
41909 39537
3760 19559
4918 21700
43987 5748
41781 3214
26622 7137
23810 27326
33626 11682
2041 10574
9358 18638
39818 40049
2281 43315
4407 38992
15467 37506
42282 36843
24008 37944
23734 23606
25091 6104
37175 19615
2123 21157
39656 24155
10056 24835
29487 4435
24312 28006
24381 36076
29095 4255
5039 19192
37613 30856
9024 8818
34699 7997
24049 17985
26086 21576
20604 34541
42570 27117
18265 34384
16359 13753
7435 13701
1699 40112
12193 3814
32706 7164
33931 37446
25362 41221
36810 34666
7718 5746
17156 31698
17059 39635
29247 18822
14063 27988
40100 39902
18716 20742
32192 17018
13119 37693
8038 40845
8896 23191
4854 8501
29626 40259
11316 36873
29171 32532
5754 34060
20945 41410
43768 32620
22769 32277
4256 11791
36045 39939
35532 15252
19030 19038
19658 12685
10323 104
41793 7747
11410 1572
23691 30467
33342 40991
14696 7729
13172 13588
9102 40325
32377 27174
1723 2982
23652 21876
36309 22915
37505 36728
24177 41780
30632 13916
36153 741
8505 41984
40105 13186
5651 18457
4309 16674
26094 4446
31370 20171
34452 19680
26922 33207
26833 36045
37677 21229
4834 402
8214 7461
20777 21843
42097 25956
4861 37285
29490 1909
30529 11511
33906 12716
22579 21661
8411 22148
36131 31399
41930 31097
38522 2331
11926 42314
8457 8897
28353 31556
32956 10184
3632 41105
8138 30188
33955 35191
10029 21962
19932 30309
10791 27129
10615 3672
21146 34150
14777 19618
22677 37025
34007 20677
18616 36385
5169 35120
16424 13649
12865 37841
41620 23174
17987 4340
8204 9785
40962 18381
40268 2043
34963 22227
6123 24592
32937 41060
42008 35015
11052 10877
38785 37420
38054 39695
10106 25531
11220 12281
43171 39007
40926 7658
39659 20204
22127 20612
36938 2073
2700 17793
1860 27124
5324 5689
2980 32575
42039 15575
37800 24353
17345 29617
42673 19834
13816 14165
37496 34413
27302 19813
40509 11470
41877 7356
1985 24525
32640 2451
41102 13245
35755 6069
18984 29084
42069 33161
19799 1635
31651 31632
16049 32772
26614 10098
19493 12466
29724 22290
4783 31685
3927 34317
10360 20340
28810 21453
27239 9391
31736 6440
30438 33827
13371 8698
22295 13448
9416 2396
20486 30106
20927 25401
22635 34233
26131 7592
8570 270
33750 20381
36809 2886
6959 38948
20914 5707
15843 30598
30571 3024
8030 6757
17530 34117
29465 43188
16248 20479
9233 1474
6345 37851
3317 20457
19020 41868
25176 21030
40330 13144
27403 12619
16271 18781
10467 18131
21459 34884
37860 20916
20495 28909
12441 43983
10443 7711
32655 17869
33734 9786
30594 10322
32687 17934
20221 7502
32596 1000
1519 40826
5902 36676
25772 33690
33125 6710
29966 13539
15777 35556
14100 22959
38231 36004
23128 20873
3189 17764
3313 9278
18439 37624
32434 16045
39159 11225
42878 4669
30841 20407
18727 40191
35173 22200
536 29075
7045 3325
28242 1901
8778 30851
26428 3307
23983 6943
2966 25140
26253 5644
3353 25685
37374 11730
36820 39068
12757 38847
23759 41253
18914 29219
4819 40391
25320 23307
33047 20477
29515 21780
36036 12986
18332 43967
40845 34963
40046 5148
7787 30520
8433 37211
6337 8638
25815 6090
24458 30689
22223 6375
36559 29858
23961 20342
9455 42233
13046 30501
39484 30838
33366 15185
26306 14667
32774 9419
2970 16912
2551 23820
8981 25696
21827 12017
31048 43594
34035 21649
29950 21284
9761 29707
39732 31950
33785 1984
21494 4284
40179 31152
20876 7399
25753 23033
40403 31369
19611 30228
38911 11194
22045 18499
33248 22847
33405 39613
34888 37663
32103 8349
36892 33289
19648 6746
31123 26588
1091 7012
24141 21357
21709 36448
7184 42563
27299 4649
38254 19800
20164 34915
41240 30211
1747 26268
39120 38702
31103 27096
17402 15636
42965 40690
37911 15971
37856 35911
14913 10422
3366 31613
38242 25154
31487 4330
11175 22330
34357 13648
41224 38730
40616 28256
24917 28532
9685 37173
15873 22427
2070 35687
37524 15477
7203 11344
12504 43425
1242 43884
28904 5105
20559 37631
27446 7493
9925 38809
27064 39065
13363 30338
26895 21324
32888 36379
40074 6400
30908 29178
4082 11546
9050 20188
33993 26595
13589 4562
36759 39208
21303 7127
43400 39087
31351 24833
34438 21458
24696 32395
20563 42271
11350 43265
30125 4030
34940 5934
22435 14262
35801 9105
23219 38062
42160 41690
17326 9616
39982 43312
31732 9780
12601 29687
16156 34817
18285 19104
36575 25558
19563 40343
14737 37876
19505 29306
18941 12824
13585 13479
32048 20749
20778 19644
31445 37374
22860 19959
36733 28491
17922 22562
18861 5852
7988 38190
37584 533
35599 40075
24884 33452
25857 26490
9600 8360
19036 4091
2757 24198
5180 35972
22700 3482
28992 56
42990 36703
16807 23544
31397 7190
14024 18495
13243 2044
17769 15417
36833 28293
17801 38677
8997 25839
7159 40975
40350 20849
38459 25087
15682 26610
15890 25007
3327 28521
43899 35725
34803 13843
14790 43417
41809 11365
15260 31122
3441 9115
6567 12336
27087 36401
21647 25205
30960 23612
6590 27344
9010 10111
340 18906
36068 43914
10351 8228
26668 8801
42788 761
31176 4702
31291 42493
42634 1030
13072 9437
18825 31897
21049 28622
18705 8899
3878 5549
5863 8993
42750 27254
37627 29887
15219 39612
35072 27899
2445 40846
27387 11784
11521 29780
2382 33386
26018 27796
32466 36180
12211 29495
18971 25213
2456 23286
608 14795
19556 12177
37222 27838
39504 39622
7033 487
21958 32648
18650 15516
29777 32882
42030 17646
35606 26925
34362 35794
32370 37772
8795 24050
33045 2193
30673 2482
17881 37235
12637 31672
7383 24156
21672 38029
30076 31558
42487 9312
16861 34499
12203 18313
924 30471
22093 33879
19335 5128
37211 34299
12660 39982
11502 5797
40040 16072
41860 30963
26575 41332
28030 43499
33770 43826
21492 5118
5685 41530
26270 35337
43861 37987
6252 20480
12110 3459
9216 22515
21208 35064
16257 707
448 30728
17091 29756
25138 33598
15436 30752
29278 37616
17498 21727
21603 27592
19789 23129
38173 19309
37545 18954
750 10978
17142 2316
42840 39167
23564 19928
15487 36944
4072 17069
43765 4026
7748 41242
30501 31010
20107 37890
10468 11081
26570 37543
32934 3383
20381 43013
7695 19121
41859 40916
19336 1790
24088 18797
40281 31770
14474 5408
14361 8312
8754 33135
31339 5038
10040 18210
29818 16519
39698 8687
24486 40357
27253 18414
35995 18037
30857 16840
35227 931
43523 7311
14314 39573
16218 11444
39048 38783
5366 9905
34440 43199
29279 29272
34615 24234
5119 11495
36974 17122
7354 31780
4048 11850
35891 34563
33128 2169
13249 22469
37533 5532
35171 9508
9821 39030
34102 10103
7618 32503
13462 27063
32036 25112
5960 15595
33448 43298
29196 28848
3647 41785
29717 10964
8648 13819
33637 37864
27226 22615
29937 3561
36957 17328
3784 7602
36622 3443
30303 10984
20197 30410
1427 26133
25949 31211
16677 19751
198 31213
14281 34900
37901 15314
4787 24891
2969 25564
27768 31103
22580 17212
4179 34764
35466 778
3949 18927
4524 25036
30938 20689
2080 34751
18815 2689
26796 6381
11796 34819
8876 41775
42043 23189
42329 28298
27549 40009
24541 42734
25067 17865
29396 21953
24740 17717
24619 17504
5260 6441
43372 16735
8716 42884
42831 25635
22792 30220
7775 15847
11697 38583
35210 12775
25760 34076
34659 22113
8346 11792
14595 20531
228 35889
1490 694
19554 556
30344 4454
35681 784
27796 6403
34861 34424
24857 6810
15052 29226
16221 23037
30188 14380
22686 18567
10167 16509
18065 12654
12353 2231
7396 1554
2112 40593
43267 3728
27476 38938
40300 43032
1026 14210
15773 39282
13506 41818
4410 7982
6613 7863
38925 5662
2201 39629
29258 8514
39177 24639
3191 43018
16039 42462
2900 37098
26363 12109
28768 7265
15358 12076
35374 16603
3700 19305
9184 30603
33024 43286
18958 4963
15347 41864
37756 29717
20900 18114
37846 27983
39186 43751
21016 21195
15526 16865
19777 10615
43268 4850
34161 18173
14487 4089
27104 25088
19694 25467
18033 21801
36486 3937
38776 16924
11478 17346
41026 11661
27998 28874
36429 4549
32482 32226
3073 13152
22572 39997
42161 25732
43998 11695
24980 42303
34372 32248
20889 7107
27285 9429
26756 35431
9780 28263
19654 14313
24672 42162
12051 6964
35254 28940
31033 16974
15793 6770
14769 2285
19710 4779
9461 4615
30345 37444
3777 16424
36857 29222
27046 1230
27297 32618
36523 9756
34734 42787
8788 41966
25456 57
16712 2480
13326 43556
21645 25591
42383 17462
5182 9936
29478 21616
24319 25647
6060 37660
35104 243
12484 33777
3378 32158
17594 31336
24719 28578
39648 26471
39514 4595
2592 35398
4770 14802
12332 217
36625 25194
14223 31593
31418 7944
13690 37175
21822 35082
19870 23523
1005 21853
13882 19847
12454 26255
7689 3618
31387 41437
15899 42407
39611 5942
13403 23944
25994 35038
15685 22287
36182 5273
21078 30123
18551 19003
24948 42454
30557 13312
34974 36339
42515 2578
23545 25177
23570 12518
33608 19587
32590 25566
30541 41329
6463 31884
20987 5562
13313 41471
24295 28704
20508 9172
27128 2340
2997 12655
36866 1663
14502 38860
9564 15630
1063 32063
36262 25479
38276 4129
37955 35426
27367 42167
19346 20168
9989 32748
12858 34993
21619 29446
15075 1076
24894 2428
37342 22236
16105 3674
32723 22133
36087 26576
42901 7746
22123 13873
16865 42851
32023 43734
32152 34284
30201 30040
11026 35165
23081 9762
11093 37969
9173 15269
35819 4721
32003 2417
12062 9280
35530 32041
42062 42850
3850 1250
34338 30882
2217 40526
4872 3002
3180 15905
419 42519
27027 8555
9011 942
41334 11289
15168 41463
4455 3275
9898 20142
600 6377
14335 29897
33144 40058
29886 11187
24459 38735
3962 4192
41795 6969
43697 7483
40405 32581
43207 38993
31973 40346
1031 14456
434 4136
34880 13281
26958 27933
777 22109
1097 26347
34696 21250
18006 7917
35111 37747
18789 35776
1124 9001
32914 21076
28219 13975
11749 2988
7014 38869
6313 11368
34367 21988
9759 4144
12579 17950
40618 9257
34502 27208
16543 11014
23229 24244
17520 36269
26012 10814
5179 28749
24449 15968
26610 38142
30081 2668
37028 6552
15939 40137
14802 24651
19660 10339
5284 1025
42844 31914
42592 5291
2077 417
6128 11759
26561 5842
24856 42714
36222 38911
31196 18595
41730 27278
620 31196
11232 8317
5419 13511
32759 9378
28437 41932
42265 17757
21711 34282
37084 29519
6250 27003
34614 11440
2789 40013
15058 2466
13856 39078
37145 11797
31163 32761
17767 41104
3052 19740
4873 22797
18375 27446
36931 300
43130 36551
2157 15443
20611 12577
1027 7701
38472 34748
9450 6271
26103 40562
5043 23718
19614 35372
10647 33263
36960 14371
15760 30423
37139 43210
25504 13639
35427 18116
21741 12696
25156 7385
9172 31092
5140 32606
32820 11556
22667 10471
3520 43919
6402 2826
28646 3541
15214 42262
4982 23868
22322 18682
39661 13736
40231 28487
39034 16475
25999 21909
21390 40424
1942 29698
41558 2839
17913 6844
29528 3438
32153 35217
14952 11527
23319 1905
36244 31789
24604 33745
28302 7607
12173 4644
38396 15421
43298 29152
24909 38844
5617 37996
40542 21363
19358 27464
16152 13026
4818 21345
5377 15078
17562 7218
10108 21374
24904 14928
41544 6427
10111 15540
25535 27040
20754 13105
23639 24611
6983 14462
5998 4819
341 30867
29147 38345
23588 31747
17680 3562
6700 28565
8684 9499
5722 14167
12281 39940
28245 29819
29416 11670
36503 25385
36356 24477
33584 8940
26742 29999
6770 12725
1722 41421
5874 23501
23195 17675
36322 13253
6100 22013
39121 8337
39194 2104
21262 37269
25247 3910
809 18390
19127 8946
25415 7282
5551 30510
36670 30054
15909 27409
37484 11220
34152 22517
11114 14409
24952 19344
11109 39560
9100 10276
17624 41812
19735 40078
17591 11137
32318 37888
4147 36226
10959 15054
28487 5668
18086 26981
27598 34195
19645 32062
31735 14185
5042 38770
23667 31031
16496 30328
16161 18296
40963 951
32493 28057
38916 16165
40415 16242
12816 21450
30007 28459
7011 37976
8880 14576
19967 9763
444 333
25933 27380
21773 2899
40645 2626
24897 30845
21597 33045
28851 2204
21938 34808
42667 31410
38955 6423
8922 29652
19690 32460
39533 15763
13164 5446
31393 36602
11642 815
26100 26649
20916 14288
19101 23489
41478 19385
32179 15668
37741 5947
15888 1044
21358 31444
24646 43846
18370 19978
25752 30100
23922 37381
7464 38251
36953 1600
13095 29809
38813 30394
35759 9085
11792 26566
1764 12121
30253 24276
13740 41079
28735 30429
19093 41511
4533 90
26814 41112
9122 4634
41507 21818
19847 34795
15862 2144
16560 19438
43167 27912
10102 17681
24707 40141
4848 35550
29431 37699
39187 13576
31408 5306
38158 40663
26268 22001
35021 3593
33202 33734
27414 23855
35629 3380
2410 7273
23563 25098
35187 23960
41824 30498
5570 40576
7168 2679
16269 23959
43097 24015
43562 42479
23266 36621
10902 4392
42402 36750
40153 13417
2904 21950
36912 15640
42273 35366
42385 7443
26190 42536
21732 31359
28211 38019
6944 13750
692 14775
16957 21002
14550 23116
33468 17522
34000 33002
36569 27718
38045 18163
37699 3570
14486 4153
29215 24433
24519 22625
25634 29650
30348 31866
38574 32864
9880 34517
22608 8042
1610 30813
31639 34859
6852 34922
19362 19154
27262 29621
5627 40695
7607 24127
9285 4301
22829 12344
20441 30008
22484 5722
29841 5255
13558 25604
31650 11719
22827 18899
31206 5043
6398 7168
28716 10799
29652 18085
20901 7342
4403 9697
19679 32528
2929 9864
7543 13387
1481 34124
42466 41110
10772 1488
15986 19214
33817 27299
11433 35484
36170 8653
10495 31058
21692 22722
36691 27534
27943 29089
30282 42251
15195 1408
26546 19105
41272 12391
12089 4126
12216 1445
41975 15226
43078 34054
28321 37926
25925 22466
1914 42340
40247 21385
12932 31861
29464 38887
38811 43638
28152 34745
25483 35945
292 29181
14077 30016
13487 19929
18242 37176
4101 8648
6669 20087
35186 11255
12253 17040
23973 14863
21364 31736
12916 24373
29987 18884
7469 3102
17194 9722
43956 29880
32079 10903
34585 40543
41885 10538
20540 35083
39124 18694
25470 11946
40063 11493
25726 43671
38470 10059
7487 15592
22802 7663
23068 2697
40460 20751
11307 37653
19494 8289
40271 28895
38678 17067
5555 24227
8779 12092
20525 13446
7725 36864
15636 2274
7665 43618
11997 20772
9265 9696
33478 24440
25459 29389
27410 35381
39088 10656
9036 34973
25147 19764
27725 7962
12174 1634
41649 26514
35218 32730
42288 30019
11354 20986
36367 10228
10936 282
18930 35793
9195 33254
12262 21711
20617 42418
29557 19370
40594 31059
23530 37600
629 43706
31760 9640
8948 37044
12788 28974
25163 22197
36804 7361
42800 31391
32439 2627
29089 9138
32028 36108
10962 7660
5418 20191
37054 1626
2023 26322
14453 40470
19143 14442
2143 29228
18013 23423
14736 6061
35233 21389
18919 3607
11024 39856
29972 42030
37071 12790
32461 38236
36027 34501
33477 14559
7420 18215
37534 12827
7485 1478
17557 5479
35594 35286
24043 29194
35524 5727
2727 33541
28926 25849
35806 12744
14323 32144
6712 20825
16223 39530
19511 39655
2113 33526
17224 43698
22845 23663
5701 26055
28775 28026
7694 24225
15529 25305
13755 24434
38531 799
22979 18655
39995 22605
41470 23027
28061 29202
10878 36768
40381 5741
9125 14136
13542 29113
13563 27238
3891 29000
37361 18916
22992 10735
34884 27777
18422 27145
39116 9147
35309 38482
11035 39187
21211 5642
19179 9414
18962 13618
37535 19873
17521 31105
33713 34427
6241 21982
8886 4333
26975 38711
3886 24627
18175 434
42985 26835
8316 41865
8697 17913
16363 27166
9585 11462
21109 36426
16224 30286
25737 37219
32078 8974
9318 13059
37843 12191
41446 25020
17611 18971
41145 36299
27147 32152
24588 2768
29622 19792
4950 38353
41526 19918
6102 32382
26402 36654
33792 30373
18234 14715
24188 1759
29799 161
31985 10095
21450 17215
38140 19672
163 41980
6105 41718
30045 30969
41605 8139
43526 42849
23477 43642
4151 27339
35025 11756
26065 32237
14276 42257
28158 16040
13884 1865
32422 7823
17599 18168
21160 32313
18586 4373
22136 39249
35869 23709
37876 38081
8559 31490
37103 37066
31808 28579
22528 16903
3173 41157
3011 31198
6526 7838
41038 24459
30120 33589
1068 37701
8143 1150
28921 17010
29919 10673
45 38120
28037 3835
13260 9578
8646 20951
42599 30215
19784 8880
10419 23422
17959 10703
6118 3467
42900 17870
23622 23670
16410 27494
5402 41698
24370 23330
43550 3193
42528 18997
10848 19115
3394 34709
25975 41874
41000 5035
20022 33677
15345 12702
42958 41159
5977 12010
6238 6194
72 39241
13987 10954
31249 35633
5108 21143
38908 20724
14824 19732
34043 17791
29168 23759
609 6281
529 35024
22517 38014
7904 23045
27677 846
8663 8976
31307 33959
4642 18443
15005 24446
25105 31779
5855 27001
6713 22303
6764 10685
20536 6713
19612 14279
8987 10129
25083 32990
8726 14491
42047 12349
9363 36613
4484 40202
34768 34450
36916 34872
556 36118
39998 7469
42600 27352
10756 30179
28843 5007
23016 7640
13963 8601
41162 1139
9921 31426
26982 22821
40376 23762
28993 9111
14238 28963
5682 39168
6585 22417
9176 11286
8072 19968
38639 1885
25168 7773
28141 14573
20612 8436
9164 9330
16239 14849
18152 20148
42246 8215
5522 8534
36268 5152
39388 27841
39323 7322
39820 5095
18673 1233
1758 31737
43150 2787
19769 12869
13465 7066
33932 2150
39776 43240
25674 33652
19369 38875
42348 3885
3577 30742
15686 7794
32433 16582
25290 2837
7389 4342
15800 19769
32741 674
41818 6325
38924 8113
4654 39440
34622 13462
791 38510
23665 13109
20741 12110
8650 43949
25352 23039
37250 1918
27582 5950
23948 9540
35807 18179
11323 37995
30869 22796
4784 23082
1094 10523
38494 32810
4426 40171
904 15849
17183 33090
14139 37371
2611 4479
3963 6495
26082 37889
18776 917
41195 34658
32837 14222
26364 12554
41979 18472
35236 11258
40374 35202
10007 284
18185 6468
5479 14026
20311 33043
33509 31111
13317 24017
10183 38626
35153 12133
21414 28814
25607 7034
38433 11853
41570 23254
42150 24879
4333 27794
20328 14043
28672 33702
15640 14913
3795 26712
16023 7396
28475 20597
7602 8102
29713 30534
40128 7230
39901 34061
3607 8908
43653 32494
43127 18893
11512 2662
7828 5391
831 21504
8993 32356
744 7584
10737 25218
32533 18587
22722 29947
34276 39348
33897 20448
16991 29096
10943 14803
24371 36302
8319 26692
17614 19045
7737 28047
1924 12373
21956 31174
28137 24081
17825 11751
34332 838
4186 6893
17233 25977
37792 28709
41126 34254
5051 43159
32516 5571
29832 7814
33475 9396
23602 25875
3634 26256
32743 38703
37152 6667
10937 11058
24097 4241
10310 23837
16720 13048
6744 22193
37612 13125
7559 26496
14969 8046
33347 15262
2887 27834
806 32710
16027 18253
3014 38137
30918 38906
23854 17890
9836 42195
11729 26230
2318 23338
36233 31184
42973 43692
27484 31755
14714 33517
21090 18278
27280 9659
20968 29795
17778 7081
5105 8008
37457 32070
24433 32590
7826 15128
32902 41181
3452 8822
11754 1948
14627 3464
33802 4472
3010 32646
26276 1754
4518 11738
30481 25077
18502 39623
20362 21428
5662 10010
36248 19842
29934 40762
523 6314
24178 5015
13152 43325
19110 32257
36950 30542
19918 19239
40811 43391
15898 32631
30404 32130
24136 33083
38778 17149
32333 35425
12808 35824
35820 1159
16065 2071
9868 28208
418 7808
26873 25142
1567 29499
35491 20615
22704 29004
41678 30125
96 2359
24660 2154
6813 11592
13448 36482
34722 19861
15609 10758
32246 32210
3926 28226
9331 8814
18339 20478
6097 25499
2878 31946
15170 7169
34063 37281
27071 43259
24412 36293
30046 35350
5565 37501
38062 30791
6264 31190
33124 36848
8750 10244
41761 3653
25845 25650
4905 17262
37213 32421
28508 24760
43414 23119
8567 18641
15518 21004
19116 1845
17105 38697
20645 2957
21382 8402
20845 24014
29672 22864
17823 38271
15310 1763
4895 40971
13285 22365
8921 24942
38320 6380
7142 28060
10185 22620
6925 23421
10773 26997
29463 23021
30544 3700
20581 43336
26642 16006
7913 16228
35123 42473
23481 20454
13608 38833
20206 5567
30366 4293
17368 19983
7859 22125
5926 11127
10330 1292
19938 21373
39539 30207
2644 43108
21483 27688
9721 37228
5978 33736
16268 27602
23314 17474
25969 1338
33651 30783
3209 38535
19585 1458
17051 20744
11395 24756
2037 37379
29636 25579
36435 21131
36053 37522
16375 6405
6208 32006
30281 6558
9162 13495
7960 22018
784 32554
4042 32950
14568 43738
12985 22253
24396 10921
41308 40294
42251 19630
5508 23812
38164 28574
38412 13223
16963 32569
4915 41645
1429 4937
4226 35117
12960 14030
42336 18833
29061 17378
8441 3116
6028 19486
21729 37587
2799 26348
30212 14804
3319 40932
11010 6027
37611 37893
28388 6209
25887 38789
32515 22076
1933 17916
27962 4409
11326 37122
23197 34804
14072 27991
12266 13746
18022 5025
18341 42700
29230 33073
9741 19655
2271 28372
40579 43481
40435 35387
16108 20536
42421 13113
32696 27153
27001 26366
36090 16467
31394 40958
3997 33776
5749 29703
18336 35886
25102 11836
42117 1220
34460 41147
16329 33832
41338 12226
35630 32716
1280 13957
25068 43307
23535 30625
31437 17560
35686 41808
31764 34913
22547 40267
32925 28425
21077 37102
25453 41076
17724 3925
11785 34228
1709 13150
20898 23874
39133 30310
14354 9683
1921 15754
18412 9862
3840 19679
30913 28534
34697 26887
23425 20884
38273 4223
15255 41546
10462 13341
6563 27030
16244 17494
43049 18812
15805 10525
17468 16807
34976 39403
3665 15476
14380 26599
23253 9828
11385 12578
11541 1816
15503 16095
38832 20352
20841 30420
23514 31811
38769 36689
1849 28583
23048 27658
37202 42397
36937 2426
9313 13238
36904 10444
32259 17873
35529 8942
20255 1910
11506 16935
32142 18205
2488 43167
5916 36092
15246 11534
39431 42225
14340 31841
1307 1305
31326 3626
40248 5501
13204 39427
8552 19529
22332 4167
11631 26674
21207 23819
3904 43086
1437 5919
9681 26011
38445 9212
9284 15470
7270 7336
34492 32785
23914 7907
4754 34208
24484 43531
25926 38039
38406 16503
6622 32536
22057 5915
21143 15603
8943 8014
28631 20540
41895 38295
31930 25556
42545 15463
20794 27714
11417 9456
36830 7001
40221 11479
23385 14032
14631 17993
43617 28802
38598 26764
11492 16667
24798 38633
20108 3666
19302 32137
11647 24557
118 7404
37542 35766
25664 27773
37191 16145
11933 18202
20855 9497
40068 23790
14477 31145
41920 20197
37064 1382
6823 42297
32518 39703
9218 2282
21704 43400
5100 3584
22729 15708
20940 16580
11003 36224
41694 25212
5815 20269
43911 41875
22004 23781
29271 7999
747 35056
13742 15492
4443 28994
22970 25459
16821 516
7081 25755
84 16747
3156 19720
25293 15432
28720 19492
27503 13788
27134 10501
32315 28761
24820 41377
23019 20787
35785 42234
24599 26627
6648 2221
31424 17960
37884 5250
42662 32224
14784 30874
29576 27064
4831 21806
2190 27681
19328 6580
1316 17103
20888 33184
17114 4350
6864 23060
22401 27583
11149 39461
24607 35896
10546 21416
4916 29705
35852 3415
22148 42034
38931 42048
40216 12042
31637 41298
2032 29059
28268 42016
42837 8919
10814 202
39802 26258
28456 41177
10296 20025
3510 20561
6637 37737
21699 5390
13471 7264
12451 10344
26823 16359
36315 42545
35398 8526
17385 38930
43293 26891
18450 20933
19491 29589
15568 31351
6286 8750
3253 17084
25750 11370
37472 38865
36023 21469
32175 18468
10066 13020
3573 27165
23648 24092
251 11921
28024 25789
5743 24729
19304 37382
43387 14712
40966 1359
39336 1506
31479 36604
13086 42409
6357 40109
1687 14989
11196 5832
41825 30306
19125 12994
5370 17157
7570 11060
20209 3263
26049 26283
30864 40502
32054 28109
43322 17050
5973 9782
42066 5837
35660 24113
25397 11150
12117 7691
24316 926
24999 34462
24210 28519
12228 29735
2925 32385
17256 7767
30479 13314
17263 12488
14828 17446
17601 18872
36979 32386
4040 25040
9905 8533
43744 28267
6338 13541
43788 39328
22531 14128
35485 18545
27132 12411
38649 27416
14911 11821
36281 26774
25370 9565
27436 1886
35096 19019
31119 17158
15444 15433
31213 40481
19586 29556
5175 16274
25874 38202
2276 30027
32906 5619
37436 677
33871 30729
37453 8730
40651 21185
9664 13908
7883 25133
29429 27741
11330 39138
10956 16793
13887 4788
12631 6245
8270 36504
2797 3851
27747 3416
5136 21815
28534 15391
13233 30864
9692 23220
38998 39740
16901 43961
20956 39206
4392 352
5704 16624
25435 33066
36462 40610
26042 24966
36180 19826
21374 25867
18102 43992
34059 24308
30026 8667
811 36672
40833 2696
34247 38043
27499 17059
7375 11133
9807 33014
9713 32299
37133 22229
38187 30677
6923 8646
36877 5876
6619 20796
18750 34762
22536 28373
26929 9293
17311 17066
25104 2895
42913 8381
31824 32717
37489 18416
39909 23632
31002 28187
11286 18542
18050 17251
26410 40170
9428 17286
40518 20514
39889 28559
26328 10813
2542 20680
21725 32197
15570 9914
3231 36417
31144 43085
17602 41724
24409 28836
1326 3488
22143 12382
19862 15065
20379 12003
18373 2351
32219 30819
6437 17055
14940 10719
8808 30615
19693 28602
21029 7604
17657 32435
27314 2674
42308 28936
5852 23365
12317 36757
28949 31799
13854 30000
26685 32309
31750 7373
33850 9703
3684 8104
33769 22912
4301 6133
20390 13352
33214 18620
26437 11840
8890 11030
34360 17878
37269 36913
11387 43460
12633 38383
13155 13920
16351 38244
2168 271
29914 34473
3314 37408
23618 11834
13049 27291
17956 5036
30424 16133
33104 32645
26015 6181
41643 21539
8119 1702
2003 18631
24410 7995
32034 25833
38932 24482
29236 38689
11639 6952
38462 21204
22922 10078
22561 1893
10717 5313
16952 30162
18683 43224
1799 31448
3254 29757
10677 41180
37504 17651
14046 38942
14507 43124
42427 381
14753 21590
13549 43003
17635 40788
42703 29695
26838 21294
33639 37301
1315 8476
584 13853
31071 3191
11351 42182
39397 18544
555 21180
14665 3640
16541 4635
39869 35859
20019 39472
42123 24995
18048 6066
27775 26140
24673 16723
22854 11667
14301 15734
30586 26144
19802 5846
34121 1345
40869 13647
26028 10679
38305 25461
6706 26372
482 18674
33523 42413
43409 42865
24526 7904
36796 19566
42425 32169
38914 28336
39915 20323
18526 39552
19561 8605
31572 23531
4184 43616
22039 6299
18120 24082
41983 13099
21309 32088
18146 29193
17115 25434
43000 31224
42695 17596
19582 36901
12345 39344
9826 27727
33902 5913
15749 27692
3721 24133
39324 40231
26483 12214
43289 28450
9171 41333
1669 27920
42953 6092
19373 2651
17002 33643
27432 22397
26516 30378
25446 14696
2315 42442
38210 10163
37490 32462
12447 34556
22490 41259
14573 42417
35038 34386
41833 5504
31178 19052
23495 30686
19674 28663
43098 5190
36586 31301
11871 9740
19254 8375
6397 19688
30854 16296
8385 28032
36637 19365
11998 37260
21997 3128
42890 36110
5853 5016
14566 2956
14637 33648
20126 7054
27557 33467
21714 27848
24359 27068
17077 6193
38376 30452
19271 43310
30394 37256
7719 16606
30838 23296
3518 16703
41576 38376
38246 5359
38032 32994
4668 1067
12750 7467
32800 43358
7853 30336
25014 11768
34724 11942
27074 25753
3544 2967
9882 5459
9003 27280
13127 19507
22458 20575
26817 38484
37317 43927
29988 29488
9387 40883
20735 17372
11820 22370
5297 12268
31955 13833
21800 12130
41356 5127
11589 39588
41583 16995
3802 28430
309 35021
17926 1175
13723 384
11050 25883
37768 7647
10384 872
32085 42979
5770 31269
8481 30158
28424 26549
41517 43105
28142 39446
28117 31898
31287 19845
25122 40534
306 40419
2473 23641
34982 25887
13069 19835
24452 5744
923 8198
21117 910
34802 12505
12490 7335
1175 1042
271 1758
41071 13713
16307 31531
14829 42509
22568 42582
20454 15846
8450 28560
6732 41030
25137 35297
32987 12512
38580 5643
20062 19721
10946 30372
4279 9711
19543 27649
19060 1430
29880 7633
34098 10886
39084 9990
34349 30900
22141 1287
28421 29460
8769 38354
22462 15901
32125 13195
23544 19323
12349 37319
10806 25673
1254 3338
14970 21880
14702 517
8599 6729
13841 41315
38647 27243
33072 32487
11075 37924
24025 39049
2449 36327
24589 19057
41965 26194
16764 31858
35045 33644
40838 31976
3185 15199
3144 34624
43383 1247
7086 27657
42833 37776
1294 20700
3162 36259
7589 4163
29119 17554
24921 42488
35867 27338
16564 31021
31091 7664
10036 32427
13468 40810
41309 42349
610 22726
19734 29382
27583 28589
43363 1364
6618 18876
43417 12597
34099 30753
17694 28713
40816 15212
39691 33269
8990 14399
27449 38513
6876 39460
33528 43055
40482 30702
7716 8596
18528 19228
7472 25584
6965 27320
32620 42763
13019 23610
13091 30955
17236 10619
34285 40754
13217 13580
23457 18512
26854 5649
19357 43717
10511 31647
2583 8461
35923 11357
32530 13074
13612 39699
31501 32256
21667 6613
15369 27262
180 32357
836 19901
5833 15383
7238 13726
37628 36493
43846 3084
32382 1189
9775 23514
5904 17093
33536 23400
4919 11451
6639 32996
16771 2096
42228 4173
15150 22134
19401 28222
17310 7470
3283 40473
6542 14857
11450 7910
2586 36831
19043 14687
23608 31875
20494 22304
27919 23282
7596 3059
6226 36506
3008 17531
9070 9908
43474 39603
42415 43876
21540 6826
23431 3305
28687 28694
40751 29959
17584 7270
6092 6940
24421 40015
22461 39955
11985 6677
7461 36863
26231 2751
29920 33247
17815 6909
25279 10948
31343 41283
27640 7738
42523 13461
10931 23701
7410 10292
8685 19145
3844 33155
10447 6508
6797 10112
27265 42408
38716 23838
31633 21929
37287 9030
11880 8060
40064 13232
24888 28778
23502 27247
40066 432
1889 16078
8563 31043
31660 22369
31990 18793
7402 33098
26954 11224
28881 5586
