41906 31343
7297 52423
1640 27640
48599 42523
18025 58074
16050 52227
14629 10931
9145 7410
48266 8685
6718 45625
44349 47607
48541 3844
58470 61766
35742 55336
5698 10447
38699 6797
27652 27265
2083 59719
1953 38716
6141 31633
14329 52578
15248 37287
33119 44460
39454 28716
1740 11880
36782 40064
13032 24888
46926 51064
42591 23502
45963 40066
35714 1889
27494 56530
14447 44858
29440 57669
38619 54955
18232 47663
53047 58443
56971 8563
426 31660
49730 60320
52811 31990
10464 7402
45754 58170
27697 26954
22299 28881
18211 3013
10190 4151
14111 17146
50037 42925
22060 20594
6699 811
6079 46175
24899 56908
6339 44429
23527 34395
55542 50301
22542 48735
39566 37792
17336 47434
52896 37029
2848 14680
47824 43899
30109 57223
35143 22171
8181 34020
60444 34283
24808 45105
5165 45914
36179 40517
19214 6242
54356 28368
41199 43367
40536 47622
58029 16291
56473 31584
23701 22660
37838 43497
12602 44322
46175 42036
4559 25224
3004 9743
43337 54987
14936 54162
50664 36592
18966 58463
5230 40168
56055 3577
15257 764
56786 42166
6620 61235
24912 10285
18218 33133
29715 55630
41661 30756
54665 55829
23910 32496
10660 56979
24261 10840
23284 4907
13731 49246
43921 32221
17497 21014
45995 15788
61385 21686
44797 18230
42470 3300
4680 33223
39921 14596
41614 36078
11216 42161
35006 24815
47785 26430
16044 53550
10709 15401
30295 5167
24868 30088
17692 29111
60647 52512
41944 37555
45100 29367
36501 5769
14393 56138
44867 32667
21253 29300
55238 20714
50353 7780
50856 32596
3666 48840
15011 42820
53858 1165
2104 6727
52760 26440
20674 27024
26291 2349
17547 36513
4338 35986
13827 12
59844 54127
61795 5957
37171 51891
57434 39598
47050 40572
20623 41782
13935 19963
42955 58335
32718 33315
25929 36854
57979 13557
59936 42900
42130 44006
30072 29899
9364 22339
17360 23813
9151 54088
16163 3557
48824 53516
36790 14610
35323 55334
17220 29784
48957 21757
38312 36711
28078 50294
58840 40617
38243 39319
26176 31008
23724 46967
14374 43069
9066 23809
33393 46919
32344 29658
5958 7473
49531 6386
3088 49763
56434 43183
7186 14533
10017 144
41121 22372
10485 23275
51910 54388
44597 41528
27667 52424
39087 19136
4164 35894
25217 34209
25010 24504
39053 46013
30675 6968
34677 3001
16477 58778
36257 10759
56413 32272
61764 9205
753 53861
44584 46980
47234 48662
7508 47289
44677 26819
57986 7010
35191 16666
49210 40033
17487 12840
50371 12291
42007 7914
22294 60963
7311 55850
19235 25749
28493 14129
10366 29953
29736 54038
213 51212
47324 12490
57400 46976
47165 22147
17262 7063
32807 49621
49936 27163
11709 3048
33272 60728
59810 41501
6974 54885
57051 44050
40980 38589
19559 8076
55160 50604
41875 61963
33271 29525
39910 29976
13036 43153
61824 38622
24505 33044
49972 8824
10588 32692
35349 285
51029 34758
60453 48249
34758 3184
60195 36257
38 61297
39253 28365
21244 54973
32022 38347
1277 31650
7332 60580
60890 61854
23789 51189
57588 60370
54505 59650
52873 11614
20154 45339
15693 37917
3797 11381
15786 47874
57542 53428
37183 8414
5162 6787
5614 25390
47967 43092
31850 39358
53479 39726
4536 57849
49847 21093
34912 33038
50190 57763
8242 25210
8415 27438
43238 39912
31149 60026
36032 45385
10822 49963
17371 16269
34582 17931
57176 26075
39754 22470
27731 19279
13881 29678
60878 52744
35344 8741
49498 9056
47837 27050
45212 39488
13183 45877
46724 58094
20429 49049
26149 33574
44020 19590
61971 55252
24473 45974
28712 35902
58958 56408
33920 20573
29589 46654
7931 48289
16247 61310
14726 36280
4197 41457
22157 14244
1379 13166
38556 13744
36302 40906
15081 46818
38565 19044
14433 44998
472 22630
4653 60372
46390 44065
41360 8695
3859 46557
15004 42605
4418 11654
59338 33024
2059 35553
56338 45503
21655 41739
4644 21128
33696 46554
15598 7564
18251 49859
43843 23085
31813 36850
14041 31482
35340 38195
8672 37398
47406 43723
61310 46539
57828 27360
37424 44188
37763 49013
30977 58581
15926 55142
51421 34990
30997 18739
52921 57507
26678 55529
12479 27682
6182 52974
6353 837
43188 34258
28250 6978
23220 1657
27760 24961
26942 9525
30607 3478
56613 43926
47781 3710
3551 13101
44130 17497
42825 49165
42349 51481
6450 10548
3973 18784
26387 44787
47725 16421
22237 9597
52468 55010
56471 4066
7162 45259
16296 51404
12557 19343
12466 13370
35147 49388
29401 35467
9187 2118
27649 23507
12026 53349
18255 29662
30319 6717
16372 40378
57311 56888
60508 44272
4941 48464
29042 36824
52955 56679
56450 14701
56097 48655
36067 42410
6417 36784
3316 25487
42739 15572
35428 33484
54790 51401
968 52222
6113 52352
60711 45622
49386 18851
55621 45413
15492 43549
10900 3079
26635 60719
31827 25008
31547 25399
14009 27301
56666 51650
26283 44902
59143 20491
3843 36185
10790 3526
24837 850
142 48738
25587 16472
17381 13310
60721 40670
51385 56941
51455 51179
29820 56391
18695 57025
27723 29037
45652 54394
47875 14782
51339 59736
36423 41536
43377 46179
47082 46501
31895 42444
10145 24101
12446 49487
19446 38561
14268 35823
3833 48396
37958 39544
48218 12876
35534 50866
3995 47508
49020 12682
20553 19280
3747 29414
3287 11628
38285 44739
31247 4881
32955 12254
60253 11390
55884 48175
34808 33676
10318 7822
3728 24721
33282 2664
5251 28083
55794 18292
12179 36478
4491 17318
38997 8525
4454 10547
44251 38273
56481 55445
15415 16713
26462 370
7857 21664
58346 30562
37335 46511
16136 61440
37941 10146
38963 2618
2605 10074
40592 60859
5373 21144
27475 39118
43082 3333
38252 50703
37043 61105
34262 40985
20734 40345
61257 55257
17090 43378
13387 19737
43892 32149
46937 51768
20591 37531
15643 36056
17408 23468
25939 4777
8578 51383
61715 46379
42304 20832
19661 34433
29965 14416
20721 12051
60885 34119
49275 4469
61325 51529
4755 33105
611 10445
30035 27259
40709 35592
36897 35196
6553 26439
4802 6026
35235 22899
13970 14497
33154 57895
61600 13983
8681 43473
61163 21751
22873 21697
57729 23646
4509 19240
57624 14317
16010 49327
24218 40520
18677 34767
10339 31121
28717 36788
54641 53982
35601 49292
46108 42553
19826 577
40087 7519
52895 43840
42859 22676
34665 29208
513 15752
43770 59278
53550 42092
36347 40220
19621 60202
61064 40707
43476 15980
6789 2614
57549 44732
8801 58043
17333 21033
7565 24994
58309 60027
7015 52181
48656 7431
61810 25289
10188 16816
17849 35405
18466 47447
39639 18536
13804 1620
47030 59726
22472 33874
13343 53878
45056 50496
41566 24574
55897 33706
17301 52614
33123 33341
32017 29201
16458 31904
59333 2874
59518 19428
55451 58870
3330 42699
6049 12617
41569 20993
61660 33679
54353 5397
18133 6289
2890 10971
233 50681
21860 35257
50537 34945
8574 481
41754 41087
17168 4291
10590 13814
48578 43932
28957 41256
36155 50698
46247 13971
28029 56686
36760 44919
634 27801
61757 54767
4932 6811
57876 13473
45287 35243
59240 54313
9769 46055
35756 57583
2362 48587
54697 50804
24197 28524
38176 42374
36211 53527
9706 4727
28167 48949
8353 44961
2742 10077
20203 1557
23898 30096
58916 46981
61151 21740
52175 2483
56408 5736
2615 4801
58912 61845
23450 11665
13768 52050
44700 16510
16354 36575
43709 4617
6737 37681
23179 53846
51126 14919
36693 59703
57943 16951
57326 26715
26633 25431
40676 29565
49118 41302
10129 26506
60671 28379
60941 20736
15515 1107
56663 25527
10650 44126
52422 7754
53135 35051
11604 387
57765 42037
27021 47205
1625 40525
11755 4145
48272 49543
60588 48887
21771 38379
51275 2983
61002 45934
26983 55591
52576 4758
43904 23443
56628 60821
48173 32954
53134 6956
16264 18995
17486 51570
10434 44950
51602 19750
45959 39752
7085 5670
25071 18450
57159 50154
2538 60732
56269 28684
30848 24997
14578 25895
13080 53879
53516 43302
60192 2020
30167 31064
22916 10245
20001 34962
53775 14410
52124 8938
57104 48940
14916 25625
14610 52218
1551 52264
43256 55671
12657 35765
26114 19332
21513 41553
18259 9443
56647 19534
4550 44387
50681 58129
18293 59911
23013 52103
42041 56829
33385 47798
26194 42464
44533 24454
55291 731
35142 36276
21703 57329
1809 36378
7560 9266
57478 8077
17119 2738
11703 330
38050 37534
17398 39103
2508 25827
7105 35203
39097 35883
28480 5579
22655 19969
47746 13767
51540 49041
20558 48591
28600 59215
39729 47576
33517 22535
7579 13877
25245 27044
58950 59352
37788 42332
12458 55802
16694 33591
2909 9336
46451 10549
28578 12059
111 14470
34074 40429
60659 54707
52856 16564
35288 12736
45014 7512
47149 11886
48625 43974
48303 52407
43951 37179
12913 55854
23870 3565
28266 55797
4586 49221
43532 61104
60344 35970
21640 30230
40840 42250
20573 36023
61485 4794
55576 19049
8168 44020
47170 4415
58986 16430
19682 6436
33235 12938
20270 47553
43706 38050
26765 31929
21377 21683
26372 23406
45693 8403
19377 43995
36334 42958
8342 15371
12573 6557
27555 18687
43577 40601
24848 4575
44389 58991
49030 61577
59167 20827
11406 31842
40339 29534
37297 21519
19724 40393
26613 43216
35910 20033
54640 45447
27 38285
19915 9988
18804 37065
13775 37150
28174 23888
51496 52934
38010 20732
39759 28070
42907 11052
21119 317
30474 20527
28953 16134
28978 51490
44278 14518
14006 46675
33501 48485
31011 41998
52019 28582
59060 18133
52169 55058
48232 23560
11121 8802
43179 44537
5558 48037
18599 21730
33781 57534
43507 31455
41481 30334
40584 29187
21967 23511
6121 50776
53637 20020
49227 31915
15393 36155
44093 7133
20344 11520
14723 42307
52859 39756
13051 5373
9657 55168
1601 18391
3029 56277
16047 61917
31139 9176
40061 58413
55689 35299
50364 12874
4773 17252
29847 48074
27161 58087
58074 41067
41273 5012
37728 47673
12743 4942
47078 58466
45637 1221
25165 55679
32400 33239
26192 41395
15990 2045
9672 53258
42996 38135
45065 37939
364 26551
58502 50411
49216 38669
56390 13944
50466 59396
58030 2403
6986 36150
51015 17080
27863 35617
14342 58589
11527 35369
52699 30940
45608 42855
33945 61428
30445 9741
3292 23975
36531 25723
16332 14635
60128 58422
55597 61776
7954 38641
29915 48053
8739 56176
52522 19071
30451 8775
43751 30455
34809 32842
36630 33451
39024 5935
20795 26004
49497 23847
58421 32911
29005 695
40151 43430
53413 15656
47139 55574
58460 52858
33082 40242
27967 44838
54433 10869
59432 49625
35906 33695
29224 9200
58800 29244
10431 10435
48737 11741
56459 37117
31109 37082
29496 61260
16987 57161
49269 9582
16204 48230
55042 47973
41790 31687
18174 23515
50189 2649
50966 14341
34164 49904
31759 31959
41075 15188
15680 4120
17997 17325
28828 24212
5078 15337
46763 2806
18726 43817
15368 13552
17808 33941
22011 59489
20953 51870
58526 23675
35400 25435
5281 30781
9069 60156
9885 29796
15156 57774
25103 3044
45479 2616
10015 42502
46296 21239
14022 6765
4210 46121
27189 34169
26713 41522
21685 54372
35561 17924
30535 54715
27249 48622
4081 17257
13556 37922
54585 35675
27535 37367
25525 11394
59300 24685
50450 42840
38279 24807
45582 23941
1281 38515
56147 42818
57715 58867
50175 54754
37729 5102
24929 33861
31260 16488
387 24664
23053 59458
19570 14608
49380 33841
25559 26598
55932 23128
58435 53559
54771 56867
27461 22613
35273 31907
48990 51948
48145 31596
35792 58142
52421 61859
39535 433
58839 32889
14454 57805
31997 9108
14381 28830
17888 10854
28563 15073
31828 5053
1903 33721
25485 42171
22029 18404
43836 13862
44509 9847
52308 12250
26498 10313
47460 23739
10817 39455
55084 47010
30631 53540
60264 7755
8365 43327
40781 15096
35005 27173
1768 53162
59437 21642
25823 47203
38791 7428
36988 31557
43451 44252
1777 31380
5502 31394
42124 13809
28090 38719
8894 10568
56810 42419
30258 54616
11910 26929
3296 1472
17050 15970
24845 2828
21454 8382
13872 37585
29800 38821
21421 10560
22119 8830
49888 41258
57649 33597
24847 2569
18236 58380
49284 37505
54521 9625
27628 3665
16533 10902
54717 16926
5368 60454
30823 11799
1271 33859
49089 26572
35352 39280
3414 36937
22936 41788
14695 61202
42608 57574
4497 47157
51199 47709
42714 43369
2639 53825
49430 18577
2034 5620
16206 14195
13066 29439
55000 39750
1336 30895
40720 56840
9987 31567
15634 11179
8273 14377
31036 54419
43874 26921
7497 39377
36961 9353
14285 52076
30477 38185
45841 53770
16794 50299
50260 11920
24176 40843
10997 43231
39708 33477
39797 17336
49017 10992
47079 47461
7507 44931
50974 22458
53694 60448
10733 29719
20385 39095
61369 38706
37925 4512
1683 15062
60876 24787
20445 25262
37736 8665
44391 7116
59509 1086
24597 13262
25996 34257
46860 56335
12998 59595
4981 33054
38804 44851
45261 27512
61155 54167
41107 9802
15916 39683
6679 6312
45692 61574
50626 31187
19765 59088
55725 40289
44844 39310
39349 2559
52792 57525
7934 51372
52182 34828
37089 32987
51291 49309
2692 7702
22755 6108
34914 31605
28075 43214
43354 8542
24286 59113
4520 39550
33159 35343
42438 54233
22363 79
830 58784
55678 50782
27529 44471
53893 42549
32126 28279
6917 34213
28412 27570
23737 24274
41654 57333
58431 2847
54311 45721
30130 34723
46355 28113
10027 15040
28541 52580
11544 31597
48091 51745
34194 50376
42629 24985
17701 22972
40365 38604
52967 52732
60269 48588
35270 59498
50767 49909
31687 54867
30466 45660
28546 37757
54116 6404
47909 27885
38829 61170
17590 16681
21123 31270
55818 50192
16089 15238
54443 59644
5680 56299
18280 5494
57779 18565
29544 39210
15982 57460
49184 35634
30456 26782
37346 16896
39999 12388
43791 359
24838 46475
22047 48736
1881 51736
32395 467
55769 37879
21301 34246
11918 7723
31953 34064
13902 472
23254 24578
52287 42897
16932 13463
22305 45074
18328 52710
57693 20703
39070 26795
45953 23742
57679 6986
18106 10144
36425 27924
666 42702
33858 38363
12522 16623
5611 17125
15818 56032
47191 35135
26636 27759
32020 37007
36385 23963
49688 40101
15750 18060
45260 44605
31202 26048
42330 49478
46652 13350
32167 27082
29372 36183
51966 51367
1131 36541
6099 31620
19284 11713
14523 24263
26503 36641
45337 36367
15946 31704
20068 16632
43514 20097
38113 37857
24185 22568
31016 50738
36273 46236
34795 26092
22529 48221
27886 9049
48886 56034
36071 56612
21679 43207
23057 7805
46063 49009
29737 15059
17755 29269
20095 51322
16476 45831
15109 10604
7908 6572
47271 14055
12622 61756
20680 26252
7836 51517
48686 22180
35119 52485
49951 36083
45231 40241
12134 45683
12553 44864
14181 46321
48406 3412
31733 10535
18121 25501
47487 41673
38640 347
49821 52716
34383 5970
39112 53953
18547 61659
6589 30912
54568 60678
12722 39338
19415 28533
14909 5777
23651 4200
11760 17242
19810 14534
928 24304
46401 5246
61889 39914
8296 2475
17978 47481
2983 25188
3574 26257
36265 40237
19146 43004
45706 34145
8276 18775
41804 46636
56916 39156
49335 3766
32171 50700
6724 53755
57195 11487
804 41963
37622 32399
18635 28769
30763 702
31374 13220
28867 55743
22329 43050
12083 52686
3368 33958
16547 18744
56474 12763
31309 2203
7477 51378
53879 39290
4283 33460
26261 33805
32228 45774
4856 15183
37816 40318
41252 11108
44988 44173
3514 2364
9944 23576
9778 15680
53160 42928
36887 19
19913 10319
5583 5692
16266 18084
7763 51097
36574 26178
50099 23143
27275 43887
39736 25897
39068 61019
51822 38410
40529 13128
14791 33931
50836 1008
34248 48296
61092 46113
29525 4497
59540 60240
29015 5910
19488 36019
56372 18645
38570 47589
28104 54380
20014 36643
37266 59967
40700 38204
3948 22813
39953 22773
48503 53446
6504 18122
49987 14831
13618 39739
40994 12749
13830 29804
17344 26474
43282 37678
5321 305
10293 17112
15720 11472
11392 26682
36176 33177
4920 61662
10259 36611
176 4744
26773 32976
60742 19285
45179 22281
38917 7669
30797 52622
19088 33639
2140 16889
15171 57417
18882 35253
46332 53291
18529 51996
46071 37677
56336 16394
29756 45495
4665 29018
45049 24713
15298 36908
60550 31696
17338 50461
51632 15944
51856 49642
40964 22261
38653 50830
43332 30072
52685 44669
12965 30194
27862 58755
7522 38459
35689 56494
14734 1793
42444 31587
9765 7620
59534 16897
17409 4428
54175 25079
9322 61820
61893 51686
3909 14443
10874 44363
51946 45953
20160 15069
61560 52440
49084 20692
54018 27029
37304 23141
60372 33850
18915 35105
28781 638
8150 45929
30717 54538
45134 17259
19929 16270
45858 18828
26379 6096
17842 26145
32799 44152
35389 49073
32362 53810
28689 22413
5272 4983
39193 36344
2613 11698
58290 31232
28314 20570
48139 23170
21124 14324
39565 58610
16409 37599
1696 17635
5986 11979
15003 48901
44191 44769
54786 59634
56395 12463
37697 32703
38478 48308
1360 13086
50120 15392
44059 48198
53833 15864
17663 57197
37765 17394
2637 61128
50012 15022
49563 13289
11482 54719
30835 16365
34011 54811
42698 40541
28982 23333
60036 10224
18230 51049
11895 6992
38361 7857
28567 60306
41602 5144
53363 44291
32226 43479
5980 32288
30803 40228
22804 435
26762 50086
21844 56171
21041 35487
43918 2770
6856 55576
56213 31608
10540 24327
21615 40677
26978 20672
45461 32267
32472 58860
18889 57737
43424 58786
26245 37652
53318 56936
49841 18005
36052 32166
2405 11985
29808 50087
5772 60032
20613 33498
16542 18368
21187 26076
7598 14556
50630 49164
26489 37793
56683 8405
33725 3549
54063 34455
76 52381
43101 27734
56975 31348
35560 35440
30277 2135
27083 32931
3553 22760
12294 25803
33977 56388
23710 44980
40805 50850
49575 11456
32670 29963
40987 7889
28970 45761
49807 33962
3383 30152
13341 20687
17502 45169
35994 552
8587 775
18877 44179
28713 13812
57728 24867
45761 38077
31767 6603
7958 21328
1892 23698
41290 40160
39904 56482
52384 17020
15683 12266
46517 35951
10380 17227
20366 15542
36100 17656
897 30891
36193 40180
26739 22486
6109 23982
61706 12053
55143 32688
59830 27784
7436 13798
30242 27466
7699 45922
42449 49296
54536 24400
10091 23926
32662 55990
46964 26254
19128 18326
33350 29539
46230 11790
17920 37448
27230 8595
54705 37742
31622 44959
30948 14980
15974 53359
29936 6546
36128 47240
9480 17692
25139 52697
12492 15454
60416 36395
39281 28326
33309 56120
48910 24962
57628 12850
8947 9559
56625 52432
4576 48402
18105 9801
50639 30998
51774 52801
55995 639
27194 11575
22275 27625
51624 32742
33276 8813
17510 58542
53776 55666
169 41331
18537 33883
47583 34996
19567 47223
54885 60672
38466 51468
38006 31892
43250 19664
32090 16448
56706 36841
9739 56263
29265 37214
35297 3127
31742 26110
22619 6487
21787 45256
36171 10705
49996 3935
35615 14121
24721 53335
29842 61801
21089 31231
56991 54983
12364 41279
45712 60961
15651 29482
37474 48798
25099 21933
15307 17025
56100 23657
50827 23614
26921 36724
2861 36536
20853 53086
48805 16890
61669 22554
46218 1300
59863 26986
53177 7946
24985 23010
25303 56844
43496 44538
51931 39688
53789 13039
42731 37805
9969 60528
32462 42590
2427 42542
8274 35288
32919 11439
38679 51139
21758 18653
56997 23273
6578 21306
57291 44119
55381 33453
28856 31949
6535 50774
34469 48269
59667 29291
29946 58303
1006 5139
47347 24974
9448 40218
26869 18778
57078 30393
42912 41400
10117 9493
4904 56903
30769 10983
51219 41982
17369 52935
22188 22112
40846 27645
45398 41372
26050 40129
42588 37463
5264 26528
55822 55634
21533 59446
55860 4676
44195 5185
56318 10617
34972 22520
24905 14957
20753 20545
41078 20767
47102 42796
58160 19095
49769 46559
31979 17530
57173 39675
35457 42248
2353 25917
40466 17777
4485 58176
15386 29157
41364 51182
44853 56545
60355 23801
18834 49015
60804 38465
48941 34141
5924 29511
28441 27132
6452 10966
49832 12052
41534 55982
46131 1514
57186 8195
6587 47696
29077 15377
10903 43387
45483 16492
19626 48751
59207 45921
1898 49135
3015 5248
21259 13801
52177 10939
3678 26021
19227 6751
23493 6263
24566 4181
28226 57586
9541 31011
16004 35943
34811 3528
27005 1728
60951 50524
44683 26019
51939 34340
11801 50135
11141 5456
11474 6812
5176 17201
39944 40508
57072 10177
61368 5526
40614 42916
44770 58031
15784 25549
32616 20275
59824 15032
38218 16214
9380 48339
15217 18624
30222 29043
41806 41058
16645 8285
30119 8604
16734 34521
43703 54954
616 11181
58911 1873
52733 2304
30491 43487
59062 23386
18851 56386
44408 59984
35822 21313
10354 56639
4841 31206
28950 30618
22647 57076
38508 35428
19606 17853
41874 35950
27808 29154
45241 8855
16391 45720
29940 60942
55398 11603
19800 38721
13056 39164
25212 29921
55925 41357
31668 49081
6990 41672
15546 57495
24994 36962
37482 28507
23525 34306
37671 41930
19391 41913
45828 34983
19349 20294
1438 59568
54398 22753
43138 31566
25940 35368
17989 14886
531 52738
60669 5870
56694 28958
44945 20177
51008 23972
48803 27015
3215 17027
59679 10206
39742 19895
48836 692
32554 7
54581 34297
59255 53437
59175 49696
18757 55572
50839 8933
52355 22537
15082 18794
39785 30750
52556 35069
23090 546
14353 60881
41722 32240
12461 49511
40691 31266
16426 19636
44418 599
49518 50193
47247 28210
50297 52296
43201 19197
44621 39126
54942 15153
8964 52217
41173 474
6368 35928
59206 24488
41122 12359
42359 26984
2584 57814
20247 36737
51683 28647
28890 25871
2187 16378
37983 10701
23912 46855
47996 60639
8613 42336
5907 25541
59614 54292
19341 24797
21412 14457
48987 17235
27231 5192
11511 27672
13160 40982
8662 15700
51545 33857
35351 50105
57440 52427
23977 59635
34790 40188
32886 52926
59867 45478
17861 44869
54426 17817
10784 18657
16841 42498
59904 48689
54047 34862
31579 53007
52855 17618
19343 27061
48927 12321
57043 55934
22199 4487
52707 11955
7548 8954
30693 18979
4935 7233
9225 41740
49425 29842
14786 40484
56371 29673
44324 17835
47463 45907
44198 40813
26045 32244
55427 12307
52730 61898
36525 1272
23972 9972
5919 3253
51819 35060
25859 1451
913 12186
17332 6703
35165 18489
8100 17642
29805 60392
24156 46872
44095 28733
49088 47652
44063 538
17182 15258
38310 5912
24971 9876
53898 966
41848 32348
24345 14234
7101 22408
44227 27542
15324 20420
30899 51494
1641 52394
40603 32663
57950 24340
36793 30389
21497 45675
59983 51867
39983 2080
14508 21644
42445 5258
4143 55283
41642 49190
53993 9575
30427 3673
59598 17466
45946 50834
19805 25718
42549 4679
26759 35599
7647 30812
9161 11902
2972 12596
2439 58701
19947 55152
32285 16390
7611 53560
6370 61611
15388 54281
58148 827
35229 7993
8891 50342
25471 46838
29730 16316
24315 25219
43941 50544
48703 29030
45645 16199
35403 48341
27468 2197
38492 13054
48646 30202
47619 48191
10127 50528
58027 6158
27190 34154
42921 43648
6490 13661
54637 30988
32070 25502
40348 44660
26747 20455
18334 21173
2145 10395
45239 41233
24284 47726
14239 2765
29058 48807
29144 36018
15474 34140
56063 8005
23769 16602
6512 31538
44937 41847
24074 19584
35683 13024
59094 23621
42260 58165
23507 3414
3969 56601
26093 43693
18081 14273
12440 7401
8006 15465
55577 41479
54015 28454
29801 21268
6008 988
43436 10969
13901 52062
42055 18095
41910 38319
39135 7842
1400 25940
3315 51718
51564 15932
21857 586
15963 2753
8253 38082
51576 51346
37001 45270
13449 31148
61013 45116
54383 39074
50146 10158
36321 60193
13577 50515
38430 5865
14153 16301
53285 10335
60449 32763
15270 5991
60422 44955
50750 40544
9671 22179
51685 49779
59018 40969
39059 3936
186 3918
18172 23300
56257 42243
9483 10088
8520 45963
35404 35151
16427 61125
52332 7039
11436 8247
7205 31972
43324 15249
56784 20758
1690 36593
8638 51680
974 60409
23478 49591
51773 22762
51671 52791
15594 58445
38592 28752
21219 48051
1035 12647
11420 1400
17392 45171
3435 24758
8308 23473
48610 47475
27589 61032
34478 61283
7449 58895
48868 2588
4166 31805
31212 46310
29379 28673
50989 36637
23727 19315
33636 35569
38907 45682
7147 32119
29623 12438
33020 37140
14520 12231
40312 35627
2842 22785
47661 21213
51330 47999
59556 30697
56819 18044
43182 56864
34174 54484
19768 39236
30019 59931
42162 56398
2042 36342
3987 10509
31391 4514
55529 34809
26321 10160
27937 29451
44965 19378
7076 53702
32131 60664
46688 35495
59619 24060
29070 29759
4817 48
58935 50851
5295 41814
21110 33159
39866 24841
9722 48081
4305 12160
8271 57864
18024 1227
40916 40615
41490 56154
38363 23861
35938 50858
46672 40646
21312 15650
24963 21018
39151 47252
34771 4152
19327 43142
29735 35322
33132 53678
39678 25395
28194 12444
6500 34346
51977 44776
45992 32608
7499 50184
55889 36141
42908 10102
42659 40177
57522 18556
50395 21142
36133 26857
47241 42003
56721 21105
14092 7240
28186 6309
29594 34289
58202 43182
14975 4370
27120 2869
22213 54736
54226 8505
29721 11708
26132 57246
27263 2050
47816 13244
6232 7016
20484 31810
27969 12558
20482 6472
43589 2086
16705 37422
24531 42058
10004 54808
45012 25468
31082 43118
4400 32107
5979 34461
54512 40893
5595 45962
6110 38686
28304 16774
6329 3217
48798 24010
48418 14466
24422 39712
53201 47045
8528 4645
36463 858
3931 13680
38435 42976
36805 32205
36811 58312
21604 54532
43910 5241
8011 30675
26923 52496
23174 41873
57253 3979
43604 23654
49171 36571
27718 48725
56892 58356
47256 27260
3372 53873
60343 24188
60955 52052
20477 46428
23046 3821
6790 53979
37875 40432
33254 17421
13943 34670
10141 2665
43040 48124
31601 4613
14697 54687
55528 19917
7093 5108
22946 14150
55403 34045
36456 6365
24089 6634
7530 47525
49979 15140
18257 34843
37625 25254
14822 12417
52903 12657
28123 34485
55389 60777
36764 16303
50295 37358
61226 60254
40746 11725
40212 36597
44236 49100
42120 36579
36487 27210
1721 48897
39912 6915
43112 50220
54360 41853
45448 37786
17528 23460
60385 44204
11824 30063
17910 46043
46053 43598
49966 27989
20250 57857
22271 6823
23005 10933
401 51935
11889 11823
57008 36043
9389 26317
37115 33076
43080 22120
26266 43093
4561 10367
9298 61670
48561 39317
41496 29034
2010 23090
6014 59146
48898 20654
34766 36051
14099 21277
24655 55369
27515 24362
29731 61867
22341 50082
10316 61781
24252 28220
20424 54143
47291 47571
60383 21198
50911 39873
37198 15776
39075 36907
5568 35759
57891 14020
3448 24581
10197 50182
10317 36061
49443 48797
40491 16652
3262 23594
44170 29649
5347 29328
17833 26024
29040 13
43381 47600
27789 2272
31829 18644
39786 39044
60570 1069
27144 33923
17903 8853
14128 58349
49476 19782
33578 431
7460 19683
22622 14542
28175 14079
7268 56081
18563 20638
44448 1423
44466 50563
38872 53867
31892 45202
34534 53893
43722 18086
20213 36285
2977 33507
14452 36460
25904 37400
39278 37462
3591 10140
504 6180
13398 2474
19754 30171
13844 23309
50290 10231
8994 9071
50081 17367
16746 24058
18970 60441
21504 38153
7864 16375
507 15270
32597 16794
61840 53155
28224 19681
11515 6024
8467 37388
24918 26202
34904 37295
46116 14250
61700 48121
32786 5060
36617 47421
54615 21280
43782 51964
52836 31624
23211 11332
4724 32000
26023 54114
56477 58919
48631 45194
2773 46062
28589 37764
1229 53708
30131 59485
5103 6250
56500 39010
20517 42091
37733 19687
28134 2450
37579 47894
26505 52976
46498 37768
41953 25006
27374 60619
18974 51127
7549 61025
26545 50522
1367 21915
21285 22802
11264 57659
52516 53553
40510 28463
30153 27298
54528 56875
45195 7900
23715 57003
5776 50489
28621 14859
55345 49000
6938 42781
60849 55672
28553 39473
38593 750
26244 41543
34339 50949
5155 41432
25937 25067
61779 3548
20335 19975
48878 34366
22251 2699
14521 20927
21828 35385
51061 37023
11019 9803
5006 21420
33456 32926
41500 45729
7473 14471
34774 10040
33421 3311
12708 44148
59371 47945
50871 25748
22897 29204
23010 49339
47670 39003
53671 37700
42300 33078
53415 5904
9680 14555
15485 28308
6738 18992
9598 51536
16776 25843
12929 9701
11371 8664
39479 22032
10019 5410
49822 31186
49752 37450
42960 48845
4939 3232
11610 35924
50650 26162
41154 17207
32383 5576
30406 26118
49444 32888
36945 28475
49800 50714
37977 45736
29420 8545
44639 49941
57806 8839
36995 31518
42140 36655
41635 12984
40929 31973
21182 25908
56640 42746
41106 37443
20719 12852
9894 36777
28821 40370
4476 48213
30732 34358
28981 16138
41379 15881
19846 4696
52189 17450
18002 50907
38760 28185
3682 21196
23065 44875
33249 37750
4863 5872
20343 7375
30261 44024
29617 27105
2465 27758
3729 23939
24166 22827
54507 12484
18814 21020
5029 22579
42249 38921
59702 42953
56053 1587
5918 50442
40306 19977
38934 11093
33232 22920
25198 40385
30325 53844
38033 52613
36328 28981
51893 40841
48426 9557
58713 28867
2689 2942
29474 53620
59576 15302
53073 13087
37465 44916
42719 24499
12337 60624
21072 49659
39650 47743
31171 55887
32858 5624
9887 7365
4055 48470
29526 3575
6784 15929
53148 40699
58926 9679
54879 56935
22508 54556
46814 53749
5527 18854
33067 901
42345 22497
11309 45469
2566 60880
16237 7293
46375 19997
60656 29496
28798 30880
34346 1491
34259 21750
39965 13698
10404 48498
23849 35259
24436 13886
18540 13357
25390 35811
26790 34293
50756 49176
22176 16952
44493 35967
39184 31656
3432 40832
51723 47837
41346 9264
42422 45553
21932 45794
4320 43796
21607 1206
6194 24682
36567 38208
44459 59379
25334 43485
18622 34525
16515 2850
47431 16742
55809 11163
43029 3940
59399 18614
39499 13153
57232 51721
9855 45648
21848 40499
5342 17779
38191 3479
43491 30472
9269 42911
22926 547
20332 4365
61196 25471
45776 43279
43394 17781
25688 43450
8451 55843
60673 43261
46455 23608
5553 56642
20289 7071
61167 1251
24687 19169
42172 56847
51883 61512
21528 42560
53293 25332
8376 15150
43917 24950
46061 33328
54327 61552
48417 6528
44920 59237
34498 20674
6125 31763
42338 56805
43940 39132
27749 34837
33325 61879
23713 12218
1195 13034
23764 32811
20242 30015
11814 36746
14038 46693
22396 1409
50211 2606
31869 60357
12584 34696
14847 19984
9016 21861
10155 32109
5058 25782
19386 48785
55341 10290
51651 1205
6629 22727
61782 44848
50521 23063
35375 23291
54731 40976
48408 19814
57913 15480
34507 32851
2474 18080
59850 53209
22071 4064
57436 41012
50221 16888
40504 57585
8589 25374
39142 58354
24689 53403
10110 1932
10634 36369
11852 18363
54484 14784
45407 9943
50535 22400
40943 58798
53022 25746
59157 43053
10849 8996
47264 5754
28684 47835
2864 25049
26927 34126
23875 44434
44327 40138
47159 57194
15567 40995
29112 44992
40016 14905
18674 27351
49309 15753
49057 37546
51368 10011
29421 27949
15336 20473
34997 39674
15675 21581
20282 29437
52994 35536
51405 8636
30738 13551
59243 42761
54730 9082
12716 38079
24107 35479
44454 44830
37384 52436
28875 13259
30257 56531
50426 9052
18467 20251
50996 45124
25027 46212
32959 58894
34568 34329
27438 8864
10621 59690
53536 50466
13088 9513
52512 43007
39628 37018
9071 10358
57214 20808
16385 4445
3420 36526
42021 34929
31496 47150
57287 7759
24328 12068
36343 20815
60785 55019
46623 57648
55437 9537
33811 47650
55783 1933
8171 50164
18682 20886
5497 57681
60631 27135
10507 26952
17878 19881
29447 29033
59331 48865
33644 53851
61218 58598
54464 41737
28671 48388
6011 17944
14552 9959
53524 51060
29566 12317
57976 6998
22911 8621
1748 12108
27191 1717
3491 49968
25983 40107
32900 40433
24508 17490
15452 39689
25308 37162
5349 40132
24571 15134
14716 39084
1848 15217
20886 59439
6494 45048
54997 1710
46839 23545
42596 5209
21974 45099
51864 51107
9572 31235
9018 8788
2511 32921
18801 55453
54380 39631
30963 30721
45618 46663
54468 42571
9096 24508
49732 12058
46239 55846
30744 25393
29400 32208
40328 31055
345 9013
59367 10734
5193 12666
1246 14830
16773 2113
14134 26778
54721 60251
9799 984
35967 17686
60045 27070
60555 14586
34589 48652
27739 43997
7287 13293
50868 49662
60706 13407
15574 4335
19737 11605
7986 28789
3130 61340
15627 40440
27514 59554
61775 45080
52029 21293
40817 59570
29958 29986
4117 58169
7266 16174
54834 28021
59320 26534
32757 50871
39108 2742
35131 39842
1078 60155
41416 54024
33776 24929
37687 47200
15856 20507
47091 25832
9410 40076
19089 48659
28131 37483
103 38916
40293 35138
23123 34422
15766 42035
37400 57396
27301 46145
12276 51572
43541 2524
43793 34122
60870 7165
34308 29597
23633 29944
4436 54199
34476 57526
35657 2780
59687 57527
51539 16104
33268 33994
36317 35250
1333 25927
25589 48181
57235 2573
30811 36550
2854 25389
41660 33825
25355 50146
24465 60501
16624 3231
48977 12443
1065 19083
23403 28807
51677 26086
4428 57960
22597 19960
15803 50704
48035 54239
43064 18738
41174 30235
6794 10911
50562 27687
38136 19296
48182 40183
49590 59649
21792 45217
8744 33881
2906 59224
23089 9322
35784 30382
60429 61821
53315 42343
42127 29603
11475 5928
54421 47360
51062 32812
44872 7417
30450 11782
45574 51035
31362 38368
41402 58611
11946 45621
53183 35810
8838 8868
4136 25761
46927 27104
50869 21199
29995 29550
2424 1633
19232 11723
13212 29733
2871 38687
51847 58761
13073 46704
58052 58707
2747 13234
20683 57839
20322 29799
33777 5911
26099 60172
53439 61115
35589 45333
31025 42506
16602 46627
2400 52199
49368 10748
42396 47080
12525 48056
18751 8097
23395 5977
56502 7482
51174 46284
3133 29452
56741 41555
42975 23786
21754 5591
17906 59487
8158 46353
52386 25172
24119 47637
28637 51844
58294 33533
26216 40113
48714 10480
28819 24818
58631 36068
25340 24944
22220 2878
12244 50349
32520 11200
45356 21968
32606 37061
24075 57102
52252 43223
34032 56537
17480 9837
52505 10625
5415 56939
47651 9477
27821 59306
5173 50408
28221 46665
39483 3363
60936 27498
11827 20190
35749 20285
19253 47852
21051 50373
59471 29246
5248 18926
21491 41056
43315 11843
19376 7705
20087 58887
61152 8623
39494 13295
47033 232
27926 40801
10922 50161
45205 16588
29092 801
23039 30058
29304 32613
2776 56061
47633 32680
57019 35619
23106 52918
40295 377
28505 39845
17994 61740
41909 32340
51871 15590
3760 14214
4918 38592
43987 43220
41781 31177
26622 29737
23810 26880
33626 28959
52501 5204
49146 39402
44526 39329
61822 59841
2041 16038
9358 60270
55619 35871
39818 18227
44440 61837
51205 41199
61500 36540
2281 53748
61000 54084
4407 13608
15467 3206
51021 12114
42282 9717
24008 3609
23734 42814
25091 22874
37175 2407
2123 9528
39656 55957
10056 2126
44504 43713
29487 37886
24312 54921
24381 39537
29095 19559
50010 21700
5039 5748
37613 3214
9024 7137
34699 27326
24049 11682
26086 10574
20604 44047
42570 18638
18265 40049
16359 43315
7435 45320
1699 45866
48214 38992
12193 37506
32706 51597
33931 36843
25362 60960
36810 60228
7718 49109
17156 37944
50789 23606
17059 61866
46140 6104
29247 50366
14063 19615
40100 21157
18716 24155
45481 58821
32192 24835
13119 53757
8038 4435
8896 49706
55891 28006
4854 55268
29626 36076
11316 4255
58896 19192
46752 30856
29171 8818
5754 7997
53118 45523
44691 56323
55413 17985
20945 21576
43768 34541
22769 27117
46501 34384
4256 13753
36045 45602
35532 13701
19030 40112
58415 3814
19658 7164
55795 37446
10323 47824
46650 41221
46502 34666
45890 5746
41793 31698
11410 47453
52016 45132
23691 39635
33342 51655
14696 46322
61174 18822
13172 27988
51909 39902
9102 55562
61395 20742
51798 17018
32377 61527
1723 37693
23652 40845
36309 23191
37505 8501
24177 40259
30632 36873
52669 32532
36153 34060
8505 47788
40105 41410
60193 32620
5651 32277
4309 52952
61280 11791
26094 57912
46985 39939
47112 15252
31370 46438
34452 19038
26922 12685
50408 104
26833 7747
53959 1572
37677 30467
4834 40991
8214 52215
20777 7729
42097 48331
4861 55580
29490 13588
30529 52401
44572 40325
33906 27174
22579 59463
8411 2982
57538 21876
54333 22915
51136 36728
36131 52825
41930 41780
38522 13916
11926 741
50318 41984
8457 13186
28353 45221
32956 18457
56900 16674
3632 51787
54487 4446
8138 20171
33955 19680
10029 33207
19932 36045
10791 21229
10615 50269
21146 402
46487 7461
14777 44947
22677 21843
34007 61823
58650 25956
18616 60063
55440 37285
5169 59698
16424 1909
12865 54529
41620 11511
60549 12716
17987 21661
8204 54646
40962 22148
59693 44072
40268 31399
34963 31097
6123 52249
32937 2331
42008 42314
11052 8897
38785 31556
38054 10184
10106 41105
11220 30188
43171 58462
40926 56704
47228 35191
39659 58716
22127 21962
55217 30309
36938 51380
2700 53358
54083 27129
56609 48667
1860 3672
5324 54730
2980 34150
42039 19618
50530 37025
37800 47512
17345 44447
42673 20677
13816 36385
50264 35120
37496 60016
27302 13649
40509 37841
41877 44925
1985 61417
32640 52399
58262 58198
41102 52153
35755 23174
18984 4340
42069 9785
19799 18381
31651 55099
16049 2043
52737 22227
52911 24592
44892 41060
26614 35015
19493 55208
29724 10877
4783 37420
45129 39695
3927 25531
10360 12281
28810 39007
27239 7658
31736 56663
30438 51272
13371 49253
22295 20204
61250 46221
9416 56219
20486 20612
61148 46521
60985 2073
20927 17793
48117 27124
56412 5689
22635 32575
26131 57479
8570 15575
49851 24353
60142 29617
33750 54360
36809 19834
6959 14165
20914 34413
15843 19813
30571 11470
8030 7356
17530 24525
29465 51443
16248 2451
9233 50974
6345 13245
3317 6069
19020 29084
25176 33161
56634 1635
40330 52365
27403 31632
16271 32772
56709 10098
10467 12466
53313 22290
21459 31685
37860 48002
47260 57271
20495 34317
12441 20340
59463 50826
10443 21453
32655 9391
33734 50429
30594 57135
32687 6440
57612 53880
20221 33827
32596 44350
1519 8698
5902 13448
25772 47486
33125 2396
29966 30106
15777 25401
14100 46772
38231 56677
23128 34233
3189 7592
3313 270
18439 20381
32434 2886
39159 45027
57825 55583
55237 38948
42878 57140
44075 5707
30841 59057
18727 30598
35173 58274
536 3024
55521 6757
7045 34117
28242 50213
8778 43188
57833 48861
61481 20479
47678 1474
60218 37851
50061 49709
26428 20457
23983 41868
2966 58467
26253 59139
3353 21030
37374 13144
36820 12619
12757 18781
23759 18131
61476 34884
18914 20916
4819 50646
25320 28909
33047 43983
29515 7711
50096 17869
36036 9786
18332 10322
54088 17934
40845 7502
44591 1000
40046 40826
7787 36676
8433 33690
6337 6710
25815 13539
24458 35556
52095 22959
22223 36004
36559 20873
23961 17764
49478 9278
9455 46161
13046 52692
39484 60901
33366 37624
26306 16045
32774 11225
61010 4669
2970 20407
2551 40191
8981 58475
46766 22200
21827 60336
52689 29075
31048 3325
34035 61560
29950 1901
9761 30851
39732 44270
58533 3307
33785 6943
60176 25140
21494 61604
40179 5644
20876 59508
61393 25685
25753 11730
40403 46182
48453 39068
55221 58411
19611 38847
38911 41253
22045 54800
33248 45229
54283 45834
33405 29219
34888 40391
32103 23307
46448 20477
36892 21780
19648 53572
31123 12986
53461 46721
1091 49703
24141 43967
21709 53039
44159 34963
7184 5148
27299 49529
38254 50098
20164 30520
52217 37211
47535 8638
57154 6090
45092 53272
41240 52583
1747 45784
39120 30689
31103 6375
17402 29858
42965 20342
51309 61967
50867 42233
37911 46545
37856 50233
14913 30501
47278 30838
3366 15185
38242 14667
31487 9419
11175 56433
34357 60174
41224 59933
59522 16912
40616 23820
50765 25696
55127 12017
24917 45850
9685 43594
53849 21649
44613 51694
15873 56413
2070 57830
37524 21284
45910 29707
7203 31950
12504 1984
1242 4284
28904 31152
20559 7399
27446 23033
9925 31369
27064 30228
45253 55429
13363 11194
26895 18499
32888 50328
59166 22847
40074 39613
30908 37663
57201 8349
55600 33289
48224 6746
47672 26588
4082 53580
46254 46811
9050 60276
33993 7012
13589 21357
36759 36448
21303 42563
43400 4649
31351 51933
34438 19800
24696 34915
20563 30211
11350 26268
30125 38702
34940 27096
22435 15636
35801 40690
23219 15971
44294 35911
50594 10422
56863 31613
60281 25154
44614 4330
42160 22330
59109 13648
45437 53341
17326 45486
39982 38730
31732 28256
12601 61620
16156 28532
18285 37173
36575 51599
19563 22427
14737 35687
19505 45491
50540 15477
18941 11344
46197 43425
13585 43884
45236 5105
46203 48456
32048 46656
20778 37631
31445 54838
22860 60495
36733 7493
52128 38809
47295 39065
17922 30338
18861 21324
7988 36379
37584 6400
44344 59939
35599 29178
24884 11546
58705 20188
25857 26595
53634 4562
60487 39208
61916 7127
52732 44926
9600 53351
19036 39087
2757 50551
59938 53731
46802 24833
5180 21458
22700 32395
28992 42271
42990 43265
16807 4030
48978 5934
31397 14262
14024 53546
13243 9105
54261 58148
60489 38062
17769 49479
36833 41690
45625 53074
17801 59851
8997 49616
7159 9616
40350 43312
48556 9780
38459 29687
15682 34817
15890 19104
3327 25558
43899 40343
34803 37876
14790 29306
41809 12824
15260 13479
3441 44664
6567 57503
27087 20749
21647 19644
47013 37374
30960 52059
6590 44536
44643 19959
50513 28491
9010 47042
340 22562
36068 5852
10351 38190
26668 533
42788 40075
61095 33452
57567 26490
31176 55551
31291 8360
42634 55870
13072 61576
49540 4091
18825 24198
21049 35972
18705 3482
60860 56
3878 46096
50380 36703
5863 53789
42750 23544
37627 7190
15219 56443
35072 18495
48411 56734
47391 2044
55728 15417
2445 28293
60367 46021
27387 38677
57819 25839
54894 40975
11521 20849
2382 46647
54802 25087
26018 26610
51640 25007
32466 28521
12211 35725
49087 13843
57167 43417
18971 11365
57459 31122
2456 9115
608 12336
19556 36401
37222 25205
39504 55269
7033 23612
21958 55048
18650 27344
29777 10111
42030 18906
35606 57196
34362 43914
32370 8228
58279 8801
8795 761
55776 4702
33045 42493
30673 1030
17881 9437
12637 47274
53007 57993
7383 31897
21672 59968
58847 28622
47915 8899
30076 5549
42487 8993
16861 59786
47095 52819
12203 27254
924 56371
48275 29887
22093 58562
51824 51704
19335 45574
37211 39612
60223 27899
49630 40846
12660 11784
11502 29780
40040 33386
56109 27796
41860 36180
26575 53745
54198 29495
28030 25213
33770 23286
21492 14795
5685 12177
26270 27838
43861 39622
6252 487
12110 58677
9216 32648
58655 55497
21208 47902
16257 15516
448 46671
17091 32882
25138 17646
15436 26925
29278 35794
49399 37772
17498 24050
21603 2193
19789 2482
38173 37235
47375 31672
37545 46196
750 24156
17142 59319
42840 38029
23564 31558
45402 45253
15487 60384
4072 9312
43765 47854
7748 47927
30501 34499
20107 56319
10468 49191
26570 51045
44963 18313
32934 30471
58183 33879
46109 5128
50453 34299
20381 58322
60143 39982
7695 5797
41859 16072
19336 30963
24088 41332
40281 48608
14474 43499
14361 43826
8754 5118
31339 44832
10040 41530
29818 35337
49004 52305
39698 37987
24486 20480
27253 59995
46003 3459
35995 22515
30857 35064
49634 51022
35227 707
52560 30728
43523 29756
54107 33598
14314 30752
49930 37616
16218 48092
44587 21727
49463 27592
39048 23129
57222 52313
61371 19309
5366 18954
34440 10978
29279 2316
34615 45551
46123 39167
60575 49115
5119 19928
36974 47643
7354 51448
4048 36944
54315 17069
35891 4026
33128 41242
13249 31010
37533 37890
35171 11081
9821 37543
60243 3383
59814 43013
56000 19121
34102 53012
61442 48325
7618 40916
61806 1790
13462 18797
46984 31770
60357 5408
32036 8312
5960 33135
33448 5038
29196 55801
52999 51365
3647 18210
29717 16519
8648 8687
33637 40357
27226 18414
29937 18037
36957 56221
3784 16840
36622 931
30303 61319
44091 7311
52883 39573
20197 11444
47401 38783
1427 48429
25949 9905
16677 43199
53508 29272
198 24234
59753 52943
14281 11495
37901 17122
4787 51284
2969 45926
27768 59543
22580 31780
45901 11850
4179 52388
35466 34563
3949 56493
4524 2169
30938 22469
2080 5532
18815 9508
26796 39030
11796 53853
50396 10103
8876 54894
61737 32503
42043 49333
47795 27063
42329 50487
27549 25112
24541 15595
59135 43298
25067 28848
29396 47580
56992 41785
24740 10964
24619 13819
5260 37864
44744 48128
43372 55171
57315 22615
61723 3561
8716 61489
42831 17328
56380 49512
22792 53709
7775 7602
11697 3443
35210 10984
25760 30410
34659 26133
8346 31211
47701 19751
14595 31213
54711 48900
228 49312
49557 34900
1490 15314
19554 24891
30344 44795
44139 46243
47127 25564
35681 31103
27796 17212
34861 59483
24857 34764
53960 57035
15052 58665
16221 778
30188 18927
22686 52253
10167 61575
18065 25036
12353 44466
57358 20689
47516 34751
50168 44753
7396 2689
2112 6381
53050 34819
43267 41775
27476 23189
40300 55329
50205 28298
57918 40009
58265 42734
1026 56254
15773 17865
13506 21953
4410 17717
6613 17504
38925 52581
2201 6441
29258 16735
39177 42884
44042 61257
46091 25635
57162 30220
3191 50670
16039 44256
48533 49093
2900 15847
26363 59929
28768 44033
15358 38583
35374 61467
60141 12775
49440 34076
56606 22113
50861 44415
3700 45239
9184 11792
33024 20531
18958 35889
15347 694
53464 44093
47941 556
37756 54506
20900 4454
37846 784
39186 59462
60589 6403
44076 34424
58710 6810
21016 59010
15526 29226
19777 23037
57427 14380
59887 47531
43268 18567
34161 16509
14487 12654
27104 2231
19694 1554
18033 40593
61578 61515
36486 3728
38776 38938
57653 43032
48183 54753
11478 14210
41026 39282
44483 41818
27998 7982
36429 46405
32482 7863
3073 5662
22572 56128
42161 39629
43998 8514
24980 24639
51499 43018
34372 50061
20889 42462
45634 37098
27285 52639
26756 12109
9780 7265
19654 45591
24672 12076
12051 16603
49442 19305
35254 30603
31033 43286
15793 4963
55663 41864
14769 29717
19710 18114
56200 50421
46372 27983
9461 45366
52808 43751
30345 50455
3777 50471
36857 21195
27046 16865
27297 10615
36523 51167
34734 4850
8788 18173
25456 50929
60962 4089
16712 25088
13326 25467
21645 21801
42383 3937
5182 16924
29478 53268
55518 17346
24319 11661
6060 28874
35104 4549
60814 32226
61929 13152
12484 39997
3378 25732
17594 11695
24719 42303
44150 32248
39648 7107
39514 9429
2592 35431
57254 50379
4770 28263
12332 14313
52734 60793
49919 42162
60336 6964
47469 28940
44005 46885
36625 16974
14223 6770
31418 2285
13690 4779
56982 4615
21822 37444
19870 47681
1005 16424
13882 50938
12454 29222
48594 1230
7689 32618
48948 9756
49436 42787
31387 41966
15899 57
45589 2480
39611 43556
58497 25591
13403 17462
25994 9936
15685 45879
36182 21616
21078 25647
50825 37660
18551 243
24948 33777
30557 46374
34974 60154
42515 32158
23545 31336
59829 28578
58551 26471
23570 55316
33608 47695
57856 51180
32590 53234
30541 51471
6463 4595
52614 35398
47345 14802
60432 217
49915 25194
55033 45172
20987 53607
13313 59430
24295 31593
20508 7944
27128 37175
2997 35082
36866 23523
56629 21853
14502 44685
48579 19847
9564 26255
1063 3618
58563 41437
36262 42407
38276 5942
37955 23944
47187 35038
27367 55925
19346 22287
9989 5273
12858 55128
21619 30123
15075 49838
24894 50234
37342 19003
54616 42454
16105 13312
32723 60507
36087 36339
42901 2578
44883 25177
22123 61361
16865 12518
50028 19587
53844 45606
32023 25566
47420 59450
60117 41329
48471 45144
32152 59433
30201 31884
11026 5562
48023 58014
52100 41471
23081 28704
11093 59382
9173 59916
47207 9172
35819 2340
32003 12655
12062 1663
35530 47169
42062 38860
3850 15630
34338 32063
2217 25479
54990 4129
55490 51953
4872 35426
53609 42167
59365 20168
3180 32748
50092 34993
419 54674
27027 53201
9011 29446
55218 1076
41334 2428
15168 22236
4455 3674
46346 22133
9898 51628
600 47253
14335 61130
33144 26576
29886 7746
24459 13873
3962 52895
59856 42851
41795 43734
43697 34284
40405 30040
60324 44439
43207 57030
31973 57296
1031 35165
434 9762
34880 48566
59108 37969
26958 15269
777 4721
1097 2417
34696 48200
47330 9280
18006 32041
35111 42850
18789 1250
1124 30882
32914 40526
53292 3002
45735 15905
44174 45961
28219 42519
52834 8555
11749 942
7014 11289
6313 41463
34367 3275
9759 20142
58292 53788
12579 52016
40618 6377
34502 29897
16543 40058
53426 11187
23229 54746
17520 38735
52097 4192
26012 53596
5179 53574
24449 6969
26610 7483
30081 32581
37028 38993
15939 52375
45695 40346
14802 14456
19660 4136
44830 52721
54268 13281
55566 27933
5284 22109
42844 53184
56245 54782
42592 48361
49781 61977
2077 26347
6128 21250
26561 7917
24856 44833
58259 37747
36222 35776
31196 9001
60381 21076
41730 54817
620 51977
46062 13975
11232 50085
5419 2988
32759 38869
55400 11368
28437 21988
42265 4144
59502 61797
21711 17950
37084 9257
56228 49647
6250 27208
34614 11014
2789 45633
15058 24244
13856 36269
56893 10814
45370 28749
37145 15968
31163 38142
17767 2668
3052 61723
4873 6552
44855 51843
18375 55534
59294 59757
36931 40137
43130 24651
2157 50965
61386 10339
55734 1025
20611 59470
1027 31914
60101 5291
38472 417
9450 60275
49300 11759
53785 5842
46709 46317
53799 42714
26103 38911
5043 18595
19614 27278
10647 45450
36960 52915
15760 51921
37139 50631
54700 31196
55670 45375
25504 8317
44371 13511
35427 9378
21741 41932
25156 17757
49520 34282
48480 29519
9172 27003
51807 60760
45175 11440
47459 40013
5140 45330
32820 2466
48855 39078
22667 11797
3520 47003
6402 32761
28646 59136
15214 59567
54964 41104
4982 54165
22322 51288
39661 19740
50398 22797
40231 27446
39034 300
25999 36551
50696 15443
21390 12577
1942 7701
41558 34748
17913 6271
51351 40562
29528 23718
32153 56540
14952 49882
23319 35372
36244 33263
24604 14371
28302 30423
12173 50485
44545 59245
38396 43210
43298 13639
24909 18116
5617 61658
50605 12696
40542 7385
19358 52207
52302 58683
16152 44909
46735 55299
4818 31092
5377 32606
17562 11556
10108 10471
24904 43919
46641 2826
51374 3541
41544 42262
10111 23868
48475 18682
25535 13736
20754 28487
23639 16475
6983 21909
5998 40424
341 52767
61420 49704
29147 29698
23588 2839
49896 6844
17680 48524
6700 3438
8684 35217
5722 11527
12281 59480
28245 51479
29416 1905
36503 31789
36356 33745
33584 7607
26742 4644
6770 15421
1722 47278
5874 29152
23195 38844
36322 37996
6100 21363
39121 27464
39194 13026
51409 48962
21262 44359
56605 21345
25247 15078
809 51051
19127 7218
59984 21374
25415 14928
51064 6427
5551 15540
47504 48350
36670 27040
15909 57009
37484 13105
34152 24611
11114 14462
44913 4819
24952 30867
11109 38345
9100 31747
17624 3562
19735 28565
17591 9499
32318 14167
58192 39940
4147 29819
10959 11670
28487 25385
18086 24477
27598 8940
19645 29999
31735 47175
51293 12725
5042 41421
23667 23501
16496 17675
16161 13253
47245 22013
40963 8337
32493 2104
38916 45365
40415 37269
12816 3910
30007 18390
7011 8946
8880 7282
19967 55814
444 30510
25933 30054
21773 27409
55156 11220
40645 49830
24897 22517
52696 14409
56506 19344
21597 39560
28851 10276
21938 51744
59254 52073
53444 41812
53972 40078
56329 11137
42667 37888
38955 36226
8922 60839
19690 15054
58332 5668
39533 26981
45567 56163
13164 34195
31393 32062
61534 56506
11642 14185
26100 38770
20916 31031
19101 54853
48161 30328
45545 18296
41478 951
32179 47843
37741 28057
51248 48247
15888 57187
21358 16165
24646 16242
18370 21450
53510 28459
51503 37976
25752 14576
23922 58456
7464 9763
36953 60647
13095 333
38813 27380
35759 2899
11792 2626
61803 30845
50307 48070
60597 50372
1764 33045
47659 2204
30253 58585
46424 34808
13740 59728
28735 31410
52278 53066
19093 52299
54479 45656
45406 61010
4533 6423
53672 29652
55561 32460
52145 15763
52105 5446
26814 36602
44105 49354
58175 815
9122 45427
41507 47959
19847 26649
15862 14288
16560 58934
43167 23489
10102 19385
46874 15668
61726 61587
51713 5947
24707 1044
4848 31444
29431 43846
39187 19978
31408 60830
38158 46092
26268 30100
35021 56225
33202 37381
56993 48975
45332 38251
27414 1600
35629 29809
2410 30394
51821 50583
23563 9085
45983 57292
53235 46081
35187 26566
61617 12121
41824 51765
5570 57119
7168 24276
59993 41079
16269 30429
43097 46131
43562 41511
23266 90
10902 56387
42402 41112
40153 4634
2904 61920
36912 60107
42273 21818
44399 34795
42385 2144
26190 19438
49328 27912
21732 49342
60952 17681
28211 45748
6944 40141
692 35550
58208 37699
16957 52067
14550 13576
33468 51623
48946 44871
34000 5306
36569 40663
38045 57728
45067 22001
37699 48219
14486 3593
29215 33734
24519 44215
25634 23855
30348 3380
50617 7273
44536 25098
38574 23960
45249 30498
61304 40576
9880 2679
22608 23959
1610 24015
31639 60784
6852 42479
19362 36621
27262 46195
5627 4392
7607 36750
54482 46488
47852 61441
9285 13417
22829 59818
20441 21950
22484 15640
29841 35366
51398 7443
13558 42536
57902 31359
31650 58480
22827 49302
31206 38019
6398 57091
28716 59792
47317 13750
45664 49360
29652 48826
20901 49866
4403 14775
19679 21002
2929 23116
53097 17522
46582 33002
7543 44580
1481 27718
55652 18163
57712 3570
42466 4153
57767 24433
44378 22625
52433 29650
10772 31866
48529 32864
15986 34517
33817 54367
11433 8042
36170 30813
10495 46520
21692 34859
36691 44454
27943 54093
30282 34922
15195 19154
52282 29621
26546 40695
41272 24127
12089 61998
12216 61393
41975 45432
43078 53006
28321 4301
25925 12344
1914 30008
48326 5722
40247 5255
12932 25604
29464 11719
38811 18899
28152 5043
25483 7168
292 10799
46186 18085
14077 7342
13487 45684
18242 9697
49305 32528
46122 9864
53001 57344
52168 13387
4101 34124
61923 41110
6669 1488
52397 19214
57147 27299
35186 44722
12253 35484
23973 8653
21364 31058
12916 22722
29987 27534
7469 29089
17194 48347
43956 42251
56534 1408
32079 19105
34585 12391
41885 4126
20540 1445
39124 57134
25470 52560
40063 15226
25726 54720
38470 34054
7487 61289
22802 57879
23068 59226
55412 37926
57873 22466
40460 59953
11307 42340
53330 51566
44145 21385
46268 31861
52469 38887
19494 43638
40271 45670
38678 34745
5555 55176
44048 35945
8779 29181
20525 30016
7725 19929
15636 37176
60735 8648
7665 51731
11997 20087
59347 11255
45446 51726
9265 17040
33478 14863
25459 31736
27410 24373
39088 18884
9036 50447
60318 55412
25147 3102
27725 9722
12174 60752
61587 59179
41649 29880
35218 10903
45445 40543
42288 10538
11354 46650
36367 35083
10936 18694
60493 11946
18930 11493
9195 55007
12262 46407
20617 45408
55181 43671
29557 52066
40594 10059
60762 61043
56723 15592
23530 7663
629 2697
31760 20751
8948 37653
12788 8289
58088 28895
25163 17067
36804 24227
58931 12092
42800 13446
32439 36864
57802 46343
44873 2274
60617 43618
58988 20772
46540 61316
55044 9696
29089 24440
32028 29389
10962 35381
5418 10656
37054 34973
2023 19764
52159 7962
49877 1634
14453 26514
19143 32730
2143 59163
18013 59195
14736 30019
35233 20986
18919 10228
11024 282
51167 48399
29972 35793
37071 33254
48662 21711
58335 42418
50196 46233
32461 19370
36027 31059
33477 61374
7420 49425
37534 37600
7485 43706
17557 9640
50798 52402
35594 37044
53955 47746
24043 28974
35524 22197
53911 45164
49597 7361
2727 47949
49808 31391
47120 2627
28926 9138
35806 59518
14323 36108
61186 7660
6712 20191
48234 1626
54400 26322
58550 40470
49241 55108
16223 14442
19511 29228
57332 23423
2113 6061
59661 21389
17224 3607
22845 39856
57862 42030
53526 12790
5701 38236
28775 34501
56708 14559
7694 51203
50832 50273
53208 18215
15529 12827
13755 1478
53131 5479
48341 35286
38531 55670
45164 29194
22979 44373
56430 44012
46580 5727
39995 33541
41470 25849
28061 12744
10878 32144
40381 20825
9125 39530
51436 39655
13542 33526
53316 58133
13563 43698
52786 23663
3891 26055
37361 57554
22992 46922
34884 55955
18422 28026
39116 24225
35309 25305
11035 24434
21211 799
46141 18655
19179 22605
18962 23027
37535 57510
17521 29202
56231 57299
33713 36768
44519 5741
53424 14136
6241 47701
8886 29113
49159 48597
51492 27238
26975 52671
3886 29000
18175 18916
56823 10735
42985 60509
8316 47711
45969 27777
56760 47750
8697 27145
16363 9147
9585 54757
46622 38482
21109 39187
54296 5642
16224 9414
49904 13618
55284 19873
44318 31105
25737 56855
32078 34427
9318 21982
37843 4333
41446 38711
17611 49553
41145 24627
27147 58532
24588 434
29622 26835
4950 41865
41526 17913
52075 27166
50390 11462
6102 36426
26402 30286
33792 46547
49140 37219
18234 49496
45529 8974
24188 13059
29799 12191
31985 54545
21450 25020
38140 18971
163 36299
56945 32152
50734 2768
55520 53923
48020 54150
6105 19792
47903 54696
30045 38353
41605 19918
43526 32382
45698 36654
23477 48488
55713 30373
4151 14715
52146 1759
35025 51854
26065 161
14276 10095
28158 17215
54058 19672
13884 41980
32422 54673
17599 41718
21160 30969
54287 8139
18586 42849
22136 43642
35869 59642
37876 27339
8559 11756
37103 32237
55865 45079
31808 42257
51663 16040
22528 1865
44732 7823
49956 50117
3173 18168
3011 32313
6526 4373
41038 39249
51373 48862
54835 23709
30120 38081
1068 31490
8143 37066
56208 28579
60340 61947
28921 16903
29919 41157
45 44952
28037 31198
13260 45499
45128 53627
8646 7838
42599 24459
19784 33589
10419 48036
57307 37701
17959 1150
6118 55397
42900 17010
23622 10673
16410 38120
5402 3835
24370 9578
43550 20951
42528 30215
10848 45435
3394 8880
25975 23422
41000 10703
20022 3467
47579 17870
45839 23670
49495 27494
15345 41698
59374 23330
42958 3193
5977 18997
46118 19115
6238 34709
72 41874
13987 5035
31249 33677
5108 12702
60250 50230
38908 41159
14824 12010
34043 50115
44564 6194
29168 39241
609 49325
529 10954
45587 35633
22517 21143
53551 57177
7904 20724
56384 54187
27677 55378
45485 44891
8663 52421
31307 19732
4642 17791
15005 44922
25105 45742
5855 45112
47892 23759
52820 6281
6713 35024
6764 38014
20536 23045
59921 53957
19612 58803
8987 846
25083 8976
50690 33959
53305 18443
49359 24446
8726 51040
42047 31779
44377 27001
9363 22303
4484 10685
34768 6713
36916 14279
556 10129
39998 32990
42600 14491
10756 54499
28843 12349
23016 52109
47346 36613
13963 40202
41162 45198
49039 54488
9921 34450
26982 55449
40376 34872
44995 46698
28993 36118
56359 46024
14238 49566
5682 52598
6585 7469
9176 27352
49313 30179
8072 5007
38639 7640
47842 53664
25168 8601
59234 1139
28141 31426
20612 22821
51845 60197
9164 45289
16239 23762
18152 9111
42246 58694
5522 28963
61374 39168
36268 58122
39388 50043
39323 22417
58799 11286
39820 46524
18673 19968
51051 1885
45252 48789
1758 53384
55568 7773
55514 14573
43150 8436
19769 56153
13465 45498
33932 9330
39776 45092
61831 14849
60478 20148
49011 8215
25674 58900
19369 8534
42348 5152
3577 27841
60972 45274
52022 50006
15686 61530
32433 7322
25290 5095
7389 1233
15800 50771
32741 31737
41818 49633
38924 58253
4654 2787
34622 12869
791 7066
23665 2150
20741 51974
8650 43240
25352 33652
56415 38875
54983 3885
37250 30742
27582 7794
23948 16582
35807 2837
44758 4342
11323 19769
60728 58285
30869 674
50487 49451
4784 6325
1094 51274
38494 8113
4426 39440
904 13462
17183 38510
14139 13109
2611 12110
3963 43949
51727 23039
26082 1918
57781 5950
18776 9540
41195 55435
46703 48903
32837 18179
50274 37995
58465 22796
61454 23082
45994 10523
26364 56043
57341 32810
41979 51171
60212 47747
35236 40171
40374 15849
10007 33090
18185 37371
5479 4479
20311 6495
58083 53713
33509 37889
13317 50020
52958 917
10183 34658
35153 14222
21414 46912
25607 12554
38433 18472
41570 11258
50019 49416
54692 35202
60425 284
44634 47537
42150 6468
4333 14026
20328 33043
45789 55791
28672 46384
47839 31111
55475 24017
15640 45753
3795 38626
16023 12133
59104 28814
28475 44141
7602 7034
29713 11853
40128 54706
39901 23254
3607 24879
59102 27794
43653 14043
48608 33702
43127 14913
48540 26712
11512 7396
7828 49900
831 20597
46393 8102
8993 30534
45974 7230
744 34061
10737 8908
32533 32494
22722 49957
34276 61124
33897 46186
51314 18893
53904 61865
47237 47326
16991 2662
10943 5391
24371 21504
8319 32356
49138 7584
51192 25218
17614 18587
48034 29947
7737 39348
50557 48246
1924 20448
21956 58921
61494 55122
28137 29096
17825 14803
34332 36302
4186 26692
17233 19045
46683 56058
37792 28047
41126 12373
5051 56150
32516 58710
29832 55120
33475 52589
23602 31174
3634 44508
32743 24081
56320 11751
37152 838
10937 44182
24097 61899
10310 59180
16720 6893
61343 25977
6744 28709
37612 34254
44180 43159
47369 44337
7559 5571
14969 7814
48548 9396
33347 25875
60501 26256
2887 45550
56276 38703
56553 6667
806 58460
16027 11058
3014 4241
30918 23837
23854 13048
60474 22193
9836 13125
11729 59174
56197 55315
2318 26496
36233 8046
52633 15262
46795 54927
61988 27834
42973 47527
27484 32710
14714 18253
21090 50124
58952 46760
27280 50199
47205 38137
20968 38906
17778 17890
54133 57263
5105 51741
37457 52494
24433 42195
7826 26230
32902 23338
44128 31184
3452 43692
11754 57476
14627 61398
52714 31755
33802 33517
3010 18278
26276 9659
4518 50332
30481 29795
56757 7081
18502 8008
50694 60061
55368 32070
20362 32590
57407 15128
5662 41181
36248 8822
29934 1948
523 59574
24178 48353
13152 3464
19110 54416
36950 4472
51414 32646
19918 44441
48469 1754
40811 11738
15898 25077
30404 39623
24136 44513
38778 21428
32333 10010
50634 19842
50849 40762
12808 59114
48003 6314
35820 49819
49839 5015
52165 43325
16065 49258
9868 59843
418 50304
26873 32257
1567 58145
60096 30542
35491 59300
22704 19239
41678 43391
55023 32631
45447 32130
57569 33083
57101 17149
96 57747
49738 60418
57667 53051
24660 56340
55641 35425
48371 35824
57816 1159
61751 50068
6813 2071
13448 28208
34722 7808
15609 25142
59394 29499
32246 20615
3926 55894
9331 61090
46639 29004
18339 30125
6097 2359
2878 2154
15170 11592
55411 36482
34063 61146
27071 56385
45931 51078
24412 19861
30046 46273
49015 10758
5565 32210
38062 28226
6264 8814
33124 20478
8750 46906
41761 25499
53738 31946
25845 50071
4905 7169
61050 37281
37213 44239
58768 61536
28508 43259
43414 36293
8567 44917
15518 35350
19116 37501
17105 30791
55766 31190
20645 36848
52483 55991
58846 10244
45923 59064
54520 3653
48193 25650
21382 17262
20845 32421
29672 58086
17823 24760
15310 58800
4895 44335
13285 23119
8921 50232
51114 18641
50473 21004
38320 58490
7142 1845
10185 38697
6925 2957
10773 8402
29463 54850
30544 24014
20581 22864
26642 53055
7913 48632
35123 38271
23481 1763
50485 50148
13608 40971
59683 22365
20206 24942
30366 6380
17368 28060
55869 22620
7859 23421
5926 26997
10330 23021
52927 3700
44962 43336
19938 16006
54159 16228
46184 60390
45671 42473
39539 20454
2644 38833
59989 5567
54784 45089
56137 4293
21483 19983
9721 58884
5978 22125
46607 11127
16268 1292
23314 57487
25969 21373
33651 59784
3209 30207
44380 43108
19585 56582
17051 27688
53746 37228
11395 33736
2037 27602
60851 17474
56008 1338
29636 45611
36435 30783
49027 38535
36053 1458
16375 20744
6208 24756
30281 37379
60961 25579
60690 21131
52024 37522
9162 6405
7960 52975
784 32006
4042 6558
54420 45277
51181 44245
14568 13495
56941 22018
12985 32554
53981 32950
58900 53180
24396 50129
44977 43738
41308 22253
42251 10921
5508 40294
38164 19630
38412 23812
16963 28574
53265 13223
4915 32569
1429 41645
4226 55531
12960 51587
42336 4937
29061 55076
53039 55728
8441 35117
6028 14030
59926 18833
61453 17378
53012 3116
21729 19486
58964 37587
2799 26348
30212 52731
3319 14804
11010 40932
37611 48686
28388 6027
53850 47036
47477 55325
25887 37893
32515 6209
1933 38789
57290 22076
44776 17916
27962 4409
11326 37122
23197 52507
14072 34804
12266 60106
18022 27991
18341 13746
29230 60073
9741 52144
2271 5025
57662 42700
40579 53985
40435 59842
16108 33073
42421 52700
60259 19655
32696 28372
27001 43481
36090 35387
31394 20536
3997 13113
5749 27153
18336 26366
25102 16467
59818 40958
61545 33776
58653 29703
42117 57483
52246 50033
34460 35886
16329 11836
41338 1220
52571 41147
35630 46094
52092 33832
1280 56539
25068 12226
51244 60457
59149 32716
23535 13957
31437 43307
35686 53996
51213 48642
31764 30625
22547 17560
57535 41808
32925 34913
21077 53015
25453 40267
17724 55888
11785 50405
1709 28425
20898 37102
39133 47620
14354 41076
1921 3925
53130 34228
51023 13150
18412 23874
3840 30310
52996 9683
30913 15754
34697 9862
23425 48919
50256 44913
38273 50170
15255 19679
10462 55321
6563 28534
16244 26887
43049 20884
15805 56374
17468 54409
34976 4223
53497 41546
51855 13341
48304 55442
3665 27030
50073 17494
14380 53983
61093 18812
55477 57617
52258 10525
58276 16807
23253 45014
61005 39403
55393 15476
11385 26599
11541 58149
15503 57710
38832 9828
20841 12578
59798 1816
48373 16095
45720 52236
23514 54214
38769 20352
1849 30420
46102 31811
45912 36689
23048 28583
37202 27658
36937 42397
9313 2426
36904 13238
59656 10444
59387 17873
53111 8942
32259 1910
35529 16935
20255 51752
11506 52661
32142 18205
2488 43167
5916 36092
59689 11534
15246 42225
39431 55871
14340 57403
1307 47349
58090 31841
31326 51265
57355 1305
58004 3626
40248 56334
13204 5501
52852 61710
8552 39427
22332 19529
46986 4167
11631 26674
52588 23819
55332 44019
21207 43086
3904 5919
1437 26011
9681 55038
38445 47464
46183 55231
9284 9212
50749 15470
7270 7336
57143 58993
34492 48135
56405 32785
23914 7907
4754 34208
24484 43531
46173 54329
59591 38039
25926 50798
38406 58334
6622 16503
22057 32536
58330 5915
21143 15603
8943 60956
59132 8014
60263 50672
28631 52868
51895 20540
41895 59505
31930 54548
42545 38295
20794 48316
11417 25556
58132 52812
36830 49046
45454 48757
40221 15463
51577 27714
23385 57796
14631 9456
43617 7001
38598 11479
53377 14032
11492 17993
24798 28802
20108 26764
48104 16667
45122 56552
19302 38633
58405 3666
11647 32137
47765 61357
118 24557
46007 45851
37542 7404
25664 59118
55756 35766
50518 27773
37191 61501
59195 44744
11933 16145
59725 18202
20855 51399
53006 9497
40068 23790
14477 31145
41920 46903
37064 61586
6823 53830
32518 20197
9218 1382
21704 42297
48847 39703
5100 2282
61684 55147
22729 48461
20940 43400
11003 52360
41694 3584
5815 45265
58793 51695
46463 44014
43911 15708
57630 16580
58429 36224
22004 25212
29271 20269
747 41875
61511 45916
13742 23781
61409 53232
45428 57957
4443 7999
22970 35056
16821 15492
51579 56207
7081 28994
47214 25459
84 516
3156 25755
25293 16747
28720 19720
48011 56659
27503 53917
57761 49589
27134 15432
32315 19492
24820 13788
23019 59145
35785 10501
24599 28761
6648 41377
54317 20787
31424 56590
51691 50250
37884 42234
42662 26627
49693 51729
45034 2221
14784 17960
61903 5250
29576 53950
4831 51083
52377 32224
55428 30874
2190 48297
19328 27064
1316 55127
20888 21806
17114 47015
6864 27681
59686 53756
22401 6580
11149 54028
24607 60035
10546 45776
47972 17103
4916 33184
35852 4350
57416 23060
22148 27583
38931 39461
40216 47791
31637 53309
46171 35896
2032 48352
28268 21416
42837 29705
10814 45562
39802 60685
28456 49937
10296 3415
3510 42034
6637 42048
21699 12042
13471 41298
12451 29059
26823 51841
60960 42016
36315 8919
47320 202
47840 26258
35398 56793
17385 41177
43293 20025
18450 20561
19491 37737
15568 5390
6286 7264
3253 10344
25750 16359
37472 61087
36023 46765
55041 50306
32175 54436
10066 42545
3573 50015
23648 8526
251 55507
28024 38930
5743 44942
19304 26891
53995 51947
43387 20933
40966 29589
39336 31351
31479 59353
13086 8750
6357 17084
1687 11370
57472 45054
11196 38865
41825 54184
19125 21469
5370 52398
60999 18468
55298 13020
7570 58437
20209 27165
51438 24092
26049 11921
30864 25789
32054 24729
43322 54702
56903 37382
5973 14712
42066 1359
35660 1506
25397 36604
12117 42409
24316 40109
24999 61207
24210 14989
12228 5832
57735 30306
2925 12994
17256 17157
59271 45958
30479 55826
17263 11060
14828 3263
54859 26283
17601 40502
36979 28109
4040 57104
9905 17050
49299 9782
45644 5837
43744 24113
6338 11150
57962 59007
43788 7691
22531 926
52965 47094
35485 34462
27132 28519
49576 50683
38649 29735
14911 54216
36281 44146
56793 32385
55103 7767
25370 56475
53636 56508
60744 13314
27436 12488
35096 53308
45028 51258
31119 17446
57527 18872
15444 56750
31213 32386
19586 25040
5175 8533
25874 28267
55964 56121
46813 13541
2276 39328
32906 14128
37436 54008
33871 18545
52459 47626
37453 44381
44403 12411
40651 27416
9664 11821
7883 26774
49624 59890
29429 9565
11330 1886
10956 19019
13887 17158
52984 15433
12631 40481
8270 29556
2797 16274
27747 57465
5136 38202
60361 44845
28534 57533
13233 30027
53908 5619
59701 677
9692 30729
61905 8730
38998 21185
16901 45418
20956 57470
47652 56729
58998 13908
4392 46750
5704 25133
25435 46430
36462 27741
26042 48242
36180 39138
21374 16793
56140 4788
18102 6245
34059 36504
30026 3851
811 3416
51548 21815
45903 15391
40833 30864
58249 23220
34247 39740
51229 43961
27499 52577
7375 39206
61208 46503
9807 49037
9713 53075
37133 61382
57486 352
38187 16624
49702 33066
58672 40610
6923 24966
36877 19826
51089 25867
6619 43992
51495 24308
18750 8667
58371 36672
22536 2696
26929 38043
17311 57376
25104 17059
42913 11133
31824 33014
37489 32299
39909 22229
31002 30677
58621 8646
11286 5876
18050 20796
26410 46548
9428 34762
40518 28373
39889 9293
44618 17066
45460 58988
26328 58344
2542 2895
61531 8381
21725 32717
45254 54710
15570 18416
3231 49010
48874 23632
31144 28187
17602 18542
24409 17251
1326 40170
22143 54368
53569 49910
52013 17286
19862 59329
20379 20514
18373 28559
58919 10813
32219 20680
56246 48292
45626 32197
58172 50049
6437 9914
14940 36417
8808 55905
19693 43085
48741 41724
59851 58503
50727 28836
54122 3488
21029 12382
17657 61180
47763 61913
27314 15065
58257 12003
42308 2351
5852 30819
12317 17055
28949 10719
13854 46266
54000 30615
26685 28602
48559 7604
31750 32435
49775 2674
33850 28936
61770 23365
53807 46467
3684 36757
33769 31799
51872 30000
57348 32309
4301 7373
20390 55433
46503 47171
33214 9703
26437 8104
8890 22912
51152 6133
55791 13352
34360 18620
37269 11840
59898 57625
11387 11030
12633 49148
54587 61463
13155 53909
54853 17878
58283 36913
16351 43460
2168 38383
29914 13920
3314 38244
23618 271
46179 34473
13049 50257
17956 37408
58828 11834
53970 27291
30424 5036
33104 16133
26015 59267
41643 32645
8119 44362
44642 6181
2003 21539
59378 1702
24410 18631
32034 44651
38932 44607
29236 7995
11639 25833
58814 24482
38462 38689
59992 6952
22922 57841
22561 21204
10717 10078
54897 1893
16952 5313
60672 30162
54452 54441
45145 46381
60398 43224
18683 31448
1799 29757
59610 41180
3254 17651
10677 38942
55957 43124
37504 381
51107 21590
14046 61460
56172 43003
14507 40788
42427 29695
14753 21294
44414 47943
13549 48125
17635 52235
42703 37301
26838 8476
33639 13853
1315 3191
51138 52531
50304 42182
44709 18544
584 21180
31071 52308
61678 3640
56221 48746
11351 4635
39397 35859
52486 39472
555 24995
14665 6066
16541 26140
39869 16723
52763 11667
20019 15734
46711 50521
46490 26144
42123 5846
18048 1345
27775 55860
24673 13647
55810 10679
22854 25461
58080 51085
59608 26372
14301 18674
30586 42413
19802 49320
44381 42865
34121 59996
54023 7904
40869 19566
26028 32169
38305 52501
6706 28336
482 48228
33523 52846
43409 20323
55266 44890
55010 39552
24526 8605
36796 23531
42425 43616
38914 6299
39915 54530
18526 24082
19561 58510
44854 13099
60979 32088
31572 29193
4184 25434
22039 31224
18120 17596
41983 36901
21309 39344
18146 27727
17115 5913
43000 49578
46603 27692
42695 53150
19582 24133
12345 40231
9826 12214
33902 28450
50167 41333
15749 27920
3721 6092
52785 2651
52584 33643
53087 22397
39324 30378
26483 44332
43289 14696
61606 42442
44615 44974
9171 46769
60828 10163
1669 32462
42953 34556
60023 41259
19373 42417
17002 34386
27432 5504
26516 19052
25446 30686
48283 28663
2315 5190
38210 56212
46405 31301
37490 59785
61741 9740
12447 8375
22490 59548
47616 19688
56775 60173
14573 16296
44979 58002
35038 28032
41833 19365
51440 37260
31178 3128
44032 36110
23495 5016
61075 2956
19674 33648
55406 7054
60368 33467
55093 27848
43098 27068
36586 6193
11871 30452
19254 43310
6397 47207
30854 37256
8385 53270
48557 16606
56237 23296
47526 16703
52976 38376
36637 5359
49999 50375
11998 32994
44546 1067
21997 7467
42890 48531
5853 43358
14566 30336
61901 11768
14637 51523
48773 11942
20126 55241
27557 25753
51649 2967
21714 5459
24359 27280
17077 46163
38376 19507
19271 20575
30394 38484
55786 47455
7719 57891
30838 49634
3518 43927
41576 29488
38246 40883
38032 58450
61400 17372
4668 22370
60526 53085
12750 12268
32800 13833
7853 12130
44611 5127
25014 48958
34724 39588
58398 16995
27074 44133
3544 58082
55984 28430
9882 35021
9003 1175
13127 384
22458 25883
26817 7647
37317 872
29988 57600
9387 42979
20735 31269
46903 30158
11820 61751
51049 26549
5297 43105
31955 48775
21800 39446
41356 47574
11589 31898
57629 19845
41583 40534
3802 53290
309 40419
59152 23641
17926 45264
13723 44159
49886 45240
50695 44244
11050 25887
37768 52733
50102 19835
10384 5744
32085 8198
51460 60332
50042 910
51102 12505
5770 7335
8481 53476
57611 1042
28424 45616
41517 58620
28142 1758
56280 13713
28117 31531
31287 42509
25122 58392
306 42582
2473 15846
34982 28560
13069 55188
47885 41030
24452 51775
923 35297
21117 12512
49601 5643
54607 19721
34802 50445
12490 30372
1175 9711
44352 61359
271 27649
41071 1430
48078 7633
16307 10886
14829 9990
45451 48417
22568 46046
20454 57607
8450 57928
6732 30900
25137 1287
32987 29460
38580 38354
20062 15901
10946 13195
4279 19323
53992 37319
58197 54359
19543 54647
19060 25673
29880 3338
47700 21880
34098 517
39084 6729
34349 41315
22141 58656
28421 46734
45009 58373
8769 27243
22462 55615
32125 32487
23544 48306
49160 37924
12349 39049
10806 47912
53216 36327
56012 19057
1254 56710
14970 60445
14702 26194
47656 31858
8599 33644
13841 56928
48109 47489
56678 58659
38647 44478
33072 53523
11075 31976
57258 15199
24025 46812
46604 59945
58654 34624
51913 1247
2449 27657
24589 37776
41965 20700
16764 36259
50545 4163
35045 17554
40838 42488
3185 27338
57212 31021
3144 7664
43383 32427
7086 40810
42833 42349
54796 22726
1294 29382
3162 45713
45204 28589
7589 1364
56303 59181
29119 18876
24921 47593
60211 12597
35867 30753
16564 57555
31091 28713
45998 15212
10036 33269
13468 14399
45561 38513
44941 57305
41309 58999
610 39460
19734 55212
27583 60209
43363 43055
6618 30702
43417 8596
34099 19228
17694 47383
40816 46622
39691 25584
56933 27320
8990 54597
27449 44113
54438 42763
6876 48142
33528 23610
47106 52165
40482 30955
7716 52413
18528 55348
7472 10619
51431 40754
6965 13580
32620 18512
13019 45266
59903 49104
13091 5649
50985 43717
17236 31647
54494 8461
34285 11357
13217 13074
23457 61358
46101 39699
26854 32256
19357 6613
10511 52002
2583 27262
35923 32357
32530 19901
13612 15383
45103 13726
31501 36493
21667 3084
15369 1189
180 23514
836 17093
44017 23400
5833 44364
7238 60144
54738 11451
37628 54261
43846 32996
32382 2096
9775 52876
5904 4173
51088 22134
33536 28222
4919 7470
58166 40473
47421 14857
6639 7910
16771 36831
42228 14687
15150 31875
57018 60682
19401 22304
17310 51439
60183 23282
3283 50422
6542 3059
59579 50469
11450 36506
2586 17531
19043 9908
23608 58839
52534 58220
44353 39603
20494 43876
27919 6826
48401 46295
7596 3305
6226 28694
55788 52363
49690 29959
3008 55155
61437 49530
9070 7270
43474 6940
42415 51227
58802 40015
21540 39955
23431 51260
28687 6677
40751 53977
17584 36863
48043 2751
6092 33247
24421 6909
53410 10948
22461 41283
11985 7738
7461 13461
59884 23701
26231 10292
29920 47734
17815 19145
54769 46411
25279 56291
45214 61968
55750 33155
