655 274
115 719
26 960
760 700
282 664
251 74
229 624
143 651
755 176
105 547
693 747
759 251
914 168
559 474
90 389
605 277
433 948
33 656
31 705
96 571
224 225
239 702
518 333
617 864
28 787
575 795
204 58
734 235
666 842
719 33
986 825
430 324
226 411
460 275
604 68
285 217
829 936
891 581
7 898
778 736
826 323
164 218
715 672
983 512
349 406
964 906
160 937
221 659
782 470
345 147
990 272
95 143
390 253
100 763
368 575
868 552
353 270
619 765
271 599
827 439
45 920
748 598
471 409
550 371
128 979
388 142
81 522
566 506
301 94
850 774
644 49
634 882
907 113
883 157
371 643
592 164
197 812
722 697
72 433
47 611
678 66
234 395
792 391
297 939
82 480
876 542
978 258
888 567
104 928
947 12
954 922
465 739
651 118
855 699
374 550
167 769
380 999
364 788
215 657
687 349
